100 20
80 50 36 71 74 8 29 99 66 96 38 63 79 38 74 48 75 77 73 98 31 50 65 82 98 50 47 63 82 1 44 66 4 21 88 49 67 97 80 66 36 50 58 44 93 2 69 47 17 48 39 43 45 24 35 77 45 76 42 38 83 29 26 27 94 50 6 27 47 29 18 68 17 35 92 4 51 92 14 73 40 47 94 70 84 36 42 16 67 55 28 25 17 29 58 73 80 79 38 69 
75 45 32 31 87 94 74 64 96 34 74 80 67 54 83 48 71 57 85 14 39 99 38 51 96 34 25 6 15 55 90 31 51 41 88 40 91 98 25 48 97 10 2 10 47 69 60 73 80 33 25 15 43 60 48 86 29 59 50 61 25 27 70 72 53 96 3 64 18 78 45 27 46 9 41 47 33 85 22 50 85 19 54 42 63 72 82 54 29 7 68 86 84 24 41 53 19 12 38 27 
75 9 44 65 9 42 41 60 89 23 12 63 2 12 30 55 86 16 34 25 61 12 48 91 37 64 3 18 39 41 47 33 26 35 75 50 4 83 40 82 52 83 73 66 36 14 6 78 29 53 82 53 30 97 86 3 83 79 51 36 95 87 87 74 57 83 93 76 56 25 80 51 4 77 87 79 48 41 99 30 94 62 73 84 24 57 44 48 12 28 56 73 47 81 75 79 52 52 8 67 
92 66 1 50 7 56 57 41 58 21 6 35 37 49 29 82 15 74 40 75 45 72 80 44 54 51 9 50 33 48 99 78 37 20 34 34 72 42 94 32 96 96 59 96 6 67 94 48 35 39 49 2 47 81 48 62 26 53 87 12 77 87 25 9 13 90 78 80 51 33 15 16 8 45 48 59 91 11 28 6 96 59 40 94 93 61 94 98 31 20 22 27 22 67 65 9 38 57 77 94 
40 72 28 99 69 27 99 6 27 54 76 94 85 55 52 25 49 63 82 71 17 13 51 95 53 8 47 13 60 92 25 62 38 21 76 76 63 19 1 47 51 61 74 98 27 38 13 51 93 18 49 92 2 25 93 47 18 3 10 45 91 83 77 88 27 56 65 23 50 40 99 4 77 45 29 67 83 49 98 97 74 61 15 96 50 93 15 52 77 26 36 7 58 79 87 26 97 83 11 67 
71 3 91 12 53 16 4 82 73 7 74 20 82 82 94 66 72 9 68 53 23 65 57 41 37 81 23 63 95 80 71 72 91 28 96 81 80 73 25 10 20 89 56 24 14 24 13 84 60 36 75 88 89 45 36 12 13 72 35 56 61 83 7 89 34 34 25 91 38 16 43 96 37 92 42 40 88 53 71 97 93 49 91 32 38 41 24 38 34 40 87 80 69 54 45 45 46 32 48 78 
38 79 94 94 81 21 8 27 35 30 69 63 56 53 85 97 4 59 28 54 65 57 49 8 68 19 9 3 3 91 82 73 40 24 90 59 50 79 9 28 21 56 91 89 77 7 88 18 1 57 67 71 46 24 25 5 60 36 14 96 4 48 57 62 67 64 66 73 90 56 64 79 80 78 98 23 33 92 64 59 46 79 22 78 46 63 16 19 1 29 90 90 38 41 14 89 68 58 93 21 
9 96 19 17 60 82 71 36 4 10 86 76 9 24 37 66 71 83 19 94 12 57 47 6 64 14 49 91 72 16 57 85 82 17 7 58 37 50 22 6 70 28 17 53 99 31 86 37 20 6 99 8 97 52 95 20 65 26 72 24 14 25 87 65 88 87 45 72 77 83 94 55 15 8 23 94 62 78 47 41 16 25 10 4 87 84 69 45 9 96 1 80 18 95 81 61 56 4 89 78 
41 43 58 17 45 90 29 36 9 64 35 63 43 80 49 77 96 24 64 61 25 16 66 69 62 86 5 98 87 40 55 51 93 24 93 13 56 98 63 11 3 6 44 93 80 37 18 89 27 3 44 82 38 3 22 78 34 90 62 72 33 47 54 21 16 44 39 8 95 19 71 14 89 39 94 84 83 72 5 2 3 54 24 49 80 60 64 84 26 70 99 3 95 40 35 11 58 68 71 93 
27 97 79 93 44 78 7 29 12 31 56 47 83 64 36 25 8 34 69 54 73 80 44 89 50 79 53 85 39 79 36 47 8 50 27 69 40 24 96 80 78 38 94 90 67 81 94 29 96 39 39 93 46 30 81 90 28 59 30 80 32 55 91 21 70 14 16 10 17 47 41 32 56 23 32 99 23 9 30 96 49 17 93 24 6 47 42 42 46 31 99 16 53 77 41 56 77 13 32 66 
76 57 94 16 81 21 72 52 14 68 76 42 60 98 20 68 86 33 3 93 58 31 34 81 55 13 45 11 92 73 17 1 42 6 87 22 46 18 83 23 38 52 28 43 63 99 65 36 94 28 78 81 53 90 7 14 28 51 65 32 90 2 64 23 18 77 29 78 12 82 13 16 11 2 24 94 19 24 37 37 15 57 19 43 78 53 38 17 3 18 95 75 20 38 31 76 12 94 51 32 
54 2 46 93 77 11 55 39 9 11 23 83 4 41 76 33 12 44 85 93 70 65 56 69 2 40 22 55 2 95 42 30 38 35 89 47 41 40 52 38 1 59 18 92 54 3 75 64 88 37 5 59 26 80 70 27 23 91 19 61 61 68 67 86 44 39 1 57 86 55 64 48 13 90 59 52 47 26 32 66 10 53 73 94 9 60 10 37 36 30 95 81 59 32 9 3 15 18 45 52 
72 52 8 74 47 6 77 90 72 94 73 77 7 22 71 21 81 20 57 17 77 18 91 47 81 14 84 42 68 43 63 56 57 42 36 30 88 24 65 63 91 43 38 83 50 65 29 12 73 35 74 33 65 46 36 66 91 10 75 34 48 23 19 25 35 38 27 69 16 31 63 6 95 67 64 49 83 77 7 58 66 20 75 9 72 50 35 56 43 94 97 11 1 12 89 1 21 68 22 45 
4 47 28 16 27 70 87 26 54 1 89 88 8 6 90 27 86 97 90 32 6 84 84 13 48 10 98 33 99 96 42 61 97 93 43 12 74 15 96 86 98 87 8 23 23 93 35 32 23 14 35 50 46 71 5 75 51 76 27 15 54 68 11 27 71 62 41 67 64 89 16 30 79 42 94 92 98 20 40 60 78 69 62 9 91 30 61 27 78 78 74 64 83 71 16 71 1 88 22 44 
10 59 35 15 73 81 32 63 57 9 5 65 21 40 26 54 5 21 6 16 42 61 8 12 84 51 71 91 13 82 31 19 65 66 28 83 49 53 39 23 59 48 88 43 4 36 66 35 14 93 54 91 70 11 34 30 17 12 17 9 82 68 52 46 95 26 56 41 10 15 22 88 16 74 43 1 64 70 32 24 82 11 36 60 94 68 59 83 40 99 80 59 89 58 72 62 70 21 16 98 
90 31 60 27 38 86 83 38 5 11 18 85 40 75 18 51 79 74 24 88 39 18 52 15 10 27 91 4 51 28 95 81 86 44 78 19 91 92 6 25 94 73 88 42 67 68 81 37 17 31 71 1 82 81 71 32 28 3 20 42 37 30 67 42 3 48 74 37 25 81 6 22 6 92 20 73 37 72 68 45 1 36 86 60 58 13 84 6 46 45 49 27 69 79 27 20 94 59 29 25 
7 78 66 6 99 49 14 78 30 37 95 6 51 29 51 87 51 33 37 75 23 36 98 40 33 82 41 38 92 36 94 83 19 53 86 17 14 48 8 70 25 64 80 39 18 43 31 50 45 87 54 31 13 41 85 76 51 45 67 22 82 17 18 6 90 12 3 43 87 94 2 93 85 11 74 27 64 51 36 97 38 22 20 8 27 14 48 78 24 72 4 19 65 63 91 96 97 43 17 99 
98 65 84 8 40 75 29 11 87 37 85 81 59 77 40 53 51 99 86 15 83 34 61 44 47 72 89 60 40 19 31 63 20 31 24 78 38 62 25 99 93 10 56 36 69 52 49 50 77 1 84 8 8 35 41 18 63 54 38 78 12 15 75 16 24 78 81 37 21 52 56 64 17 38 11 84 60 68 20 90 81 57 55 26 34 39 38 30 40 16 76 76 33 99 14 25 98 55 69 58 
66 22 95 42 59 48 83 55 94 13 10 21 30 48 42 65 24 78 59 67 55 39 70 75 42 97 30 29 56 70 60 76 49 41 68 91 65 82 67 98 62 69 89 81 30 4 11 13 10 30 68 63 12 53 75 27 35 60 46 39 86 37 9 90 96 86 28 52 43 51 22 89 65 26 81 84 85 81 90 50 26 80 42 55 31 1 56 38 80 46 5 26 12 73 22 57 41 5 30 94 
49 40 56 51 32 64 63 79 2 15 6 90 14 41 43 55 30 56 88 6 12 37 97 30 10 8 65 68 61 44 21 1 83 58 17 48 65 98 28 59 65 42 43 9 99 83 56 91 41 37 64 11 9 24 60 79 65 69 23 8 8 93 17 2 62 9 80 51 81 10 24 29 29 69 19 84 85 34 96 32 31 14 40 50 47 77 74 72 5 47 66 82 61 91 14 9 55 20 41 15 
