100 60
72 8 18 36 34 40 68 30 70 68 56 82 8 2 99 22 62 13 72 49 75 71 40 80 43 68 87 70 48 54 52 45 90 67 56 36 20 64 33 10 65 51 66 96 67 19 12 28 11 69 37 60 51 48 49 12 52 78 24 90 13 87 40 29 1 43 11 11 79 80 12 8 46 36 17 3 58 77 26 31 64 37 95 4 40 39 73 43 13 35 29 11 98 32 81 43 31 26 35 77 
84 31 95 19 22 98 14 67 56 29 5 31 69 55 62 68 3 26 69 33 20 62 58 27 60 12 62 57 94 6 78 94 81 16 20 26 26 11 68 13 31 9 41 47 61 39 35 9 89 96 91 21 62 95 49 4 50 28 99 35 6 20 46 3 20 87 57 65 79 92 25 5 22 1 21 80 89 34 51 92 90 32 12 34 52 3 50 43 77 84 15 69 1 96 16 20 45 1 78 22 
84 13 19 80 65 98 31 11 53 49 63 16 36 47 15 56 20 54 41 60 8 86 40 4 83 95 26 86 90 54 16 22 15 34 11 11 64 86 72 26 52 26 10 94 78 12 57 75 9 24 57 44 56 54 40 73 63 75 8 14 85 34 12 72 68 24 37 99 30 68 82 66 44 6 40 46 20 65 81 96 82 54 32 41 57 33 59 49 47 99 49 19 15 72 88 55 68 66 48 57 
13 88 50 26 98 49 50 44 29 28 19 54 92 22 50 90 63 2 24 10 4 16 14 7 75 3 94 12 42 88 46 1 78 1 61 4 71 71 52 6 34 43 57 58 6 75 43 82 59 53 17 75 10 87 27 17 19 29 74 77 2 68 16 23 33 47 69 18 51 59 23 39 69 61 39 74 77 76 63 33 51 1 25 51 54 11 52 97 49 70 68 80 4 33 8 53 90 53 14 20 
63 23 30 70 78 83 61 61 3 68 26 58 6 14 63 29 79 21 51 70 69 92 36 44 6 59 65 11 37 15 19 55 55 45 38 21 35 60 59 42 58 25 44 71 48 90 11 17 1 25 66 67 17 48 36 28 30 57 96 47 40 61 6 52 48 14 34 79 77 40 97 3 17 72 85 68 42 76 96 24 55 90 66 50 8 46 97 92 39 11 97 93 5 8 2 20 6 57 11 99 
26 57 28 44 69 37 88 90 8 28 70 29 22 63 55 90 7 13 13 75 22 42 60 6 55 69 17 79 73 17 61 35 78 71 85 98 67 41 53 45 86 7 57 54 87 85 72 65 82 77 14 33 3 33 92 87 55 98 73 85 75 80 28 70 85 98 93 26 52 42 30 35 40 23 71 33 71 41 90 66 78 29 44 49 61 18 40 15 46 87 85 79 37 26 48 93 78 84 10 96 
6 7 55 92 13 35 9 4 71 79 70 67 53 93 55 82 92 20 34 84 60 76 3 18 53 35 72 26 65 4 47 27 80 6 6 95 44 64 83 47 49 81 51 17 17 19 1 39 77 81 21 34 51 96 82 81 30 95 19 10 59 97 8 71 17 85 50 29 96 93 53 30 91 82 11 96 68 25 86 97 54 85 93 37 19 3 75 33 52 67 86 96 44 9 78 17 74 70 73 40 
91 67 8 76 55 48 32 39 95 41 11 51 1 55 5 13 51 55 22 82 33 73 22 92 37 14 31 46 68 60 36 31 55 78 5 21 49 27 77 82 38 58 86 84 44 33 53 2 41 16 96 20 48 91 45 46 48 63 32 10 83 66 14 73 70 67 65 36 98 74 95 43 44 43 46 87 68 82 3 18 32 60 99 49 94 10 26 61 24 37 31 11 5 26 31 36 37 46 17 62 
40 18 97 72 48 8 7 62 81 39 22 81 75 76 89 98 41 77 96 96 3 30 7 1 19 80 86 13 22 69 40 41 45 56 37 32 55 55 50 1 85 67 78 63 61 7 83 68 38 37 21 26 28 99 69 41 33 45 62 44 76 66 19 23 34 29 77 53 62 1 26 28 36 84 30 92 73 50 67 73 70 64 60 12 30 23 4 90 96 81 96 68 84 84 76 13 10 3 48 27 
32 24 78 35 13 27 73 16 30 66 56 68 69 81 13 19 6 1 42 58 52 94 13 2 21 34 18 39 76 44 35 95 95 62 78 85 22 93 57 68 20 68 32 8 34 96 70 26 43 25 4 59 19 95 81 16 80 95 30 31 50 23 8 23 12 32 62 51 63 98 84 71 79 72 66 90 59 33 58 25 91 48 22 55 3 26 90 85 19 76 23 93 21 64 58 94 97 65 75 90 
87 6 42 23 50 66 1 11 90 29 6 94 86 61 74 25 39 66 87 76 56 61 77 29 37 60 5 52 50 56 40 82 15 99 46 5 81 81 60 37 18 16 71 8 83 19 7 40 15 88 9 32 8 92 19 37 94 41 58 45 28 75 8 65 64 42 89 7 39 82 51 59 54 6 43 74 54 76 2 48 13 92 30 1 8 65 79 58 9 6 30 33 54 99 74 8 34 95 94 14 
13 90 13 11 10 12 31 55 16 84 32 21 4 69 41 27 78 98 18 19 81 80 63 70 97 7 24 91 64 58 2 36 72 11 56 4 77 42 14 50 4 37 71 94 48 96 7 18 93 41 78 80 5 16 40 19 45 2 39 56 75 17 26 10 64 26 63 91 91 45 26 23 58 48 15 32 86 73 56 68 34 29 10 2 94 99 79 33 4 53 15 98 50 48 16 79 77 36 47 2 
74 23 83 92 11 83 83 68 89 32 70 65 51 75 94 39 93 75 84 63 5 77 68 61 88 38 11 36 1 63 42 1 79 35 89 14 76 42 10 5 84 16 19 10 75 55 24 2 26 62 55 21 51 74 95 7 34 90 14 27 61 8 93 14 49 47 66 89 76 92 42 3 17 14 42 54 70 3 27 34 92 3 30 48 27 41 87 52 38 59 74 82 38 46 26 84 24 64 79 49 
85 9 25 39 41 64 2 64 15 36 95 19 97 77 5 41 63 1 91 58 25 35 36 40 92 83 91 59 29 76 43 46 4 30 62 41 54 2 63 57 37 48 60 34 85 78 22 88 70 12 29 82 47 35 32 66 22 57 5 46 1 66 99 32 50 86 9 99 49 31 16 41 50 63 54 28 32 50 63 63 57 18 43 35 29 11 12 80 46 44 64 35 60 62 23 92 30 97 97 58 
15 3 77 38 55 97 90 30 62 19 53 19 99 67 26 84 51 46 83 48 97 41 86 55 2 1 70 54 90 20 21 80 33 20 60 35 21 27 24 68 55 59 46 59 23 4 37 97 77 97 65 65 25 12 43 17 2 32 2 62 55 36 74 45 27 79 81 29 33 76 7 72 46 79 80 15 74 59 61 57 48 90 16 40 92 27 4 30 17 90 53 95 92 44 47 91 32 79 2 41 
3 28 42 94 1 90 48 86 20 15 55 33 49 5 99 77 72 70 63 71 71 34 79 85 33 39 38 11 53 50 94 65 46 66 75 4 52 23 82 19 38 99 1 53 8 26 6 2 9 88 65 17 34 35 53 19 33 83 46 1 19 26 40 30 67 36 47 63 31 76 9 44 40 2 97 16 13 66 28 23 58 33 56 20 84 76 93 77 5 88 6 88 43 89 27 73 40 27 57 87 
65 83 62 76 31 49 34 95 61 14 38 50 58 73 55 85 91 56 95 94 18 51 26 48 23 44 4 27 43 44 7 54 4 20 63 24 47 25 88 34 66 33 9 18 31 70 97 73 24 42 5 98 72 68 90 18 75 13 52 17 38 14 59 70 1 18 82 77 72 8 27 89 62 37 60 45 7 60 49 95 6 62 84 42 51 90 16 63 59 87 83 49 2 22 49 28 35 19 23 3 
90 50 40 20 54 58 84 29 68 41 40 74 18 60 26 15 92 35 92 45 48 2 86 54 58 65 1 80 71 61 29 67 70 5 29 20 25 55 74 62 51 65 11 91 63 42 12 36 36 97 39 11 53 15 93 74 72 92 73 84 75 10 34 54 25 77 37 9 25 99 15 40 71 22 18 65 12 96 78 83 1 32 64 30 58 53 34 30 21 55 93 62 3 60 54 10 50 75 84 16 
83 77 43 75 69 19 69 62 15 50 39 38 28 90 79 62 53 57 94 76 49 38 46 87 75 80 35 51 69 65 81 48 29 95 6 69 95 71 15 96 32 74 74 83 7 50 98 34 72 84 27 88 50 90 6 3 8 87 70 29 43 79 27 94 66 41 32 90 76 95 75 45 47 98 59 8 8 15 82 33 20 7 21 58 65 9 4 85 23 11 4 65 51 42 11 74 67 49 18 98 
27 20 39 29 80 8 83 40 76 46 94 78 99 14 7 56 12 54 35 5 59 85 83 80 79 9 50 74 6 6 33 16 77 55 34 81 40 31 71 97 56 15 80 49 12 95 21 84 18 83 85 23 24 10 3 61 16 36 46 78 30 61 39 42 54 23 61 16 37 12 55 65 90 71 32 62 2 5 78 96 33 83 61 73 32 54 36 28 39 41 51 27 89 55 57 78 22 99 9 32 
77 32 11 72 42 62 15 80 54 2 33 50 60 88 16 33 97 2 19 88 25 84 39 7 54 81 39 42 85 67 83 46 31 76 69 95 53 37 54 27 90 2 92 65 94 76 63 58 55 55 2 4 35 49 33 83 3 19 97 93 58 6 90 77 71 59 86 52 6 74 74 47 55 21 85 29 73 71 28 35 7 36 16 5 21 91 3 13 37 17 10 95 61 16 60 86 14 58 7 48 
11 98 94 93 24 61 26 85 68 68 77 98 9 79 80 14 60 39 3 26 53 28 1 93 86 25 76 1 81 55 36 8 40 54 44 12 2 21 77 2 99 71 87 12 16 99 51 84 36 32 30 18 11 81 26 30 7 7 35 10 65 68 7 76 58 82 1 33 46 78 40 26 29 57 69 96 9 42 11 44 43 43 19 73 98 6 41 60 15 69 68 1 51 27 94 69 49 76 73 78 
38 57 84 48 83 33 5 24 79 72 82 29 3 70 94 19 6 35 90 98 1 64 65 6 40 31 48 91 97 61 79 3 50 17 92 63 59 76 95 52 50 19 54 89 95 99 68 15 97 35 58 67 65 85 45 71 97 33 28 12 67 63 71 23 99 50 79 60 51 31 85 91 96 94 26 70 8 57 24 20 31 45 73 18 74 79 16 70 86 50 26 1 36 7 87 26 94 30 80 38 
64 14 95 43 58 64 86 80 88 88 85 40 50 14 56 87 28 21 6 44 5 49 90 94 60 5 21 91 86 65 68 65 86 86 72 23 87 9 45 64 39 62 77 80 25 75 49 60 71 80 30 5 45 17 89 22 68 42 2 41 18 34 50 17 38 98 38 35 41 77 90 19 17 53 64 36 38 53 49 2 67 61 80 90 61 17 39 38 79 28 63 50 87 74 51 6 67 13 67 67 
38 93 72 40 90 47 59 59 32 97 31 67 44 8 64 66 55 6 47 43 70 18 10 96 3 1 56 70 5 66 95 83 2 21 73 61 18 94 5 67 14 67 2 34 12 6 7 94 33 92 23 14 22 58 48 20 85 12 4 35 17 71 64 8 31 96 92 41 95 19 68 29 62 75 22 81 93 35 60 61 3 35 5 13 77 10 19 92 13 21 40 2 45 91 10 17 80 35 8 21 
44 98 81 37 62 79 28 7 5 6 73 30 89 25 57 10 65 13 75 61 66 33 38 60 67 92 24 9 40 96 38 81 13 8 68 89 21 99 41 33 69 13 75 58 83 12 43 15 68 46 23 11 66 95 56 68 7 39 4 80 71 99 4 69 43 11 25 39 66 63 25 36 2 69 8 99 82 14 74 25 70 12 86 13 13 68 17 31 99 26 11 68 18 32 36 89 8 86 44 94 
76 7 49 33 83 6 55 29 43 69 46 94 90 91 9 65 7 21 12 23 96 39 93 69 76 44 40 17 47 29 66 62 82 65 97 71 6 85 52 61 73 59 21 78 57 79 48 80 22 42 16 22 9 26 22 29 17 77 60 83 83 87 9 8 68 75 2 40 30 69 18 19 10 88 56 63 14 24 25 54 91 18 14 19 21 47 79 5 85 7 30 69 58 83 99 55 83 45 35 73 
83 23 1 15 61 64 64 17 96 21 34 9 60 89 81 43 51 29 4 89 94 70 36 40 56 21 51 19 47 69 70 82 25 96 68 34 6 75 78 22 67 82 99 50 57 2 3 85 98 31 39 58 93 90 42 77 33 24 36 26 4 10 42 78 88 65 87 97 80 54 5 46 83 89 44 92 20 45 78 15 38 55 8 10 17 29 66 95 74 49 31 22 69 81 24 74 14 82 21 80 
82 28 37 15 79 82 84 18 62 20 86 17 62 23 21 23 40 90 9 34 11 77 44 67 76 19 22 86 60 66 75 37 35 18 99 74 56 45 91 99 91 32 74 84 53 99 31 7 28 40 36 82 11 49 86 93 33 53 33 21 97 46 11 75 5 15 70 31 89 76 12 52 49 3 12 30 72 57 58 8 77 24 79 17 37 40 75 6 13 24 51 72 84 9 46 95 82 74 64 62 
85 96 52 85 24 64 52 42 88 2 50 17 30 20 77 28 24 30 69 24 29 9 24 41 45 44 56 63 67 98 56 73 46 67 44 10 36 24 29 27 60 89 59 48 61 79 84 23 59 65 12 80 10 27 57 92 55 11 6 22 86 88 67 82 96 9 32 98 37 55 26 55 73 5 70 56 44 79 33 83 14 7 90 50 32 76 77 58 85 90 50 52 61 27 36 80 94 92 96 47 
29 68 41 90 45 37 75 82 32 36 81 4 46 50 73 27 81 87 94 86 51 55 97 59 65 42 24 44 19 4 88 45 65 39 56 52 4 72 30 20 58 37 24 55 56 54 51 90 16 16 4 70 21 64 29 31 7 74 18 83 39 37 82 90 93 35 36 51 44 30 77 83 36 38 70 1 69 17 25 97 85 42 80 29 40 93 82 90 91 31 70 4 78 78 51 90 99 5 88 62 
25 71 90 38 89 41 3 25 3 71 87 51 16 89 41 33 67 24 97 86 90 8 36 38 15 86 88 30 74 26 44 28 16 16 57 23 1 77 52 43 18 70 29 55 81 97 72 74 46 12 53 69 5 23 41 66 2 3 6 59 35 92 25 13 62 7 89 70 12 44 14 60 82 89 36 1 54 21 27 7 93 17 99 97 56 64 9 1 2 58 63 61 88 19 30 44 91 84 37 45 
86 97 29 58 15 64 34 74 63 25 3 9 50 91 11 57 24 79 34 33 91 31 74 95 55 55 89 82 40 53 30 43 27 53 64 66 83 38 16 14 93 80 88 51 90 72 4 77 88 55 26 60 13 52 97 63 32 1 69 77 86 79 33 56 24 47 50 42 28 66 81 2 49 37 26 53 38 30 44 1 74 17 93 64 1 98 57 13 49 41 77 90 80 4 87 55 7 73 39 3 
6 3 50 20 82 23 42 33 19 85 65 37 57 36 19 46 93 23 82 54 29 50 69 93 29 41 85 88 78 86 83 13 37 6 20 47 98 4 15 31 43 23 99 25 98 2 81 62 89 34 97 7 2 20 67 12 30 25 53 68 43 35 17 72 33 15 72 71 75 63 42 27 82 67 20 67 61 60 17 47 73 80 28 98 81 21 80 93 17 94 93 94 28 79 34 16 39 86 74 75 
65 49 89 81 36 68 24 48 90 79 35 90 37 22 60 42 37 46 33 40 90 97 61 8 11 95 11 32 12 16 88 45 84 69 19 11 84 87 28 98 5 3 24 70 64 24 81 57 86 28 16 45 77 29 73 54 14 71 5 19 19 3 49 70 44 57 19 19 54 40 73 31 3 3 9 17 20 30 31 7 86 20 44 33 22 60 27 13 62 18 17 29 39 11 87 10 66 99 36 14 
80 9 52 55 2 56 53 57 14 74 71 66 3 29 87 76 25 46 61 97 17 21 31 57 97 19 24 14 78 87 61 55 67 59 64 11 74 59 60 52 21 12 89 7 42 45 10 57 96 98 5 51 69 30 91 5 83 19 22 15 99 75 92 57 25 45 50 99 23 18 97 3 14 30 2 31 84 73 95 55 94 1 90 62 79 33 76 58 62 62 33 74 55 63 32 77 67 94 45 72 
42 94 90 85 31 50 52 61 58 42 74 60 75 49 50 59 96 52 47 6 26 72 39 49 89 95 36 71 68 9 22 20 26 27 76 37 45 29 15 93 53 84 12 17 57 87 38 26 75 86 90 59 64 19 22 7 56 37 73 42 82 43 5 55 15 21 26 79 87 63 30 27 32 7 22 16 10 62 51 7 41 46 43 30 40 10 29 17 39 73 79 33 26 55 33 8 75 4 29 67 
31 43 70 27 74 68 29 63 40 98 35 6 27 78 30 43 34 82 33 21 14 63 96 92 33 16 62 78 24 25 21 22 46 32 62 47 37 80 36 10 72 79 8 60 20 58 13 94 97 22 16 14 29 5 62 80 99 34 40 71 11 77 33 37 42 8 75 56 1 50 13 95 80 46 54 59 21 8 30 52 58 69 48 33 86 51 50 68 8 10 68 94 97 96 80 68 51 14 66 26 
84 9 44 61 88 65 74 83 7 76 62 98 97 63 31 97 16 76 87 38 94 77 11 30 26 22 26 17 41 34 90 53 94 96 75 92 42 26 44 61 24 55 35 44 48 17 41 66 64 22 93 70 55 43 43 2 9 92 38 88 6 9 11 22 96 32 52 39 86 89 97 2 13 74 10 79 29 30 55 34 86 27 86 91 12 48 26 34 92 66 47 74 56 29 53 38 52 37 57 48 
29 14 83 28 31 89 73 96 36 26 85 86 58 75 96 38 90 39 22 39 18 71 15 35 19 85 81 35 74 60 79 15 73 46 30 26 19 73 19 2 33 56 9 64 66 96 38 27 3 98 36 5 63 66 20 20 15 13 7 5 77 69 21 12 28 86 93 20 8 45 76 37 28 59 43 11 77 84 97 31 26 23 80 37 35 30 73 28 59 21 7 62 58 76 67 68 94 48 1 49 
42 82 9 76 67 56 26 27 2 5 28 65 3 25 53 60 45 46 19 35 51 63 56 91 16 71 38 47 46 91 9 62 87 5 23 72 54 85 66 20 66 28 95 86 73 81 66 21 92 80 61 75 35 73 29 30 39 58 7 31 3 11 58 17 12 17 1 54 74 4 40 63 49 70 98 54 78 19 45 55 21 87 33 46 79 79 25 88 33 97 25 55 70 69 13 66 21 86 73 13 
22 95 96 64 78 13 63 61 22 13 45 99 59 4 88 18 72 69 45 5 69 21 23 60 45 58 40 48 34 24 88 54 72 59 85 40 45 63 27 4 52 44 50 30 58 79 87 52 48 70 21 4 90 1 38 80 85 87 93 89 26 44 59 12 53 32 82 53 12 17 44 5 7 30 13 97 60 16 2 59 65 96 26 68 45 24 55 14 9 37 76 48 7 17 41 46 85 44 32 58 
87 9 48 93 30 51 84 60 79 56 64 97 10 28 25 9 63 40 5 60 23 22 29 60 1 34 90 45 16 53 30 54 74 53 16 14 56 86 30 22 87 62 44 21 30 32 5 90 60 68 10 18 47 46 96 84 38 25 17 48 35 29 21 22 82 30 39 55 41 27 62 17 77 28 23 74 35 32 75 77 27 9 81 38 6 80 86 10 55 5 2 73 62 55 89 13 7 98 40 2 
69 9 8 40 28 56 28 29 90 71 78 17 33 88 81 93 50 4 81 60 61 73 50 35 18 28 93 57 10 72 61 1 68 93 45 70 76 70 94 17 73 76 17 37 61 84 83 85 10 78 39 73 65 54 9 84 54 29 97 71 92 46 6 69 86 82 28 98 46 55 61 72 85 23 15 1 33 1 13 1 34 57 98 98 60 29 48 40 15 22 69 90 37 16 11 50 13 76 67 52 
3 34 27 90 93 70 56 72 98 18 8 19 73 60 19 30 67 69 35 59 57 38 44 48 74 13 8 53 41 23 88 82 95 9 84 23 29 62 62 73 14 48 81 75 33 41 35 43 18 54 72 98 72 73 36 96 9 84 88 63 74 9 48 22 89 30 19 26 73 29 18 89 76 13 11 21 13 47 43 53 90 87 69 71 43 11 84 49 61 43 57 77 23 98 58 96 26 2 94 26 
66 93 80 67 85 76 57 15 65 34 18 48 69 89 79 21 31 12 7 60 14 77 72 27 61 20 11 68 60 90 71 77 92 13 81 49 91 40 97 34 99 11 63 95 26 5 63 69 99 98 84 14 26 24 68 71 44 23 67 24 86 4 3 44 29 96 20 60 48 13 44 4 83 95 40 70 86 83 61 78 80 60 15 19 18 14 11 15 31 93 22 79 95 65 38 70 82 65 25 45 
50 18 41 94 1 65 81 22 49 2 29 4 25 77 31 90 15 84 83 9 41 34 9 49 46 38 38 42 71 92 92 41 41 55 67 5 38 29 8 78 90 45 95 71 53 40 24 44 83 41 87 85 28 44 56 93 1 95 58 59 67 77 64 48 21 81 64 77 71 97 53 3 18 90 10 94 36 83 75 23 59 37 42 35 54 33 27 42 9 54 56 93 10 65 48 65 26 95 91 36 
42 59 78 19 96 6 96 66 32 83 21 16 71 51 11 59 17 58 60 82 54 56 3 76 65 2 17 42 27 64 32 93 23 32 36 70 48 20 81 38 13 71 90 96 53 70 62 87 34 42 79 98 55 63 13 71 60 68 29 7 42 50 96 71 45 74 90 5 79 80 4 22 17 88 45 25 8 8 52 6 80 39 95 53 48 86 85 59 17 57 76 27 93 73 74 71 85 74 44 33 
27 67 25 55 25 10 14 82 41 1 1 85 37 2 91 43 71 43 57 20 34 53 63 93 76 95 5 92 41 94 32 22 96 68 85 96 65 63 30 74 56 78 77 83 96 5 26 55 61 50 87 58 8 74 19 27 3 17 57 89 56 32 43 8 52 19 60 99 79 49 63 77 63 4 6 71 98 1 77 69 76 28 32 42 20 72 19 77 12 55 13 11 29 58 49 54 71 58 52 31 
42 20 76 88 84 59 22 57 92 10 44 47 24 56 80 86 34 28 92 25 30 60 19 92 23 45 35 56 88 87 8 78 25 67 50 67 1 90 80 39 22 45 78 70 79 60 38 57 11 63 26 68 53 30 41 6 2 48 63 55 64 69 17 46 19 66 23 10 68 87 57 29 98 19 4 3 35 34 17 93 95 52 68 92 50 95 14 68 75 45 42 29 12 98 33 72 18 22 15 48 
32 92 4 2 84 94 63 18 33 87 64 81 67 11 33 83 51 33 14 40 99 34 42 68 67 88 32 69 23 45 55 11 35 10 20 6 49 25 58 94 74 50 98 29 60 46 57 48 79 54 11 66 10 77 80 47 13 64 16 90 20 85 72 11 8 18 96 19 84 28 2 4 67 48 56 13 66 62 56 36 65 82 16 81 1 37 42 63 45 45 20 78 90 99 88 87 23 52 30 1 
59 42 41 34 28 93 38 40 79 20 47 67 8 80 6 99 70 89 22 32 98 21 76 70 2 17 32 43 73 93 38 6 96 45 41 45 54 54 84 88 29 93 19 8 15 36 8 26 22 57 33 26 82 46 4 53 55 9 56 23 34 72 68 29 54 96 60 48 98 75 2 43 1 46 19 76 57 94 2 10 26 60 8 12 41 45 70 67 13 17 4 81 36 19 11 84 95 71 86 42 
86 10 77 88 74 22 13 41 8 13 91 61 80 31 79 78 11 94 83 60 80 29 90 46 60 95 89 78 44 24 11 31 79 42 53 44 97 8 14 52 47 42 25 18 25 56 79 61 4 86 64 92 69 26 94 42 45 50 40 93 31 57 57 13 26 89 25 79 67 72 70 22 57 43 3 43 95 79 44 54 9 34 63 7 87 65 99 24 10 67 5 29 76 2 64 80 43 31 35 99 
25 45 34 49 49 99 36 38 82 92 88 20 18 11 97 46 87 12 90 69 28 80 71 93 27 81 79 34 87 18 43 73 78 88 37 14 93 43 38 41 8 38 82 72 32 92 21 18 70 47 74 36 76 17 94 88 10 49 12 97 91 79 1 2 60 89 30 12 30 58 22 69 44 27 6 99 34 46 77 70 72 38 53 45 33 48 28 44 45 9 28 95 49 85 70 95 53 42 21 62 
1 69 38 45 33 79 27 45 23 98 48 7 94 55 46 37 84 25 73 27 29 15 67 42 39 40 35 95 85 10 32 36 82 4 47 23 61 60 78 13 58 49 21 39 94 59 40 89 55 77 62 94 73 69 46 2 8 61 72 61 29 21 20 5 94 42 48 30 37 19 79 76 39 33 81 12 20 35 42 13 12 19 59 40 46 12 16 30 28 51 65 67 27 65 7 67 48 55 75 64 
69 79 40 23 95 41 98 28 1 67 52 77 18 46 97 88 57 3 60 26 12 12 3 99 63 1 27 80 90 56 87 97 70 32 91 53 92 50 7 22 57 16 69 60 86 15 89 13 28 25 54 18 63 22 40 12 14 83 15 42 44 96 43 63 72 66 96 53 74 16 56 12 88 99 22 72 26 6 15 5 73 62 89 22 99 45 32 88 63 84 75 26 20 66 96 16 24 46 31 10 
82 43 15 77 28 14 17 19 24 34 92 55 40 61 73 57 28 59 40 11 54 24 53 57 31 20 84 15 48 6 49 18 4 71 36 44 35 66 38 46 49 30 86 85 58 25 78 58 5 68 11 32 95 60 12 74 37 17 69 85 58 5 64 27 49 64 2 55 88 51 41 52 75 57 31 57 61 51 35 97 82 99 66 18 86 11 18 16 70 54 94 69 6 97 45 69 73 39 90 51 
32 90 19 42 18 16 89 92 74 33 36 23 53 68 73 58 22 66 63 24 23 44 65 96 25 50 97 60 84 20 93 64 97 33 52 82 60 66 3 60 20 53 52 82 35 39 49 20 32 38 37 91 58 86 7 18 41 4 60 79 44 44 60 69 19 55 89 53 69 35 9 26 99 87 9 62 76 75 68 80 81 82 12 93 70 65 65 65 28 13 10 71 22 98 42 50 65 41 26 62 
44 43 49 45 70 5 65 77 54 84 23 27 93 75 89 47 69 60 55 71 27 93 14 95 54 82 46 58 69 67 98 23 93 7 66 61 39 53 74 28 89 37 57 50 78 49 43 3 70 21 30 91 46 3 75 36 79 51 66 46 22 4 13 10 82 65 19 69 8 88 68 5 65 49 8 13 24 37 24 92 35 31 27 23 13 78 32 44 18 84 39 42 35 83 17 24 59 29 78 7 
15 97 71 35 39 9 89 5 4 18 55 17 95 7 50 4 15 11 67 4 78 22 27 65 30 97 72 55 44 65 85 63 34 28 85 9 54 73 42 47 12 76 74 76 70 9 64 43 52 44 58 48 54 62 74 54 43 59 8 89 71 49 40 58 75 76 44 43 87 15 87 13 40 77 42 28 71 26 88 49 32 70 26 40 91 79 71 76 46 88 72 52 20 99 12 81 77 93 11 12 
