100 60
67 6 86 26 25 36 55 61 59 4 2 22 65 67 41 78 72 25 55 18 1 67 45 98 21 32 86 6 5 66 87 9 85 75 45 15 13 86 1 31 9 96 97 14 25 37 34 31 97 24 23 12 6 17 47 9 25 75 16 54 83 15 18 9 24 60 82 27 52 8 34 9 96 74 46 56 66 60 1 31 5 3 42 7 47 30 35 32 76 20 20 80 79 59 69 10 4 91 44 20 
12 2 71 39 22 70 23 21 29 55 74 81 42 24 3 93 49 25 1 5 94 73 58 18 61 33 47 74 52 91 98 34 72 48 85 54 10 93 4 74 14 86 55 98 80 42 25 70 33 7 67 61 99 43 82 46 99 13 2 88 21 51 66 21 4 55 11 24 20 62 40 11 55 30 15 5 91 20 33 26 85 77 7 65 51 14 47 72 44 84 47 34 36 76 57 53 3 81 69 34 
53 53 93 23 12 52 78 56 28 39 76 84 50 64 13 43 8 97 98 39 20 37 35 60 97 11 20 79 51 89 56 63 1 85 53 75 76 65 38 85 26 54 60 74 26 39 96 38 80 77 58 98 34 7 96 7 74 43 12 48 38 94 55 53 20 63 40 98 75 53 42 18 29 77 13 4 83 62 78 18 18 53 51 92 3 25 34 43 2 83 28 70 76 73 34 65 97 86 67 20 
54 90 40 51 6 23 88 58 53 41 84 75 16 96 84 26 22 42 70 99 36 63 73 85 92 9 12 3 27 27 21 32 5 88 81 47 55 27 55 44 4 62 10 77 97 36 58 83 44 42 84 21 37 58 74 94 89 75 50 89 65 32 1 4 10 41 11 76 81 27 94 21 82 51 27 57 91 46 72 39 92 49 19 90 11 27 7 34 36 13 62 20 61 36 28 62 12 52 91 68 
34 26 43 14 97 57 22 48 10 68 89 23 58 19 65 8 58 77 79 10 20 82 33 35 97 91 47 35 47 42 28 72 84 10 16 70 39 57 45 74 15 98 97 4 39 49 64 12 25 86 94 37 25 4 57 66 87 67 95 85 16 72 82 37 18 98 80 78 70 68 91 36 68 1 19 60 84 70 20 86 29 60 66 87 95 21 96 31 31 26 71 33 78 27 36 21 44 12 69 82 
76 90 3 29 16 81 43 41 90 25 7 13 37 57 53 84 62 67 4 87 20 75 17 28 96 15 75 63 88 17 64 89 89 86 52 18 65 86 72 58 37 19 7 2 65 6 62 95 27 71 57 34 99 21 99 30 43 23 69 5 76 93 97 62 64 72 51 75 96 9 12 63 67 40 58 76 58 71 46 74 20 64 90 9 53 8 47 6 89 6 93 45 71 60 10 40 35 46 58 25 
27 63 66 34 23 76 93 80 47 47 57 58 55 53 80 11 42 32 83 42 54 82 88 23 89 71 23 93 10 40 33 75 43 15 79 71 89 5 55 77 32 17 83 85 36 55 26 90 62 33 91 97 69 73 40 28 19 20 87 22 85 41 18 52 61 36 82 24 59 43 10 81 25 42 12 18 38 64 89 80 23 98 39 74 49 93 58 70 45 68 54 13 95 18 46 21 57 17 74 3 
6 26 12 89 84 2 27 43 85 65 58 29 28 89 29 96 45 33 40 90 14 64 99 88 83 97 57 23 8 21 30 22 78 30 41 33 55 59 44 58 94 13 58 84 85 91 97 15 77 34 5 99 12 35 79 67 55 90 11 58 28 16 12 51 39 86 42 98 13 66 49 56 24 36 92 16 26 28 79 34 86 57 92 63 12 51 23 89 86 80 3 53 95 91 33 88 66 39 18 53 
77 47 38 27 49 87 70 25 21 7 99 3 60 59 49 39 89 11 30 98 45 89 93 90 32 48 88 22 83 14 19 55 13 48 98 65 72 5 6 96 9 79 46 16 20 74 98 69 11 48 82 44 49 75 6 16 24 2 24 13 97 98 97 67 68 25 48 74 18 74 12 45 77 41 98 68 75 69 48 59 98 15 84 24 48 93 72 9 93 48 74 60 31 93 11 80 38 82 7 84 
61 46 87 89 95 63 21 83 51 97 32 2 47 43 85 99 87 39 70 66 41 46 82 7 27 32 9 24 94 54 4 96 1 36 74 63 96 50 60 4 6 3 16 18 6 9 87 9 12 80 99 64 52 1 36 37 57 13 16 27 35 92 80 61 53 38 71 75 24 45 14 96 79 91 95 23 59 16 51 6 85 2 38 30 51 56 26 95 93 93 68 1 81 15 92 19 92 88 75 84 
15 20 35 9 50 39 32 97 2 14 38 47 3 86 61 54 17 15 45 89 42 80 69 98 16 95 56 10 23 9 79 43 2 9 68 10 51 34 16 27 33 78 83 16 83 96 6 15 16 10 3 81 29 14 77 1 11 83 30 88 48 79 59 3 29 54 71 43 52 61 83 65 33 57 33 79 6 9 82 61 36 2 24 57 24 43 89 88 7 72 53 62 71 64 41 73 59 35 33 10 
98 50 45 73 71 12 17 60 68 24 25 75 90 42 99 17 77 11 25 31 43 90 76 50 4 92 46 22 12 6 76 38 85 34 94 66 39 20 36 85 17 82 85 12 22 45 1 34 50 67 45 42 19 78 21 58 96 3 1 71 42 98 57 64 25 84 94 47 64 69 78 89 59 89 71 50 17 35 59 8 84 80 86 93 85 22 83 23 43 2 2 24 17 43 42 72 33 80 87 20 
68 72 84 20 22 82 86 25 54 8 83 56 96 90 3 6 86 9 54 21 25 24 90 70 26 46 58 93 83 84 57 58 19 6 95 19 41 89 47 70 2 86 7 7 53 70 47 73 1 1 72 29 63 72 78 96 29 76 8 23 8 55 5 34 91 55 71 90 8 90 27 45 79 92 60 96 77 68 86 50 76 57 8 69 16 87 63 36 52 32 90 4 16 65 76 54 66 17 20 55 
42 52 88 92 93 20 23 47 42 22 3 77 11 64 78 71 50 16 20 22 20 82 97 99 69 99 61 42 22 2 25 32 50 13 44 76 63 20 1 91 86 62 80 80 38 6 59 20 18 27 78 33 83 96 31 78 31 56 40 30 80 3 41 52 55 69 64 89 60 4 12 43 67 54 44 51 94 48 57 74 87 72 68 72 3 56 90 89 83 52 21 33 49 18 18 53 67 94 82 31 
84 89 9 16 38 86 77 20 16 78 55 35 53 41 71 2 25 57 46 68 48 16 97 95 94 26 51 61 91 13 41 70 34 36 20 59 83 84 62 99 79 91 74 9 46 34 97 55 94 46 16 60 31 19 62 12 66 9 22 64 16 44 44 47 12 34 44 71 5 70 12 38 72 35 15 37 27 7 8 64 18 70 39 16 40 16 53 7 42 53 1 65 29 12 43 48 69 49 58 42 
96 63 57 45 63 3 55 53 80 50 65 5 21 23 78 84 55 52 51 7 79 19 28 49 48 81 80 84 6 9 34 11 18 10 2 81 2 68 14 39 58 67 48 46 1 30 65 14 92 40 34 37 69 84 68 21 79 73 55 19 7 81 87 56 10 70 93 66 45 26 69 20 7 89 10 59 49 84 42 24 26 50 52 87 17 76 20 84 58 29 48 46 78 84 96 28 25 59 9 42 
20 59 84 16 16 20 30 7 8 45 66 97 71 50 18 87 61 31 11 34 68 23 38 10 75 49 10 58 11 87 15 52 9 18 71 45 64 83 87 32 86 46 16 5 60 39 10 7 96 30 79 89 92 70 48 70 89 56 10 87 22 83 83 57 81 2 70 29 69 73 12 42 53 29 40 82 23 24 41 37 49 93 8 53 34 10 96 93 75 37 80 89 17 90 14 2 7 91 77 75 
69 19 73 49 21 71 76 61 94 93 45 89 12 28 76 44 86 18 99 27 11 95 62 16 34 55 12 42 43 37 72 78 48 13 30 12 56 59 12 31 61 46 70 6 16 13 61 68 23 54 23 92 9 95 66 80 8 80 45 35 42 49 46 51 6 17 64 88 42 61 89 61 29 98 80 9 57 66 54 85 13 5 62 41 56 40 72 96 8 62 49 31 26 8 40 59 88 42 51 17 
17 52 24 30 76 36 13 67 5 23 74 93 97 47 30 26 28 55 80 46 49 17 9 11 2 27 90 54 22 14 96 1 43 45 2 63 9 33 91 55 71 42 65 93 4 94 46 8 5 77 82 42 4 47 61 67 67 38 8 83 6 64 93 24 80 35 44 66 9 48 46 38 70 8 49 20 14 24 77 52 63 23 31 46 23 47 96 83 85 71 49 26 39 97 63 23 68 72 15 15 
79 52 54 5 85 95 28 62 38 69 2 26 1 44 7 24 10 64 70 20 11 73 37 47 85 49 8 38 84 34 69 52 61 66 21 13 99 12 13 36 44 93 72 60 38 25 37 81 47 40 84 80 93 25 65 55 89 48 35 53 65 94 81 4 2 92 61 45 61 50 27 59 19 81 59 3 96 41 99 35 87 55 80 55 94 50 56 28 57 87 35 17 86 91 11 16 90 84 92 82 
89 21 6 12 37 93 37 29 86 31 57 81 30 98 66 66 39 17 20 66 19 17 84 1 61 94 95 81 8 71 12 76 1 46 74 56 41 53 60 56 47 17 38 32 5 13 28 14 29 17 55 66 20 68 6 40 15 20 83 31 48 99 69 36 9 63 71 10 91 52 86 20 57 49 54 3 89 35 14 22 45 44 58 23 20 21 94 88 95 76 97 97 3 46 65 78 71 42 76 67 
89 9 9 6 1 11 6 63 67 22 39 39 69 13 70 18 71 25 41 93 9 52 50 53 66 19 38 56 60 64 65 16 18 23 97 82 60 5 81 22 82 77 33 98 38 49 11 58 16 45 4 5 22 93 8 83 64 5 13 65 32 54 75 24 74 59 10 20 85 67 61 78 84 31 90 76 94 91 56 16 30 61 94 13 68 3 99 73 41 13 7 77 8 98 72 60 43 67 57 91 
55 70 59 18 44 15 13 20 63 77 22 76 78 11 22 51 93 18 35 62 52 58 78 88 48 54 72 72 29 95 46 28 4 50 39 50 50 63 16 15 17 71 64 92 34 2 7 48 17 84 4 50 73 54 63 76 12 59 41 21 41 65 55 1 84 64 85 58 82 80 81 73 96 73 72 64 21 47 66 98 85 57 64 95 59 14 60 33 63 91 51 56 72 33 40 82 22 54 47 7 
40 64 75 70 98 49 9 15 7 25 34 58 48 33 23 50 86 66 89 6 97 97 27 41 98 13 36 95 82 43 57 73 44 95 3 67 19 82 85 92 8 55 51 19 10 34 12 99 55 39 73 7 36 24 71 55 36 3 97 43 64 85 34 75 84 9 83 99 44 62 99 35 14 28 22 6 8 4 2 69 23 39 39 49 68 67 8 67 93 30 91 73 23 18 15 78 87 93 71 82 
63 33 8 5 73 66 46 14 47 87 31 76 60 88 19 75 91 10 95 25 72 3 32 26 52 82 40 24 45 85 31 60 96 27 68 36 30 54 27 61 10 5 47 14 91 63 94 98 86 16 10 98 9 8 72 34 38 99 50 20 73 22 62 18 89 34 29 97 93 78 32 88 80 37 69 39 89 87 12 73 63 63 59 43 97 3 97 89 5 10 51 94 65 12 46 42 86 11 60 70 
27 59 9 99 54 41 27 3 4 59 11 3 45 74 81 84 51 11 9 82 79 36 84 65 54 41 12 19 50 25 80 25 69 72 51 42 25 37 34 87 22 22 74 23 40 62 30 25 10 4 54 79 1 86 74 52 97 25 79 76 84 90 92 30 25 89 61 22 40 50 31 65 96 97 31 69 82 38 55 11 91 42 41 20 2 21 53 61 58 13 62 16 55 61 30 60 15 95 87 49 
17 80 70 44 97 37 52 98 28 44 53 39 96 82 82 99 10 40 73 77 4 24 92 41 49 64 42 33 58 22 68 83 89 93 68 7 55 16 95 16 25 76 65 24 36 19 62 52 97 43 47 38 97 22 59 36 6 96 28 29 86 92 76 33 97 19 26 3 2 76 7 38 70 66 60 92 92 92 46 73 77 72 49 57 62 39 88 86 20 49 16 83 62 89 32 51 51 82 83 83 
62 96 92 62 36 66 45 66 57 85 90 8 83 97 50 56 81 4 68 99 59 87 49 78 98 54 83 17 81 55 81 53 29 23 3 72 24 2 90 35 50 77 1 11 19 13 31 10 99 70 57 12 56 55 62 98 71 35 64 86 83 79 53 53 16 88 18 76 8 21 80 59 44 30 24 60 91 92 28 33 23 42 95 47 56 95 88 27 77 89 54 79 80 11 61 25 91 22 28 31 
78 91 60 56 79 16 47 91 19 71 1 69 13 38 5 38 30 68 74 46 44 49 7 8 89 56 38 48 20 10 2 68 62 28 83 99 75 90 77 54 3 87 44 89 34 79 63 60 54 53 92 73 8 76 24 47 49 57 39 67 1 96 65 40 10 47 34 52 3 68 33 26 45 83 67 75 94 35 11 59 57 41 66 45 45 53 20 56 33 9 98 36 13 93 24 97 51 90 70 84 
16 51 69 40 5 48 92 59 92 48 76 69 36 32 66 46 38 62 43 82 29 60 7 73 47 89 56 97 24 37 71 95 59 94 95 54 9 38 15 85 59 13 40 10 15 10 87 38 75 50 61 47 20 66 34 67 84 83 28 63 47 96 94 11 7 58 2 80 64 54 6 21 7 90 41 38 84 68 97 75 96 69 2 97 67 36 97 70 33 51 30 40 17 24 26 21 17 64 72 67 
87 7 20 70 73 11 19 35 52 81 16 72 25 72 4 48 25 36 58 25 23 27 48 74 37 9 40 81 36 62 9 48 46 87 35 2 60 17 21 2 39 13 89 44 21 82 95 70 27 76 29 69 67 1 22 89 48 20 54 39 76 65 63 98 67 40 44 19 50 23 60 36 75 81 51 72 20 70 32 44 91 43 7 68 40 56 71 66 59 74 19 73 94 79 49 45 50 75 71 59 
73 50 86 29 32 1 63 8 56 72 22 39 47 63 67 22 71 57 35 57 89 55 20 76 90 4 12 76 23 28 23 45 21 64 22 98 43 90 63 7 99 54 20 31 81 9 11 49 97 42 39 90 1 9 17 66 20 58 99 1 94 70 17 62 3 86 2 94 92 36 27 47 15 72 30 11 54 2 49 41 60 17 52 96 75 25 66 68 72 81 16 9 81 19 45 64 21 80 54 9 
95 85 64 96 63 78 10 51 71 41 19 37 33 1 71 36 84 10 99 34 44 1 43 73 61 41 5 15 80 94 8 85 91 71 48 44 88 89 58 31 28 27 55 27 81 81 3 10 91 24 66 9 32 56 66 61 62 66 37 70 81 86 82 61 87 47 35 35 33 35 5 27 78 49 43 63 53 55 95 14 8 45 58 55 74 87 35 18 16 93 91 50 91 62 16 70 5 46 68 26 
54 96 21 49 98 60 43 1 21 33 68 85 32 14 91 30 58 26 62 71 18 93 66 42 8 28 7 50 83 3 83 58 35 39 76 65 76 85 27 90 22 2 17 52 67 35 51 48 72 7 42 42 44 87 83 37 12 86 38 63 16 26 17 55 83 23 60 37 13 76 19 99 52 40 36 82 84 12 26 58 4 9 60 12 2 52 44 19 44 45 1 33 54 59 51 61 96 10 94 50 
83 62 6 17 47 33 35 26 36 56 48 8 2 57 67 66 65 67 88 65 23 34 84 35 51 24 12 80 14 31 20 85 70 80 53 22 78 40 60 51 4 20 99 35 23 83 43 39 33 51 88 41 55 8 58 35 42 9 12 38 84 85 46 99 16 54 9 2 20 18 98 70 39 76 74 80 76 31 61 62 3 89 53 5 66 77 27 66 94 36 41 77 5 37 45 50 7 83 86 80 
69 19 76 19 65 29 39 67 96 92 4 64 95 35 10 73 44 19 59 65 96 79 42 47 13 54 73 93 92 12 21 77 7 87 37 3 22 13 90 34 40 43 97 30 25 95 51 71 35 75 58 95 53 9 62 26 21 73 82 3 65 31 40 16 35 57 90 36 28 74 58 43 24 82 62 64 15 86 51 94 38 34 32 38 7 43 7 36 40 33 95 93 94 56 74 18 97 31 3 45 
42 5 89 36 92 55 73 52 71 55 97 27 35 33 1 44 64 16 18 13 14 87 41 25 74 37 71 12 26 24 81 97 95 28 65 58 11 11 2 77 59 66 1 2 43 82 68 96 37 92 61 4 40 35 40 98 39 10 27 42 57 31 61 41 15 86 60 5 86 94 67 98 53 55 17 98 61 15 82 56 80 13 39 42 54 46 19 15 63 20 61 67 76 6 78 89 9 99 5 21 
9 26 69 96 51 5 31 19 40 52 5 64 77 56 36 40 73 93 65 87 23 10 16 54 90 2 63 80 91 2 30 82 70 51 56 28 85 90 86 21 85 34 48 82 98 54 34 33 6 62 86 70 24 90 70 54 92 71 65 85 47 19 37 89 7 14 25 93 51 78 20 14 3 64 49 30 11 29 52 72 30 18 67 1 1 48 10 82 33 88 55 80 86 38 18 29 53 12 34 18 
47 58 46 18 38 4 39 68 19 50 19 21 73 31 37 67 18 21 23 47 3 47 1 49 20 93 84 27 13 4 94 94 77 93 56 42 70 51 10 36 18 48 16 27 18 43 62 58 47 86 69 67 71 33 96 96 47 39 49 98 28 77 83 41 75 37 14 12 58 34 19 29 66 14 48 44 11 61 27 51 32 5 64 88 10 21 57 51 61 46 99 89 55 75 86 22 16 76 21 39 
42 43 57 72 29 16 24 51 84 93 15 20 85 16 78 60 57 40 75 91 7 77 15 94 50 16 80 53 49 61 66 74 36 61 5 28 50 38 98 74 68 24 54 97 33 85 10 33 86 60 69 3 1 87 31 43 11 35 22 39 41 37 27 53 44 19 20 61 25 34 94 75 74 91 98 82 3 88 63 74 69 41 31 74 12 17 94 75 81 62 21 64 70 41 86 59 46 58 6 38 
76 72 97 44 82 25 79 61 64 28 34 31 63 59 6 98 65 95 12 83 60 64 99 38 90 2 1 96 16 11 89 41 63 13 35 50 86 8 64 58 22 31 12 13 43 5 80 29 19 1 94 46 68 89 57 82 20 3 8 96 62 87 76 36 6 59 41 2 36 64 85 96 71 31 51 87 17 27 96 59 24 16 54 70 45 17 85 10 87 53 34 53 75 18 89 21 98 21 36 31 
14 4 21 3 66 54 4 5 80 6 17 16 59 68 25 28 23 32 54 3 98 51 78 56 2 24 94 36 10 70 11 8 51 19 21 32 83 83 90 48 75 49 35 53 85 47 4 87 47 42 58 9 48 11 58 81 11 23 35 52 75 22 82 32 81 9 29 80 44 21 25 83 43 14 22 38 96 43 54 29 50 46 19 15 50 22 59 5 30 12 44 44 88 83 49 93 76 10 41 8 
93 48 64 85 75 76 68 29 36 83 1 72 20 93 74 89 86 32 22 12 18 38 1 36 23 65 98 28 46 93 42 30 73 32 2 67 35 24 98 57 18 57 8 9 64 66 68 34 87 43 89 52 67 38 54 98 65 68 27 28 27 29 59 21 86 88 97 91 77 8 86 92 37 35 80 24 8 20 43 35 53 16 59 34 56 86 37 94 27 15 17 58 12 7 76 45 96 95 38 57 
67 28 65 14 93 78 21 11 61 43 10 85 14 83 75 10 77 86 55 42 85 93 14 64 14 33 71 10 9 50 34 93 23 39 31 47 41 75 39 47 17 45 18 46 99 76 40 6 66 72 22 30 56 40 56 88 98 26 42 56 44 40 16 41 98 94 83 15 52 29 53 45 11 48 61 29 27 45 11 17 34 41 96 53 74 9 41 1 29 9 20 76 56 21 99 78 12 72 66 20 
32 94 84 5 28 7 93 11 65 90 64 28 5 15 96 14 3 68 62 77 61 19 61 32 89 61 76 47 59 82 31 14 59 13 44 92 52 84 87 73 33 85 41 33 82 17 50 87 24 52 82 52 80 86 79 95 32 1 21 97 67 13 74 4 46 34 51 82 50 29 70 81 45 68 5 83 29 85 46 61 96 34 53 38 90 44 16 40 58 75 7 53 11 80 36 79 75 52 14 95 
25 5 4 90 91 39 62 66 92 58 21 5 96 2 97 46 40 5 65 68 6 83 36 70 3 15 38 51 51 17 2 94 59 32 36 46 9 6 14 96 33 69 51 64 1 22 87 73 94 10 69 38 94 10 32 41 58 7 75 19 3 81 52 37 84 84 45 79 83 22 49 21 79 36 53 14 40 85 20 68 93 27 68 34 21 96 54 78 24 91 52 73 20 50 38 71 12 34 66 87 
49 87 59 62 50 33 47 95 68 87 32 35 74 87 72 75 68 60 8 4 79 32 63 10 79 29 55 87 84 90 2 44 61 68 22 6 36 39 48 22 97 6 29 77 7 7 37 91 98 19 75 27 94 70 81 99 4 39 36 77 28 62 69 95 74 46 64 55 56 64 65 33 3 73 86 86 61 11 13 63 6 6 10 2 46 85 30 41 28 79 16 29 44 27 10 23 38 82 61 1 
26 3 1 33 40 21 52 45 9 18 96 77 92 5 80 76 85 47 51 61 44 97 86 48 24 22 24 86 5 35 94 88 26 30 54 62 17 9 14 38 27 17 67 5 57 70 32 41 92 88 70 41 33 26 24 51 24 6 50 1 87 43 46 31 54 87 82 27 94 45 36 50 48 14 20 67 60 14 15 84 5 18 1 76 25 86 87 20 56 94 47 20 61 63 42 49 64 93 61 69 
67 52 1 60 81 44 36 25 49 33 3 50 77 13 97 60 43 49 13 22 44 28 90 6 56 18 82 43 93 24 2 76 59 45 80 23 6 27 30 25 87 24 89 10 21 49 90 43 39 37 6 89 46 94 11 63 76 59 37 89 49 55 32 55 27 50 10 73 66 11 12 29 81 60 61 45 93 33 20 33 94 30 44 49 94 79 41 54 85 87 25 66 94 98 72 20 38 50 82 18 
17 30 27 18 12 55 53 3 88 33 8 33 30 4 66 33 53 48 79 59 86 68 51 79 55 70 24 57 60 41 52 28 61 36 92 83 54 55 80 54 56 30 10 89 87 94 18 35 47 80 65 21 2 85 17 38 61 63 23 21 60 98 2 29 43 96 17 27 43 53 64 66 62 46 50 70 53 11 69 7 5 22 95 79 14 78 51 1 78 80 97 77 67 12 13 92 12 22 71 83 
34 58 87 30 36 35 74 94 61 45 98 98 23 8 93 39 96 48 52 67 26 95 45 94 30 95 18 3 9 14 2 42 50 42 18 47 38 6 85 36 51 69 26 20 80 42 70 9 26 85 66 17 8 18 82 69 69 23 17 10 88 55 1 5 78 45 6 48 95 6 53 74 50 38 13 57 5 42 20 20 85 17 70 39 89 68 34 55 86 21 59 72 28 14 78 71 55 18 16 11 
78 86 48 1 66 13 61 61 79 65 96 25 56 51 35 25 49 88 82 69 54 34 8 70 43 13 70 77 95 54 49 7 28 21 81 73 26 40 86 25 75 33 98 66 95 51 3 99 65 2 60 47 62 81 42 88 86 10 61 88 95 56 4 32 35 74 57 49 69 34 46 53 14 47 59 67 66 7 84 58 35 11 38 66 76 98 93 36 19 79 20 50 98 66 5 57 90 3 91 7 
16 79 98 3 6 9 22 23 68 17 36 97 81 52 70 51 88 6 97 79 55 65 88 4 24 73 71 26 69 82 83 87 59 13 34 25 5 5 52 25 21 80 51 81 80 95 80 51 71 97 79 13 54 81 42 18 16 47 63 51 26 55 2 86 95 80 34 42 31 71 12 37 91 8 16 46 46 51 15 60 26 8 19 38 85 78 40 63 56 20 45 5 4 99 10 66 81 51 82 49 
61 35 51 21 81 86 36 68 30 90 88 7 13 32 19 50 64 4 52 63 21 85 11 40 11 29 94 83 27 37 62 88 13 42 13 26 45 95 67 18 9 39 50 24 86 92 69 20 32 34 96 79 57 78 52 56 11 63 83 64 58 24 48 59 68 82 92 21 87 22 34 33 25 69 46 62 35 81 32 48 95 21 14 72 89 37 9 49 89 53 12 3 33 40 77 50 12 4 1 79 
83 19 72 7 34 93 60 3 83 69 72 69 44 62 80 30 48 30 31 50 59 71 55 40 76 37 72 64 41 32 97 49 44 27 48 83 29 58 48 29 4 39 37 26 40 63 73 1 85 14 43 65 66 65 65 36 94 92 98 25 76 80 45 59 14 21 60 79 16 28 57 48 2 41 13 56 9 30 75 30 94 3 68 34 51 9 98 81 5 51 62 41 22 87 52 36 19 38 60 60 
94 84 97 65 94 13 32 43 40 38 47 97 32 30 99 72 90 43 28 20 82 55 85 23 57 90 74 32 73 59 71 95 33 79 60 91 13 19 66 54 94 17 86 13 94 22 17 17 1 18 89 69 94 60 99 60 92 4 38 92 70 36 25 19 96 6 35 69 63 58 35 85 19 61 13 47 96 43 7 10 49 18 40 30 77 18 49 1 62 28 17 80 96 13 3 24 14 53 75 17 
4 12 36 82 35 54 91 16 44 1 64 73 94 75 44 19 41 45 38 34 79 70 22 72 10 65 7 21 86 51 82 54 80 18 84 85 29 71 46 33 96 99 51 65 31 22 98 66 16 48 49 86 32 34 89 1 10 37 83 65 87 76 32 73 65 81 26 8 64 57 5 7 80 34 12 8 44 26 49 16 71 87 38 49 24 68 70 3 64 72 68 3 13 12 39 60 3 60 30 31 
99 18 59 40 55 54 41 6 72 22 18 48 62 59 75 49 78 8 81 77 1 87 68 75 10 83 13 39 73 20 19 95 25 50 97 90 49 31 48 63 56 6 40 34 69 89 94 78 4 44 65 17 46 62 19 88 39 51 18 34 60 10 1 81 5 12 64 22 64 86 42 95 12 4 89 66 80 46 62 11 44 2 1 94 1 34 5 54 52 74 24 81 87 92 30 98 61 86 6 47 
11 61 23 45 83 67 71 71 52 9 48 91 24 55 75 25 18 80 90 43 64 57 50 78 21 73 35 24 69 33 56 44 27 61 63 80 53 18 51 57 52 94 62 88 83 26 97 82 65 97 20 50 80 46 59 9 84 73 24 92 13 45 99 53 83 3 64 70 5 65 86 58 83 39 35 66 28 25 85 93 58 18 28 87 9 20 68 55 36 45 39 67 24 24 4 65 92 9 64 67 
29 12 51 15 41 74 42 25 24 49 62 51 43 48 7 99 12 74 38 33 21 57 11 3 71 80 5 81 8 15 58 94 42 47 96 51 94 14 62 73 19 33 53 31 33 33 43 67 54 83 24 39 29 30 29 39 60 23 66 31 47 49 54 81 7 61 45 91 12 15 63 24 19 91 32 39 2 36 8 25 81 86 9 26 57 3 47 78 38 4 61 37 74 90 48 10 88 84 88 88 
