100 60
35 83 93 17 27 72 70 58 63 64 47 72 27 12 84 80 50 16 24 29 67 85 35 51 74 89 77 18 84 16 54 95 81 25 71 7 78 12 90 77 76 53 87 3 15 71 6 98 32 90 17 55 20 85 74 99 82 45 69 48 88 28 87 63 29 15 65 8 75 67 48 7 33 83 42 98 2 57 74 90 25 28 48 22 52 42 97 12 93 10 48 22 75 56 65 8 96 83 20 79 
83 47 8 70 67 33 63 95 61 95 10 69 22 62 51 9 44 8 71 67 45 35 14 15 41 54 63 24 31 68 29 46 79 49 25 96 93 23 48 33 9 50 66 38 67 7 92 1 1 64 69 95 8 73 51 68 42 41 84 12 88 19 87 52 44 75 34 25 5 86 32 61 38 9 8 67 73 65 86 4 74 27 70 69 29 89 24 79 24 60 52 53 28 37 85 86 77 87 57 39 
33 11 48 47 13 76 25 23 9 71 60 87 99 53 20 90 59 14 63 68 63 86 55 49 91 47 69 59 37 25 94 31 11 5 41 7 51 37 50 46 26 45 94 33 42 24 88 80 48 56 95 39 44 10 28 98 86 51 62 99 95 45 37 38 56 69 64 69 34 10 35 16 71 77 24 75 2 8 95 24 48 68 14 25 38 69 42 32 4 62 57 99 89 53 49 86 58 6 31 60 
89 20 37 15 58 45 53 20 66 58 5 3 90 58 39 66 77 8 85 40 74 64 91 19 60 14 51 87 78 1 37 57 63 58 32 91 78 41 59 42 41 55 16 78 57 89 1 18 54 49 48 59 8 83 59 12 74 19 32 27 27 92 93 33 79 78 30 59 22 21 19 74 54 70 59 14 10 5 7 12 92 72 97 33 10 13 88 4 97 95 79 41 55 46 52 89 76 81 97 46 
93 14 72 11 50 39 99 96 38 67 26 76 27 96 12 15 33 49 43 28 77 24 86 40 36 57 46 37 4 77 18 28 43 59 48 92 47 81 87 48 89 82 49 95 87 20 65 83 50 22 40 61 43 46 11 33 37 34 1 19 71 71 74 7 5 40 98 13 71 75 93 32 42 26 92 99 77 2 95 47 81 40 28 53 64 55 95 7 92 97 41 57 48 8 99 77 83 75 57 14 
67 63 48 59 52 16 49 83 2 12 48 10 83 83 16 58 97 79 48 98 53 39 42 40 54 82 79 5 80 85 5 18 65 61 13 78 82 46 25 51 20 73 69 39 69 63 68 70 2 97 13 77 49 3 47 76 89 33 51 53 24 49 19 39 59 99 41 96 90 5 86 99 80 37 82 11 41 97 97 69 18 5 20 66 65 70 44 30 34 83 45 5 46 89 65 33 82 74 93 38 
83 56 68 88 30 67 16 2 93 79 13 55 82 54 44 79 59 22 1 80 46 87 87 39 34 36 33 23 87 43 88 89 49 75 42 93 49 1 17 92 10 94 84 54 52 43 66 60 1 51 43 18 92 50 59 58 80 4 30 49 43 9 45 1 85 11 79 66 53 4 97 55 30 36 57 36 49 22 19 42 2 41 51 78 35 52 37 31 67 91 78 65 88 85 6 43 69 53 82 20 
68 61 70 14 66 23 29 1 32 48 76 18 53 20 34 51 92 63 61 50 17 79 92 51 30 78 59 16 4 6 29 59 8 76 33 81 43 7 98 95 72 44 80 67 48 1 91 36 50 80 34 53 13 14 30 13 55 87 56 78 15 78 68 19 79 80 42 37 16 37 94 4 2 76 21 83 58 39 27 74 80 7 56 29 68 39 22 95 58 5 40 42 55 5 62 90 62 14 2 49 
89 76 4 28 34 90 20 45 30 31 9 93 76 88 87 45 43 79 65 70 22 91 9 93 90 50 94 53 64 70 65 55 51 13 85 28 13 40 99 81 16 73 87 65 91 50 20 18 89 77 16 29 37 92 98 94 92 13 51 70 2 96 72 32 57 1 36 30 51 32 41 42 32 7 76 35 63 6 69 21 77 32 46 7 34 65 85 58 71 19 78 52 69 95 81 31 1 47 74 66 
99 41 7 97 61 85 30 85 77 18 99 87 29 11 25 20 48 47 6 96 94 93 9 12 39 87 53 14 46 14 90 96 51 91 88 71 44 48 6 55 52 7 80 47 18 66 7 13 81 78 18 64 65 35 66 42 49 44 8 93 57 15 78 58 35 38 79 47 34 64 57 24 90 89 83 86 7 34 37 47 34 24 87 15 54 71 72 78 58 60 82 82 30 21 39 16 24 16 78 86 
22 70 17 13 57 89 91 28 54 52 5 91 71 5 99 10 10 19 61 76 18 7 26 71 95 21 86 69 4 61 96 50 67 84 80 97 84 7 36 13 32 13 45 16 70 60 73 52 50 87 84 3 21 17 38 85 33 63 4 66 48 44 61 59 43 75 10 40 16 88 74 46 94 32 12 84 39 75 14 42 53 20 19 86 84 3 13 74 36 3 42 58 70 47 11 93 13 19 95 41 
26 42 9 2 34 58 50 47 47 68 39 66 89 44 60 1 92 9 21 12 20 65 76 2 1 28 63 54 64 54 34 58 65 74 81 43 22 24 77 10 40 76 97 61 50 72 59 32 34 49 44 23 61 76 39 29 17 86 59 75 30 1 85 41 13 67 90 99 84 89 73 40 7 54 91 9 14 69 87 31 41 90 25 49 61 52 18 51 14 3 61 1 33 31 63 70 83 2 78 73 
52 38 79 12 6 41 12 16 4 90 55 80 8 13 23 34 96 77 25 79 26 58 23 48 78 84 87 55 27 97 56 58 85 10 85 15 67 59 10 33 43 66 96 32 92 90 5 99 65 82 38 44 36 49 5 54 57 99 68 52 21 9 11 53 11 71 83 21 60 58 65 21 8 69 19 79 53 96 46 41 18 75 47 22 92 41 73 66 3 87 83 5 57 22 4 10 10 19 80 49 
48 17 16 41 63 99 52 54 30 50 41 88 21 89 67 30 98 63 92 26 97 19 42 72 5 92 85 89 41 85 16 6 42 48 33 37 42 58 23 71 51 7 42 45 39 74 94 31 17 18 16 12 16 44 55 68 70 1 53 55 98 47 26 85 86 44 47 13 63 31 24 7 87 9 86 43 27 18 60 76 39 23 55 26 54 95 41 56 54 89 32 59 55 27 68 33 89 77 93 64 
68 18 46 50 90 86 18 14 53 5 85 6 37 28 32 50 77 24 44 86 63 82 18 84 50 25 69 39 65 4 35 88 9 13 84 11 67 94 21 36 15 42 90 49 21 11 88 1 57 20 64 7 4 60 28 60 52 3 59 35 18 2 8 92 41 2 6 87 95 44 69 75 93 76 10 20 93 51 34 92 5 41 55 87 94 36 96 24 95 58 1 51 10 63 32 56 16 46 84 69 
9 39 96 5 37 53 51 81 94 14 57 47 90 14 72 90 92 24 80 97 57 26 21 78 63 40 17 98 38 63 12 15 96 92 97 1 66 60 44 80 20 66 36 60 9 8 97 60 90 9 30 44 64 54 37 49 98 20 60 24 65 6 8 50 68 62 88 81 76 27 40 72 55 53 62 7 95 41 46 34 49 68 9 95 54 26 21 60 71 42 40 52 14 21 42 84 77 66 50 89 
39 89 49 60 67 83 35 16 3 99 25 56 98 35 72 16 99 76 53 2 97 63 16 47 89 39 41 68 31 8 2 25 94 94 11 69 28 97 84 8 6 43 95 54 85 47 31 89 71 68 46 14 62 64 23 5 11 48 25 76 79 43 54 28 1 45 9 10 26 69 36 72 87 14 89 23 52 14 89 87 78 96 73 60 73 40 54 65 46 26 78 8 68 98 79 36 27 22 38 90 
37 72 39 75 19 39 84 52 61 94 32 95 69 80 41 93 4 4 71 92 67 21 59 76 77 11 5 45 58 66 47 1 13 69 50 24 9 70 81 60 60 77 94 96 7 29 10 45 93 80 96 24 57 84 51 39 4 69 84 65 88 24 94 24 3 78 57 71 49 81 98 74 25 87 84 92 5 35 92 61 22 25 5 71 46 8 76 51 67 60 28 47 79 68 19 5 56 10 34 53 
95 28 98 36 15 69 31 32 87 53 6 4 30 10 68 71 46 96 57 32 33 6 6 71 88 65 52 65 17 52 43 88 34 92 41 23 75 71 30 58 2 37 24 3 5 10 70 89 15 84 56 79 4 42 18 70 94 48 42 3 69 68 78 64 68 66 38 98 3 17 9 11 60 6 52 72 7 41 17 28 98 58 43 3 84 22 65 9 14 41 23 47 41 66 64 22 36 2 54 39 
37 98 50 48 44 30 54 30 81 90 53 53 6 40 9 62 12 66 33 2 64 27 23 44 26 70 94 27 94 75 7 75 28 77 2 44 80 4 27 38 32 98 75 53 16 62 9 98 57 76 95 35 99 36 36 3 35 84 98 54 39 41 49 83 1 32 79 59 50 25 46 54 97 58 91 79 56 71 84 12 79 38 44 28 88 95 77 34 6 77 6 99 85 44 98 84 45 15 3 74 
53 54 90 7 1 27 65 42 29 79 80 4 4 8 66 73 82 70 19 28 67 49 62 94 64 7 96 8 37 40 63 67 63 36 93 88 95 31 70 65 9 66 79 25 65 41 70 79 67 72 12 88 10 50 43 12 44 91 38 64 29 3 54 78 86 26 94 52 62 8 60 12 78 42 8 65 89 38 7 57 42 68 91 30 28 31 26 73 42 1 50 87 36 87 43 34 78 95 75 94 
21 60 93 85 31 16 45 53 17 45 17 77 26 55 21 57 55 82 11 65 34 80 58 27 1 93 42 5 90 47 23 78 11 20 26 24 26 31 25 98 39 21 20 20 68 29 22 46 34 78 29 59 37 56 15 47 41 93 2 81 51 49 51 1 98 88 34 92 22 66 23 74 43 6 64 72 56 83 67 7 4 8 79 70 58 99 69 8 6 76 9 4 26 32 55 56 71 16 29 63 
74 39 95 50 86 93 47 72 73 89 18 30 43 48 90 61 51 53 45 73 8 58 73 43 83 92 80 27 20 65 89 64 27 73 52 86 98 9 54 23 11 63 18 3 37 34 13 67 44 30 60 73 7 82 37 99 9 45 87 52 54 3 24 71 67 78 37 41 4 40 98 88 56 5 70 95 56 45 11 5 88 97 77 23 88 67 38 28 54 34 73 79 53 59 85 18 22 92 1 75 
51 15 43 95 40 49 54 40 6 41 80 39 36 75 26 17 62 53 5 31 87 17 69 93 21 84 43 12 10 82 53 13 67 74 57 79 6 92 80 77 67 70 41 90 57 73 86 47 71 28 21 57 31 58 39 38 11 11 56 51 74 89 39 27 2 88 39 2 22 18 21 46 42 40 94 96 85 99 49 87 13 53 81 79 63 2 25 97 77 21 88 54 35 95 80 84 82 47 41 79 
41 1 37 38 20 8 69 79 15 99 70 19 23 90 75 19 52 59 57 85 84 4 90 26 23 1 1 1 55 62 25 84 8 86 67 17 1 21 54 65 5 15 89 74 98 75 16 29 24 26 63 5 43 60 13 26 91 98 48 25 40 46 12 94 45 49 66 46 11 47 44 63 39 34 8 63 90 13 4 48 39 49 23 64 28 33 50 56 27 29 28 24 87 37 6 80 98 46 3 7 
89 79 99 37 97 15 34 25 66 97 27 60 66 6 85 26 37 44 23 18 62 24 43 31 57 43 18 36 49 66 71 65 54 11 60 88 64 23 55 98 24 61 22 92 14 78 2 49 33 3 92 13 75 15 34 75 18 38 83 57 95 9 1 85 87 67 26 79 92 31 66 30 18 83 71 79 54 49 19 7 58 77 91 3 37 25 64 57 26 34 78 38 71 16 30 70 11 33 45 21 
85 79 51 96 86 72 98 42 18 11 25 62 78 64 57 87 2 26 62 25 60 17 48 63 76 97 74 82 24 68 56 58 37 79 73 64 15 33 71 85 28 96 72 22 27 3 81 89 45 56 88 34 8 44 79 35 36 37 38 9 56 1 57 19 2 97 40 78 22 94 9 61 90 71 13 3 8 23 31 10 8 68 80 66 66 58 21 38 6 77 64 82 2 53 77 48 90 61 89 90 
29 84 1 73 37 37 66 13 43 13 73 34 69 10 39 88 8 43 66 14 55 79 76 61 42 61 44 27 67 48 24 85 25 36 82 19 39 99 33 48 93 18 63 66 61 4 66 68 40 40 75 81 80 9 90 98 17 21 16 8 3 49 84 25 35 60 91 22 91 41 30 64 59 39 15 34 68 83 20 67 18 24 7 84 13 57 55 19 91 61 95 50 61 27 42 35 23 84 19 39 
62 25 99 48 43 21 13 1 81 31 6 25 12 4 38 93 33 76 10 97 60 32 17 1 83 52 8 93 23 78 38 54 86 64 31 2 24 31 28 52 85 29 51 75 76 89 54 52 14 80 80 31 82 68 21 81 91 66 68 52 33 96 73 27 31 45 4 82 8 17 96 42 31 93 16 33 76 87 11 43 81 99 71 76 98 77 80 11 58 67 76 52 20 73 5 90 29 13 76 60 
84 68 67 61 53 43 89 1 48 10 73 52 13 5 31 25 1 4 75 8 52 5 98 56 81 13 56 68 55 17 46 69 75 73 92 92 57 86 24 59 13 91 56 60 33 31 75 39 67 43 16 70 7 36 43 45 61 75 34 45 46 58 60 32 59 4 68 24 65 25 60 76 72 16 74 67 22 33 68 74 58 70 99 57 20 49 6 41 17 92 88 94 11 12 90 14 96 82 81 2 
35 98 90 73 82 44 91 62 1 97 35 20 24 75 53 79 34 6 74 88 60 29 35 11 94 12 80 36 88 44 72 87 66 54 99 23 30 11 77 45 62 27 58 9 37 71 36 21 21 72 56 55 84 21 15 52 6 84 71 28 76 5 53 79 10 10 59 91 43 19 69 43 49 47 49 14 39 13 57 86 70 44 49 61 49 86 87 54 43 4 44 6 81 91 9 90 65 77 93 19 
22 82 53 96 48 61 32 66 32 19 13 21 45 70 3 6 90 73 5 29 27 67 44 90 5 99 2 21 91 61 43 1 12 12 54 5 68 18 67 24 82 79 98 98 20 62 70 54 22 31 53 25 41 76 86 94 66 52 19 17 60 2 33 56 85 88 80 14 39 34 11 58 81 41 5 62 70 31 4 27 89 69 41 18 81 4 76 95 78 90 22 45 32 27 78 8 48 80 62 13 
8 67 22 63 75 41 69 73 51 48 91 47 16 82 91 89 80 75 34 24 53 53 4 40 85 88 61 59 36 61 99 85 21 12 1 60 75 1 88 24 5 61 91 68 46 57 92 93 20 41 88 67 87 6 47 73 11 45 61 78 4 8 6 79 90 55 92 64 61 16 30 66 32 43 78 24 92 71 2 30 73 70 29 96 93 5 11 4 19 86 71 60 22 34 66 59 34 29 43 33 
97 74 76 50 80 16 14 37 67 8 96 48 91 87 22 26 62 76 6 90 46 63 59 18 48 79 77 20 92 88 12 28 7 61 58 71 99 57 34 63 43 9 62 77 55 4 51 31 80 59 76 65 69 11 59 29 63 90 54 57 72 8 24 53 58 29 24 70 14 65 81 93 48 45 80 19 63 3 39 36 39 54 91 10 12 82 72 61 57 17 93 48 70 14 30 46 48 40 94 32 
47 71 90 37 69 29 85 67 44 91 68 64 28 68 72 20 62 86 19 4 72 5 19 60 80 12 79 23 7 34 12 18 79 48 36 68 38 76 87 3 41 4 27 60 72 78 38 98 48 16 43 97 21 13 2 67 86 45 25 54 92 79 72 46 42 79 66 81 1 7 93 50 3 34 13 7 59 46 60 70 59 50 59 35 82 78 21 74 2 96 54 47 88 9 72 6 23 66 97 1 
34 54 81 7 30 49 80 42 45 60 49 89 47 35 90 70 9 21 33 70 43 2 55 74 30 25 23 1 53 32 17 25 24 93 65 19 19 39 76 75 10 85 66 45 92 70 93 62 20 86 88 81 32 6 84 5 89 19 51 15 4 58 23 5 65 36 34 12 81 71 43 47 99 25 72 26 46 25 33 99 53 5 60 88 89 30 42 12 94 29 50 19 8 29 74 19 1 82 51 15 
5 56 47 71 30 29 91 48 71 77 83 25 49 42 77 58 15 80 38 40 13 10 99 58 30 76 20 51 58 2 37 64 47 43 26 7 62 50 56 7 39 19 45 68 41 52 15 29 16 10 52 13 49 69 59 89 26 82 13 31 80 27 23 62 58 69 82 27 68 15 30 34 40 68 3 20 83 86 94 4 39 38 8 42 38 58 18 87 59 5 19 41 81 13 90 13 45 55 46 76 
87 89 98 13 18 13 27 28 69 11 23 61 49 41 21 72 36 14 11 17 55 71 26 21 65 69 20 65 37 61 48 66 32 72 52 59 88 88 38 74 3 35 58 25 4 53 92 80 42 90 30 55 67 73 52 87 10 93 9 18 61 87 4 72 59 18 77 46 63 54 81 80 41 57 66 47 45 55 60 28 99 28 50 96 75 88 64 1 75 64 50 41 16 76 61 54 5 22 33 96 
1 49 80 55 72 32 39 98 48 28 12 10 39 28 82 42 2 76 30 10 41 80 34 90 15 18 85 36 44 40 86 75 16 80 59 24 89 60 54 83 9 92 55 57 97 94 83 50 75 85 7 74 60 1 44 62 75 90 72 64 52 35 32 60 42 41 36 65 19 56 71 34 86 71 10 69 85 27 12 27 98 20 33 21 55 9 31 32 41 22 69 13 3 64 30 95 55 20 12 93 
63 5 49 92 16 54 84 32 8 26 76 37 56 43 47 5 90 8 92 29 85 37 20 30 86 91 72 90 45 7 67 84 49 25 22 5 54 28 88 3 16 64 82 11 19 85 15 79 9 73 25 5 26 72 10 64 31 24 55 43 44 90 70 67 68 94 13 37 28 47 27 54 91 75 68 57 12 58 42 50 51 59 26 34 15 49 11 37 81 49 22 51 37 51 60 56 2 57 26 54 
52 18 90 43 38 61 47 79 65 13 57 18 83 62 30 70 99 8 59 37 35 15 80 60 80 67 28 81 50 28 89 98 43 94 62 22 97 51 12 27 43 32 25 16 62 71 66 72 44 63 40 14 42 16 38 52 28 10 99 51 50 50 71 75 89 30 58 54 13 78 79 35 36 25 32 39 71 46 38 18 90 32 5 11 78 34 84 97 89 28 23 61 4 65 23 37 83 32 96 73 
45 71 67 64 2 87 44 11 28 19 33 39 65 31 21 76 37 34 17 84 36 60 40 42 5 51 97 20 10 35 68 71 34 6 80 7 49 11 94 76 1 25 85 53 87 38 25 12 47 31 58 13 30 62 88 78 88 43 60 82 51 25 34 24 9 75 75 9 94 62 30 37 64 36 8 79 76 7 64 57 79 30 80 29 83 85 47 66 50 58 40 38 69 20 8 90 42 14 49 30 
33 43 53 96 12 78 75 39 95 7 25 80 30 27 22 81 85 58 18 69 70 42 2 50 32 48 6 12 63 84 12 32 13 1 61 83 87 93 53 41 60 18 60 87 75 84 27 18 57 77 79 52 13 50 35 31 39 36 98 33 33 57 82 72 91 25 98 12 24 51 75 63 52 52 59 97 23 54 22 50 11 2 65 26 22 63 30 7 7 36 1 58 61 54 12 33 34 92 53 82 
67 45 23 71 11 80 45 84 77 95 54 80 16 45 24 52 14 69 86 45 30 26 64 88 30 22 95 25 11 44 72 43 38 92 64 10 73 8 58 98 9 6 82 24 92 5 41 70 68 63 47 26 99 7 50 9 4 56 67 4 83 67 18 92 58 54 54 82 91 25 89 38 31 11 31 16 29 98 14 90 82 61 27 92 58 90 50 31 28 27 79 34 99 88 64 71 44 8 34 93 
56 85 51 29 22 12 48 90 15 55 32 98 4 44 63 27 58 37 88 11 13 83 93 99 19 76 60 20 2 9 21 23 19 33 20 47 14 13 64 72 71 81 84 76 78 1 85 89 75 11 7 55 17 92 80 79 22 22 81 94 37 24 87 11 87 31 38 73 38 41 84 17 42 70 50 29 6 9 86 95 41 82 28 66 19 3 48 7 30 26 19 55 40 12 63 76 44 75 14 26 
84 95 8 21 3 91 1 80 18 81 47 61 24 94 72 76 42 20 16 36 6 88 22 36 35 53 11 35 25 74 68 36 22 95 23 70 6 27 27 73 72 29 40 73 14 88 8 66 1 7 45 98 62 73 16 50 67 53 15 16 9 65 51 84 78 63 24 21 56 18 10 46 84 99 40 24 54 56 82 35 82 97 27 61 96 75 57 68 14 63 44 85 22 41 15 85 64 71 45 70 
45 36 83 5 77 2 58 40 79 14 42 67 44 59 21 38 5 28 76 11 39 22 85 53 78 55 33 54 10 66 12 27 85 21 34 19 29 20 34 9 37 5 78 27 94 63 66 46 70 36 41 3 33 25 94 89 49 95 74 71 96 87 86 88 65 18 7 60 64 86 83 96 34 85 44 99 42 6 3 69 99 37 67 17 62 81 40 62 34 58 34 46 81 5 67 33 33 88 79 20 
29 21 1 20 9 52 23 8 9 5 98 1 98 40 19 29 45 40 34 54 42 30 87 2 40 15 47 89 81 13 35 64 28 77 61 26 93 40 53 63 76 31 84 85 87 19 14 51 84 37 6 2 3 16 73 91 85 16 97 17 15 55 70 52 45 44 15 76 31 17 26 10 61 59 95 39 90 42 46 51 67 52 60 67 66 26 17 68 25 76 14 33 65 25 8 62 32 38 40 16 
77 91 95 74 16 74 8 2 46 34 76 82 31 20 8 52 8 63 16 2 52 32 74 38 31 85 80 40 58 35 6 12 52 95 54 44 90 44 17 66 69 76 32 3 55 61 35 32 45 98 23 40 21 77 4 79 7 26 53 23 23 75 76 20 44 9 59 53 57 24 26 98 14 84 94 76 88 81 36 7 34 84 26 72 41 98 4 68 88 24 31 63 5 11 43 50 23 12 7 10 
35 99 70 44 65 71 56 22 56 24 80 38 47 71 61 75 78 30 51 6 61 4 20 80 67 57 36 3 7 5 44 16 9 87 55 79 6 55 16 55 10 50 2 83 99 83 88 68 96 21 39 56 50 60 84 19 15 18 1 35 38 4 96 68 34 7 89 52 67 76 89 70 39 98 79 36 60 85 96 76 39 48 15 10 59 84 23 32 61 56 9 92 27 72 41 78 55 69 48 96 
66 81 65 59 77 5 96 42 91 37 15 77 15 70 53 38 30 15 19 66 99 96 6 77 73 71 98 67 96 26 77 18 14 86 27 2 74 27 41 91 43 69 30 64 2 96 25 8 58 54 84 27 50 58 5 50 54 2 19 38 91 59 10 83 31 98 13 24 99 77 22 45 87 59 96 86 51 14 71 50 25 26 56 4 23 98 44 90 47 63 23 32 93 85 74 35 57 67 85 1 
20 25 24 10 57 75 62 90 68 38 25 33 62 81 91 62 24 46 34 40 44 71 45 94 51 33 74 54 45 70 52 77 23 19 28 84 17 40 95 86 20 54 32 22 20 72 19 80 30 25 83 40 21 94 22 97 49 47 36 96 93 64 62 62 81 71 2 31 22 73 56 80 37 80 51 64 95 45 76 40 37 89 12 3 13 38 56 14 9 48 67 34 80 42 84 55 85 37 63 29 
90 32 4 78 83 17 18 64 60 26 94 12 49 9 70 4 55 71 34 7 16 28 86 23 60 60 96 52 63 74 60 43 2 51 51 52 12 11 79 99 43 63 50 26 19 66 17 44 87 81 39 4 83 32 37 39 78 55 51 31 41 63 93 62 95 95 9 70 69 79 28 7 59 81 24 94 82 66 70 79 31 53 96 90 34 70 42 98 8 15 16 63 17 5 51 98 28 37 61 27 
78 11 33 49 51 40 51 93 42 28 29 43 2 68 1 2 68 23 79 86 50 7 36 7 2 67 81 43 12 66 51 31 79 58 79 43 97 77 87 66 35 12 61 87 14 90 32 73 95 62 60 50 61 77 15 86 87 67 55 73 37 28 13 7 29 2 72 69 32 56 49 9 35 64 79 22 35 91 90 34 15 71 91 83 28 87 49 97 74 60 70 78 88 18 83 82 14 88 21 2 
68 28 85 19 29 66 86 87 84 21 13 87 60 53 57 93 19 75 2 33 63 57 25 91 46 30 5 23 76 93 29 51 20 23 98 79 15 75 37 94 70 95 89 73 73 20 40 92 1 88 9 29 20 44 60 70 95 46 13 21 99 68 42 5 14 14 86 76 36 13 58 23 90 37 42 73 28 99 8 4 37 65 15 42 49 54 18 77 43 48 71 64 53 1 39 28 74 37 1 72 
14 84 25 76 75 17 9 8 57 79 80 74 41 60 6 74 86 98 97 69 65 15 46 22 93 41 48 19 59 57 41 11 56 15 33 37 15 73 35 61 33 33 90 97 8 58 7 49 65 19 87 32 95 12 64 10 79 2 27 27 21 45 53 35 80 22 42 30 6 72 47 76 60 24 2 44 58 21 55 40 91 61 5 33 67 23 20 92 31 96 83 16 5 19 15 58 16 98 6 69 
31 39 57 89 54 96 27 91 47 87 65 84 70 38 14 84 83 22 41 42 6 26 5 91 69 99 99 12 74 13 21 80 47 17 19 32 99 90 50 10 77 10 41 29 23 90 40 25 29 54 73 19 96 79 5 63 89 63 86 7 89 69 22 47 58 91 15 87 84 6 33 92 49 30 57 45 76 76 43 2 90 11 76 50 74 8 24 65 25 5 98 65 5 63 9 65 7 20 16 40 
44 88 64 73 37 28 9 48 29 77 80 58 11 72 25 57 76 7 30 51 6 21 12 83 46 77 94 11 93 48 89 84 70 88 80 37 14 25 98 59 50 32 12 79 78 16 98 52 55 95 34 32 69 82 69 56 29 63 14 31 38 80 13 6 82 14 36 60 7 61 50 83 98 21 7 51 68 71 21 15 30 53 52 76 84 52 88 72 99 76 21 55 90 41 34 73 1 49 78 54 
31 73 26 96 22 80 94 56 94 65 43 34 43 66 89 23 86 32 77 79 70 29 80 31 73 47 13 80 18 6 29 15 71 61 35 11 54 10 93 40 47 98 31 74 97 30 41 94 22 64 91 97 19 32 33 96 67 36 5 35 39 59 37 88 5 70 63 69 34 30 21 39 9 98 61 8 27 41 54 44 7 31 93 83 96 63 7 28 75 53 57 59 68 47 52 39 44 27 50 22 
74 67 42 25 3 27 9 74 82 21 19 68 17 87 42 72 21 25 68 72 47 16 50 6 26 59 25 93 85 5 48 70 93 82 28 18 81 33 53 94 78 39 28 66 42 59 95 40 90 55 80 91 32 26 11 2 98 39 52 81 75 60 41 7 31 84 14 52 52 68 39 17 71 64 47 57 1 43 63 23 61 36 39 80 17 57 81 51 3 41 86 39 56 68 68 61 52 2 92 83 
