100 20
51 76 99 30 87 10 30 28 58 16 90 6 70 66 57 96 67 73 79 58 92 56 42 38 65 10 35 46 41 76 27 24 88 10 26 8 53 50 57 4 27 86 24 53 18 30 79 4 20 79 98 74 78 91 42 28 61 52 26 37 26 41 93 54 92 99 79 82 6 7 84 40 10 39 38 31 14 47 69 16 60 17 77 78 96 44 99 92 42 4 79 95 54 11 34 54 4 98 25 33 
52 85 64 12 99 89 51 20 84 8 24 67 22 3 5 74 3 38 60 78 31 13 46 79 73 11 49 82 98 44 31 39 22 94 72 97 51 57 18 39 29 87 20 27 75 43 78 47 35 24 89 55 16 25 87 16 37 70 87 49 72 62 31 77 91 24 28 61 6 43 2 50 12 16 32 24 33 91 99 34 67 12 29 53 28 62 33 12 88 9 55 47 25 44 17 47 61 35 57 89 
63 20 64 88 71 69 9 68 5 54 11 65 46 23 32 52 41 5 54 92 16 26 2 56 93 30 55 41 19 95 74 85 70 56 14 94 82 15 43 54 67 70 67 51 26 28 41 92 72 25 93 24 53 45 41 46 62 38 11 38 61 39 55 72 99 88 73 35 33 48 31 44 40 22 76 69 42 74 60 48 25 47 55 8 52 82 71 83 87 36 80 34 14 3 31 65 49 27 65 45 
10 92 54 18 44 53 36 58 42 62 74 1 13 83 21 86 72 81 32 97 42 7 64 51 36 91 67 94 62 46 78 98 12 49 16 50 53 46 72 48 26 36 9 93 36 72 48 87 48 51 71 23 80 9 6 77 96 14 24 8 1 62 37 45 31 66 84 86 54 56 33 90 59 68 64 69 47 39 76 84 32 2 70 37 28 75 48 65 47 66 5 38 91 53 23 45 48 85 66 94 
78 15 57 34 55 60 97 36 64 45 5 86 9 92 43 23 33 96 8 92 98 98 92 21 47 50 55 80 73 86 94 58 92 90 10 28 10 66 77 14 86 3 13 63 11 48 44 16 68 73 79 69 8 45 75 48 9 91 5 77 54 72 27 44 99 47 57 72 36 45 33 87 63 32 83 89 60 80 3 17 48 39 9 17 64 97 22 18 27 62 30 92 10 18 55 32 2 99 25 8 
43 24 22 37 9 87 19 49 32 7 79 12 19 17 81 93 5 30 50 9 94 73 8 63 9 41 8 97 25 33 88 31 22 98 8 5 28 82 95 28 58 67 89 17 59 15 84 43 59 17 74 74 5 31 93 23 6 30 66 81 82 40 44 72 6 92 53 93 44 59 38 55 4 2 5 29 74 12 64 89 74 60 74 61 91 32 89 55 28 79 98 22 45 58 68 87 6 78 93 2 
35 91 26 16 98 10 21 27 14 8 96 55 39 11 16 37 71 18 86 44 59 27 80 4 26 52 49 17 84 37 49 79 60 81 53 97 6 54 73 9 23 16 79 99 77 34 16 25 23 4 23 25 16 68 55 48 37 34 95 66 5 90 82 91 3 32 21 2 90 72 5 53 26 64 35 3 82 23 40 24 71 37 92 27 55 93 25 79 71 92 57 22 47 71 7 88 21 15 12 25 
33 65 63 84 83 49 97 45 38 56 83 25 17 47 4 94 15 71 65 4 97 56 90 82 95 7 13 33 93 94 72 21 32 53 4 72 91 74 36 65 96 96 82 25 99 5 38 16 82 18 67 39 46 89 5 20 4 94 44 9 77 29 34 69 91 98 71 74 64 17 93 2 3 96 76 22 95 43 21 98 9 51 56 78 79 93 24 87 6 20 79 22 45 48 80 44 7 57 85 73 
40 57 87 53 98 57 34 10 69 15 6 52 34 43 55 78 56 94 48 11 51 23 39 55 49 60 32 81 71 75 53 81 94 52 23 44 20 53 17 23 44 89 42 4 24 89 99 73 49 66 58 91 10 89 23 55 63 51 96 68 6 38 59 13 41 94 30 18 44 96 35 22 39 18 83 51 57 1 27 81 15 23 35 8 77 65 61 17 29 85 13 52 41 80 18 83 43 60 97 76 
41 70 9 85 93 92 87 18 73 13 63 11 23 63 75 64 89 50 42 82 71 10 3 16 61 42 63 2 89 60 41 13 70 32 5 99 40 23 21 30 5 44 99 40 87 89 32 73 62 86 40 23 8 35 19 81 46 52 77 78 85 18 86 27 68 15 19 68 12 76 95 15 50 30 29 91 83 36 66 82 17 38 32 75 8 2 75 1 7 61 10 81 1 62 58 72 61 5 1 6 
76 73 86 76 17 71 7 6 67 75 94 19 81 6 44 45 48 84 43 27 7 52 89 35 70 87 14 86 40 28 94 67 27 85 78 46 68 67 97 96 48 93 93 17 17 18 29 44 5 42 11 76 48 41 6 91 5 74 64 65 68 12 35 88 95 48 82 88 19 21 12 46 65 34 81 15 80 71 23 40 40 19 64 77 74 80 42 11 84 1 25 72 60 80 32 62 3 95 47 62 
40 83 35 90 1 7 91 21 83 36 21 13 2 40 86 38 40 92 14 21 43 67 90 31 12 28 56 75 96 23 95 95 93 83 37 57 33 12 39 47 77 75 90 65 15 7 1 21 51 88 95 22 3 54 10 73 94 77 78 67 50 68 36 80 87 67 7 64 9 35 99 41 1 53 98 94 23 10 61 69 4 2 12 59 33 20 31 5 59 48 54 82 76 59 62 4 25 1 76 6 
73 56 10 40 59 94 89 66 50 61 23 54 29 40 83 53 23 38 69 71 68 53 72 39 83 42 51 81 33 91 97 86 1 82 3 73 54 64 30 60 19 18 80 37 41 30 64 28 61 58 68 65 78 1 24 57 24 66 78 52 27 40 58 17 82 56 47 93 24 62 44 79 87 93 39 86 85 34 81 18 68 94 45 29 2 73 1 6 28 29 82 22 40 48 57 19 47 16 94 67 
35 94 38 18 45 40 55 25 84 58 18 55 28 54 87 88 59 42 61 84 22 89 12 30 55 62 31 81 42 67 78 6 52 95 20 30 84 67 74 78 12 74 55 21 26 27 17 18 79 91 96 56 30 42 57 3 83 95 36 42 40 65 79 20 34 94 97 92 82 8 99 64 25 51 42 33 69 38 68 36 33 89 58 91 90 82 66 45 17 89 69 10 25 26 9 11 18 90 33 32 
80 6 9 55 13 73 85 74 45 6 69 98 22 26 94 72 48 4 64 47 3 77 64 5 60 74 86 70 8 25 45 36 66 85 93 75 6 55 50 66 65 92 7 8 75 41 57 38 70 40 11 54 13 47 11 31 9 60 55 39 28 28 16 63 21 76 54 25 42 25 43 94 63 2 83 15 93 67 27 20 4 34 86 51 35 78 65 77 26 65 68 15 29 66 22 42 28 74 97 25 
10 65 50 28 38 94 22 99 61 84 50 65 79 35 28 88 80 92 82 73 27 45 66 63 59 13 51 30 80 47 24 74 59 17 78 12 14 8 10 70 14 16 8 85 68 40 52 92 24 72 5 18 57 99 2 78 64 90 52 69 63 91 27 61 77 21 55 94 40 62 17 69 77 59 39 45 11 7 83 27 47 47 47 66 70 62 55 51 41 69 47 99 82 14 82 56 83 60 25 83 
44 99 56 60 23 80 85 97 13 60 37 74 52 1 65 11 5 97 86 44 33 48 51 99 65 19 8 53 63 18 73 8 92 58 5 59 90 32 61 60 36 75 82 97 15 39 46 54 94 56 48 81 87 14 61 65 22 16 12 98 11 57 41 46 21 92 82 16 40 99 22 25 47 53 72 72 81 93 41 7 8 91 95 89 91 22 38 72 61 27 67 60 81 90 53 81 18 5 4 57 
31 48 92 18 50 37 88 87 28 28 20 3 29 39 90 22 56 51 17 85 2 54 72 67 83 90 33 15 91 96 16 91 34 51 27 24 77 14 6 42 91 72 65 28 94 84 39 52 95 25 22 25 38 23 17 35 45 12 76 96 60 72 50 89 95 72 21 7 72 13 57 95 63 74 51 2 40 55 65 16 18 21 72 12 91 43 7 95 89 48 98 47 9 54 24 64 65 23 48 6 
1 2 67 96 82 24 51 25 79 35 69 59 11 42 90 54 98 77 48 97 92 12 58 28 81 79 42 50 19 92 39 62 39 59 31 66 74 6 55 91 74 94 31 12 27 40 69 62 76 30 98 63 39 45 81 34 26 74 31 15 59 37 33 82 91 98 62 73 26 93 2 96 31 39 65 59 65 58 8 78 90 95 53 7 94 38 7 46 7 33 78 66 19 6 96 29 4 79 31 1 
82 34 51 35 94 42 25 49 21 90 88 90 43 39 29 1 71 59 54 82 36 31 91 90 86 36 82 31 77 50 70 48 67 38 3 25 12 48 18 72 58 2 41 25 35 94 80 35 49 83 18 63 82 83 3 76 77 61 48 40 38 27 22 9 22 31 42 26 31 57 71 12 10 13 9 63 35 27 81 40 13 43 47 64 69 11 76 13 48 81 55 11 98 2 74 24 76 7 25 55 
