100 20
43 34 81 6 82 62 68 56 53 97 66 42 61 65 6 19 48 67 71 1 28 36 48 95 39 69 61 54 83 80 24 12 70 37 79 32 62 10 46 51 19 13 57 22 35 47 10 55 93 46 5 68 1 20 92 24 37 94 16 75 94 63 55 13 25 23 69 4 81 23 41 38 64 5 24 71 62 50 77 71 96 21 22 56 68 5 73 43 95 59 90 90 64 54 19 42 67 17 36 69 
57 8 42 58 18 28 33 3 16 78 10 18 8 21 97 93 13 27 91 86 37 95 86 42 90 72 88 10 6 66 37 65 56 71 19 26 76 84 95 69 81 22 13 57 79 40 26 48 1 56 16 20 7 64 6 85 15 52 85 16 14 26 26 54 85 22 97 37 21 32 91 15 41 18 37 65 14 31 22 19 73 33 7 70 40 10 50 6 38 96 21 13 14 91 23 5 54 79 10 39 
41 66 46 33 94 38 82 23 65 27 22 91 40 87 44 79 40 19 8 68 10 58 45 73 18 71 55 36 42 52 97 22 72 10 86 12 95 66 84 92 96 52 94 56 48 94 57 92 6 15 42 79 99 22 40 78 33 7 61 32 69 33 26 50 33 34 57 13 97 5 78 54 81 97 3 65 43 13 31 81 72 93 41 78 87 24 87 67 23 14 87 85 30 3 23 94 67 45 27 67 
66 67 25 58 41 69 65 47 40 19 92 90 88 4 40 50 71 32 39 93 7 95 84 56 12 41 9 13 73 39 45 48 15 53 1 21 68 7 22 38 38 55 64 17 73 49 64 60 37 9 3 24 71 89 76 80 70 53 67 94 47 32 11 87 99 3 63 8 85 53 72 97 86 50 46 66 76 9 19 54 94 63 24 4 9 31 59 27 88 87 56 76 71 28 51 11 34 43 53 68 
37 59 82 67 38 55 42 62 90 37 14 38 41 6 43 21 52 46 66 43 40 75 45 90 23 84 14 45 64 81 23 28 12 36 82 43 49 23 8 21 34 66 60 65 42 81 92 91 13 23 92 74 93 22 25 92 81 36 79 67 66 91 11 12 77 22 82 71 27 20 14 69 49 75 20 48 52 22 56 17 52 77 66 90 26 91 19 39 48 88 56 27 39 9 37 56 8 54 80 16 
78 47 68 20 85 32 27 22 8 21 58 28 32 87 7 86 10 38 37 90 78 28 59 90 75 84 45 17 60 22 47 98 33 60 17 80 50 50 22 42 48 81 70 18 59 11 24 15 30 75 19 30 40 14 83 73 22 85 59 82 81 85 18 41 11 67 80 3 13 62 36 4 19 93 60 84 4 98 35 11 9 47 65 86 59 61 99 77 83 29 49 28 28 31 5 80 83 51 58 94 
88 29 87 60 68 46 61 32 43 79 30 39 90 64 98 47 13 95 91 31 33 24 50 63 82 48 24 16 2 7 66 47 30 76 25 97 99 61 41 84 32 91 37 95 26 10 16 83 57 73 48 54 71 42 74 69 73 74 91 34 26 21 50 91 41 16 46 19 73 75 17 18 16 87 35 11 91 9 98 35 49 53 28 34 55 92 60 53 88 45 40 32 34 70 15 99 76 65 30 68 
36 3 15 47 33 72 68 57 25 28 65 53 12 80 86 50 21 43 18 4 68 3 26 72 35 84 20 92 27 26 24 43 53 40 45 16 86 89 42 82 38 50 94 68 23 83 70 13 30 5 96 48 89 50 25 58 44 47 4 55 15 82 46 43 73 72 96 90 7 27 4 94 87 25 83 56 45 79 93 42 31 5 97 57 90 87 37 14 28 58 98 97 78 53 83 41 75 87 73 86 
86 12 49 73 94 22 59 75 13 5 40 78 5 93 96 90 53 38 72 11 99 46 96 71 93 30 24 76 32 51 78 51 5 60 1 83 38 43 90 69 38 64 47 53 35 11 17 74 28 36 36 12 26 2 73 23 92 26 74 93 93 22 8 78 33 45 3 42 5 34 2 11 32 58 94 8 11 59 70 1 56 93 54 47 43 77 59 35 53 31 22 28 18 23 50 9 57 13 66 24 
99 26 53 28 4 39 73 79 77 56 41 6 15 42 5 9 97 40 8 29 15 94 15 67 79 67 21 2 53 56 78 6 58 16 11 67 98 74 34 11 80 52 73 11 30 84 83 13 10 34 67 53 42 14 94 76 22 5 19 55 43 75 97 8 8 99 13 18 55 75 86 53 71 42 2 81 15 5 20 94 31 45 2 23 72 46 22 56 19 9 92 60 93 70 78 99 82 24 18 51 
94 35 36 1 71 72 91 81 20 62 77 48 75 17 49 51 14 48 53 41 46 67 15 60 13 74 38 41 79 54 96 93 27 69 27 6 46 54 24 33 33 7 34 90 82 85 48 52 79 4 94 41 97 17 37 24 87 25 64 4 72 58 83 15 44 78 18 16 54 66 96 85 10 20 51 13 65 44 9 94 15 48 82 25 92 38 70 92 60 9 46 75 99 41 54 29 15 91 1 86 
42 9 27 17 10 23 83 96 77 76 85 97 49 83 98 82 43 72 30 13 51 57 4 19 15 98 20 64 91 82 33 19 22 80 14 27 1 25 23 73 43 71 73 55 57 75 9 48 10 52 61 78 94 52 30 88 4 27 42 6 94 99 26 13 60 30 80 18 93 88 40 19 64 21 45 75 78 18 14 78 53 84 5 15 85 11 91 42 17 35 29 49 6 18 22 35 94 10 91 68 
23 3 24 3 98 1 76 33 75 86 43 49 66 39 76 23 27 8 52 18 10 55 6 33 97 3 80 49 53 76 69 69 63 43 62 65 78 64 83 20 60 32 41 71 24 15 69 57 81 5 68 56 86 55 56 35 76 31 4 89 20 46 83 90 55 12 13 26 38 79 96 44 83 82 70 2 11 82 48 99 86 11 59 35 66 13 99 41 44 95 69 30 90 63 21 38 98 70 99 70 
16 99 22 98 92 63 85 43 40 58 64 61 12 97 79 77 98 50 46 84 46 57 94 51 75 52 91 53 1 76 53 81 46 3 68 68 68 50 15 1 72 6 79 43 32 41 76 54 7 31 67 6 63 74 77 2 90 11 15 96 24 39 93 17 55 39 45 73 62 87 42 88 20 77 16 6 19 38 76 18 91 50 29 78 22 71 92 23 69 46 21 87 87 33 22 31 40 18 71 48 
50 78 82 96 83 48 8 47 99 39 76 77 60 42 30 86 12 16 92 92 75 83 59 23 48 25 97 10 89 72 36 81 19 4 57 62 8 33 95 59 75 10 28 59 81 8 69 23 18 21 65 76 8 58 84 8 91 36 18 60 28 70 63 24 83 74 30 30 29 47 23 47 30 73 42 72 44 12 75 26 12 92 89 45 51 10 28 78 53 13 3 77 73 5 85 92 25 33 8 67 
34 60 28 22 70 41 37 3 3 7 12 86 99 89 73 9 50 72 46 90 31 56 28 5 79 30 59 49 56 38 91 10 19 53 56 33 90 38 32 92 25 19 16 60 78 55 92 73 78 5 97 4 91 94 93 26 89 89 34 87 25 61 34 74 92 54 37 84 4 60 86 93 49 81 92 23 76 1 2 11 48 53 65 79 21 92 7 5 5 57 94 84 39 45 6 7 58 79 98 19 
99 67 69 20 84 77 52 72 83 11 40 86 43 58 86 24 11 62 70 68 78 59 34 70 29 24 36 88 79 13 87 38 23 6 97 29 71 55 22 12 5 25 97 26 10 35 94 34 25 8 58 75 84 7 49 4 62 85 89 33 17 30 8 79 32 1 80 10 62 77 77 77 78 3 6 74 9 25 49 69 82 46 19 54 75 59 93 87 54 97 61 36 17 73 67 21 39 27 54 61 
30 38 11 54 91 37 45 72 12 68 90 80 41 39 88 83 39 8 97 99 94 5 17 77 45 52 1 13 93 77 80 73 29 38 83 10 44 37 47 81 53 41 43 69 15 3 93 98 45 75 91 58 40 35 16 15 94 95 54 35 19 31 20 5 57 92 70 45 11 28 27 34 51 98 93 23 43 1 74 57 60 84 91 93 6 67 10 19 30 59 47 69 52 79 99 51 73 72 55 54 
77 81 94 89 35 2 90 15 32 98 87 13 37 49 53 5 65 91 55 70 82 21 49 43 87 83 80 3 17 65 72 68 29 93 20 95 6 24 86 66 40 36 95 82 34 32 26 64 91 21 4 39 10 22 95 38 75 52 8 88 57 22 72 8 3 30 45 97 25 55 1 37 6 50 21 79 79 38 95 39 36 3 12 92 8 84 45 68 67 74 62 41 18 5 5 26 91 46 90 73 
97 73 7 4 91 13 93 29 44 42 24 65 75 56 74 82 59 61 11 41 94 44 58 67 78 38 72 22 64 95 3 65 41 53 68 29 97 5 18 83 90 65 8 8 13 44 64 56 66 9 53 31 27 60 53 45 15 95 18 97 60 79 49 37 79 13 65 34 34 3 68 47 9 26 13 92 71 7 76 14 50 75 28 51 96 46 93 7 55 79 30 17 35 53 88 19 75 31 88 21 
