100 20
43 72 54 79 62 94 15 31 21 75 59 20 61 55 76 58 25 51 25 51 2 94 80 45 64 81 79 69 21 11 61 79 53 32 11 5 64 86 7 84 17 52 62 19 84 86 67 12 87 71 37 9 42 57 49 49 3 5 94 3 5 30 16 17 11 48 53 61 50 18 88 67 66 81 88 77 60 16 48 85 33 67 35 79 29 3 32 89 80 50 82 26 54 41 34 30 88 57 81 10 
57 95 53 83 29 41 56 94 51 97 1 40 85 47 21 97 94 40 15 22 63 17 57 66 16 24 27 2 34 33 17 32 80 62 58 16 11 92 39 86 97 85 20 66 45 5 54 88 11 35 10 17 26 96 81 61 7 68 16 97 82 5 27 88 8 56 17 1 84 83 89 22 77 82 77 83 38 99 54 75 17 48 55 67 89 33 95 27 68 64 92 38 25 79 78 20 10 59 24 45 
17 45 41 76 33 55 17 76 7 50 13 2 85 6 93 53 27 45 34 26 94 34 13 3 54 72 4 49 63 89 71 10 66 40 64 95 88 92 10 83 32 30 4 7 64 35 12 49 17 92 55 43 77 77 10 56 83 50 96 89 14 51 79 71 86 93 53 48 50 58 43 82 78 85 93 42 62 70 66 98 6 57 32 16 19 31 62 48 12 13 28 32 85 53 88 80 33 25 88 76 
6 27 17 37 95 60 30 47 19 96 30 68 19 49 4 86 97 67 89 61 90 13 35 96 29 25 71 11 13 90 84 99 76 10 76 14 60 71 42 18 78 14 32 67 86 98 24 73 51 79 91 71 20 66 71 92 88 1 35 28 67 18 54 2 57 23 71 37 12 52 67 29 6 45 32 6 10 15 33 5 54 15 79 38 99 8 98 60 4 34 98 41 91 82 40 29 27 55 4 24 
4 36 71 83 88 12 72 37 89 9 66 79 75 61 7 64 19 8 71 24 41 33 13 8 59 13 95 29 23 57 43 7 64 57 80 13 38 25 79 10 68 37 99 3 88 82 37 73 89 4 61 33 58 37 65 60 28 64 6 47 15 50 46 43 67 88 5 95 8 44 93 99 74 1 64 36 68 97 53 18 96 82 23 34 14 47 7 92 67 75 52 64 42 87 65 26 1 78 55 7 
53 20 70 42 58 44 62 59 12 15 60 91 27 1 51 62 44 88 57 75 47 2 54 30 83 20 91 40 83 94 10 52 77 74 60 66 17 17 22 55 90 11 22 78 42 93 55 7 96 72 1 37 67 39 41 13 86 93 82 41 15 58 74 17 65 98 22 32 21 43 13 4 52 99 32 87 36 75 80 96 77 97 94 25 25 27 64 58 89 83 52 99 66 58 14 87 49 37 14 10 
82 13 75 78 11 89 24 86 34 15 30 63 91 22 45 77 47 37 97 85 90 70 86 24 28 9 73 3 76 11 79 4 56 1 73 68 86 63 72 95 80 33 30 32 32 94 36 68 19 69 1 35 90 16 60 89 62 18 61 18 11 83 57 22 69 34 6 16 15 99 57 21 69 16 52 57 90 13 12 39 64 10 36 68 99 14 92 26 24 7 15 68 73 42 92 22 89 41 66 74 
27 91 43 88 17 71 91 55 95 82 90 79 83 64 86 16 45 3 7 54 62 7 29 89 2 76 50 89 82 65 55 66 46 57 83 40 25 31 1 12 10 27 67 33 20 21 5 71 73 88 67 78 52 79 9 63 73 77 50 57 57 78 52 84 94 52 81 30 20 16 78 8 75 98 31 33 80 16 34 84 3 30 69 79 26 28 64 39 18 84 68 58 99 31 17 74 14 28 2 36 
11 79 58 10 69 76 53 74 40 38 44 21 99 51 91 73 56 63 65 36 96 24 82 40 34 26 57 79 43 55 40 63 11 29 64 54 76 42 86 15 77 9 36 49 93 10 52 49 87 34 33 36 50 20 75 5 47 6 21 67 58 66 1 99 24 60 75 80 87 73 81 38 42 63 77 94 67 1 80 6 82 15 19 11 82 39 66 71 86 50 95 16 77 14 16 85 50 33 16 76 
41 11 70 7 59 80 95 83 2 5 44 53 39 48 72 12 17 68 68 56 74 35 76 7 61 43 10 17 59 39 70 2 97 32 70 48 75 20 50 41 78 3 94 77 95 5 55 86 44 88 65 47 81 80 61 10 27 84 3 13 80 3 85 2 44 52 67 46 34 86 82 62 6 15 60 29 69 16 46 8 10 61 19 60 4 33 10 69 42 43 21 53 43 50 45 90 77 79 83 33 
31 47 48 17 56 35 85 59 16 95 88 13 59 76 79 28 6 82 48 63 41 70 50 73 9 43 91 6 7 40 33 92 78 35 76 46 9 28 61 52 14 38 57 62 41 98 60 89 58 49 82 1 48 34 51 11 3 87 97 77 17 38 53 94 80 92 43 82 78 36 78 88 73 22 52 73 11 70 33 11 6 57 57 77 38 8 23 49 48 96 83 94 28 33 44 64 18 60 52 92 
89 78 80 45 65 46 17 89 18 19 51 61 51 24 7 59 25 75 49 6 28 42 54 12 42 21 78 49 14 1 26 16 24 33 20 9 52 1 67 91 52 87 31 59 13 46 97 12 35 65 46 22 93 41 15 2 9 45 75 72 17 93 93 35 35 12 6 37 33 10 83 41 2 47 3 93 20 1 12 96 24 37 4 72 78 77 81 33 43 68 28 53 40 52 73 32 27 30 67 69 
82 38 34 88 12 90 35 17 72 28 8 95 81 14 22 97 47 47 59 8 10 7 56 66 88 2 48 7 21 8 14 8 12 12 17 30 71 62 53 64 63 3 89 74 49 24 15 37 26 6 74 91 77 57 23 81 12 63 62 96 11 30 85 16 67 25 25 56 36 21 91 12 72 45 20 98 75 16 13 1 38 90 84 10 81 8 5 72 9 32 42 31 40 96 6 72 62 49 95 65 
12 50 25 42 98 51 97 9 69 97 59 97 38 44 34 82 67 37 1 83 84 29 17 93 5 4 33 89 43 87 13 53 42 73 53 92 83 38 1 58 9 60 72 62 39 41 73 96 94 19 17 55 9 93 40 46 53 40 26 17 52 32 21 70 5 57 53 83 97 35 52 25 32 39 67 77 34 15 84 53 81 96 48 14 16 27 79 88 64 77 92 94 60 65 17 52 56 71 11 10 
72 41 66 71 96 78 38 14 22 41 34 74 37 48 36 13 66 69 14 32 70 19 16 78 34 46 61 30 62 32 40 94 76 84 1 2 1 26 46 92 63 94 27 22 88 32 37 45 87 80 5 15 54 76 88 73 60 43 70 47 45 84 47 42 13 78 28 33 26 71 27 61 98 75 55 29 86 53 16 88 88 21 97 40 33 36 69 24 76 95 72 15 94 26 15 14 75 78 65 47 
45 35 51 18 34 41 84 41 57 1 48 32 39 25 90 41 97 72 93 51 16 20 31 50 6 30 46 94 81 22 15 79 23 34 17 9 51 2 3 61 91 18 65 64 44 8 8 58 54 92 8 63 79 64 92 56 58 47 6 30 78 73 74 70 49 45 77 17 64 12 18 40 76 29 89 4 61 34 44 34 90 15 62 94 96 72 22 46 43 96 66 23 95 33 73 95 87 47 24 46 
12 27 32 7 53 9 8 12 34 27 4 33 11 90 55 34 6 52 38 41 58 48 11 89 60 49 63 65 9 94 56 53 41 46 67 75 83 25 34 36 95 56 95 70 11 17 42 80 82 72 52 85 26 30 39 60 66 72 95 85 75 10 39 85 21 16 47 72 9 80 14 94 27 46 82 76 86 53 95 62 72 87 35 63 77 19 70 95 54 49 98 31 55 53 86 33 76 23 22 10 
16 96 37 64 36 97 9 69 40 59 83 9 54 98 29 18 47 48 21 53 53 71 59 16 93 81 86 62 86 63 6 33 75 89 4 63 43 39 63 7 30 17 87 49 54 74 16 34 31 24 41 76 88 61 34 80 91 82 56 65 54 4 81 73 64 79 14 99 97 22 8 3 41 18 85 29 7 50 54 26 54 13 28 65 6 34 47 61 71 91 91 85 59 35 7 92 3 1 14 31 
45 51 31 90 21 76 35 21 75 7 60 98 70 98 46 15 97 77 60 74 73 28 92 90 33 87 47 76 26 45 39 41 4 29 83 81 21 4 95 80 23 64 77 91 46 27 18 42 3 26 81 24 83 8 5 82 47 19 92 18 13 9 5 75 57 16 55 36 7 65 6 16 30 61 58 56 34 81 47 20 56 69 35 80 58 31 9 23 23 25 66 30 40 58 18 81 12 81 75 45 
58 42 12 65 77 59 10 61 77 45 90 90 74 22 15 95 41 46 83 88 72 75 5 17 56 43 63 37 43 19 89 80 11 85 28 20 36 2 7 43 64 74 4 19 76 27 20 65 57 64 42 19 65 48 18 6 4 58 20 7 83 69 18 27 96 14 43 68 83 50 62 93 4 36 42 95 99 96 21 68 70 87 75 76 38 69 90 20 17 76 27 6 83 80 92 16 43 65 9 76 
