100 20
61 12 15 57 51 35 42 32 69 1 65 32 61 23 30 56 51 85 67 26 57 56 11 13 10 11 18 51 73 49 89 60 62 14 83 59 60 9 39 92 39 20 91 42 79 30 93 47 85 41 34 28 9 94 53 98 61 82 67 87 39 75 81 59 39 36 13 29 76 36 6 82 6 81 54 98 39 26 17 60 63 90 40 82 61 83 71 23 27 21 82 7 88 40 88 41 26 23 60 36 
90 40 92 41 56 56 40 81 26 10 6 65 5 65 34 15 76 29 97 91 97 41 86 87 93 68 7 21 47 2 70 26 98 45 91 50 35 13 78 48 85 21 30 72 15 83 26 70 17 5 23 74 9 70 46 1 25 47 87 39 10 72 94 47 13 48 66 45 82 36 46 10 56 50 17 66 59 52 94 84 96 43 21 70 46 57 56 62 50 59 78 22 16 33 68 31 2 79 11 81 
78 1 90 68 23 83 31 39 59 7 88 94 47 59 74 68 41 32 30 76 64 85 99 91 70 22 93 9 21 48 61 17 46 49 58 64 18 55 16 30 17 12 8 91 4 45 20 93 85 35 23 17 82 80 33 46 4 70 88 41 7 50 15 3 75 95 91 44 82 72 27 55 59 16 20 79 66 89 34 72 61 62 62 79 66 70 1 98 40 92 10 52 43 12 92 55 8 91 55 83 
20 34 97 92 78 75 35 61 77 35 14 64 90 61 18 14 75 12 91 49 20 99 77 87 83 30 62 62 41 48 21 67 30 84 61 3 88 94 65 17 4 6 35 52 53 59 35 85 48 57 35 75 81 98 59 4 65 33 23 20 80 97 79 85 16 63 66 17 14 76 43 28 17 8 41 77 5 88 4 11 45 60 32 99 32 18 26 94 34 49 30 61 33 82 78 26 74 32 35 23 
3 13 34 32 61 58 88 63 40 84 55 12 6 68 9 10 50 24 12 37 9 28 27 46 76 37 40 75 33 4 73 73 52 98 11 11 30 26 14 7 96 44 38 39 40 86 56 73 21 76 72 71 92 46 45 17 23 58 4 32 8 25 66 94 92 21 61 59 91 9 43 76 6 55 13 8 42 49 38 47 30 20 66 42 44 59 52 7 20 36 69 45 73 18 29 67 21 88 5 11 
96 30 65 18 1 50 34 91 33 94 21 17 23 54 52 17 19 28 75 64 88 15 48 82 5 10 36 38 47 97 3 30 89 42 7 89 95 88 91 68 15 47 84 38 72 94 84 78 68 65 61 76 64 44 46 13 83 60 27 64 2 83 40 90 40 15 64 33 61 81 20 5 61 32 53 86 63 26 39 18 16 34 67 94 76 26 43 60 18 65 76 1 13 9 75 37 29 90 45 18 
39 23 74 88 3 34 92 3 73 75 31 19 53 86 40 76 57 47 63 86 74 42 4 1 40 31 95 78 3 19 70 61 94 22 27 35 99 38 2 1 22 16 34 45 54 21 38 8 49 10 70 51 83 92 96 26 31 6 63 46 28 78 67 51 47 3 21 77 58 3 22 27 5 4 24 39 68 96 5 53 39 13 33 80 81 88 38 76 8 36 82 3 44 10 22 99 99 80 84 55 
63 2 88 95 9 96 20 51 35 8 47 42 73 70 79 41 91 9 82 84 43 77 31 9 8 8 47 98 36 50 46 30 93 18 77 15 3 30 74 43 89 57 91 25 25 63 52 40 70 52 91 75 19 7 97 73 43 38 60 72 34 24 10 52 48 57 65 78 51 86 73 44 59 60 56 15 84 73 54 73 79 6 66 61 80 71 1 23 50 58 11 53 20 75 45 34 40 93 87 85 
4 40 10 81 7 58 52 66 10 34 73 65 86 95 80 49 7 9 86 85 57 98 31 60 60 68 99 99 91 17 40 79 2 58 80 55 30 39 53 72 27 60 9 90 72 92 35 96 94 97 78 30 87 44 60 95 30 31 97 88 5 1 20 6 19 61 88 70 20 6 18 48 15 27 88 67 90 43 73 37 32 8 48 63 40 36 18 72 51 20 31 28 55 47 99 46 15 21 17 21 
86 10 63 47 88 50 87 4 84 96 94 57 55 25 85 46 71 9 95 4 84 18 93 58 23 8 65 17 84 16 20 68 32 52 72 71 85 98 44 50 15 95 54 88 36 41 14 22 5 84 20 34 8 17 48 47 59 65 48 20 91 90 37 36 52 75 90 2 96 24 39 41 80 50 64 83 54 74 85 62 59 19 61 10 17 95 76 46 27 7 41 76 56 33 81 82 39 34 35 19 
79 85 99 3 25 22 99 46 33 78 84 6 96 44 96 35 47 5 54 71 32 15 24 2 79 64 86 36 65 48 9 73 88 34 11 67 32 34 32 2 37 68 6 54 69 40 24 67 87 97 5 17 15 9 66 77 4 27 91 97 9 60 95 63 52 40 99 69 93 91 95 85 99 97 16 29 12 75 4 29 15 36 79 1 8 61 10 8 69 66 78 36 29 75 54 59 35 80 56 11 
84 74 86 18 61 67 6 38 43 45 41 35 9 3 77 83 58 30 89 70 53 50 85 45 60 69 54 54 98 16 6 93 82 85 18 48 61 87 75 33 69 84 19 45 63 38 85 98 71 53 53 74 34 22 87 60 48 64 77 96 12 75 89 19 66 69 4 4 42 20 59 9 1 6 1 22 78 57 19 98 33 93 97 11 82 73 53 87 54 34 80 60 23 38 98 8 61 13 92 96 
16 9 25 56 4 74 85 26 65 3 91 93 47 46 58 51 89 19 58 67 49 18 37 97 15 42 32 11 30 8 93 4 6 71 4 21 48 46 92 74 67 22 58 59 4 80 86 76 42 20 67 50 34 69 16 44 13 9 89 83 16 87 11 71 1 44 77 12 65 23 91 21 66 95 69 52 38 77 66 15 10 48 92 87 27 67 33 43 68 98 64 62 65 23 77 57 21 60 91 85 
94 9 97 34 71 93 10 33 85 10 73 8 5 81 59 41 77 51 16 81 26 71 64 35 40 97 87 58 73 87 31 54 35 86 92 61 83 27 16 55 22 23 83 33 88 57 15 16 54 84 56 36 14 15 74 35 81 18 52 55 82 8 82 32 49 41 60 92 12 12 75 45 95 42 11 73 13 76 32 33 57 77 83 41 95 19 79 75 64 77 99 62 61 29 86 73 42 40 30 20 
82 76 16 99 2 88 81 58 63 58 48 52 11 48 31 89 93 3 32 96 35 22 12 86 2 27 56 31 67 28 50 24 90 97 40 55 74 35 4 76 41 37 25 71 99 64 54 22 13 15 83 82 65 88 10 41 37 56 11 93 68 32 7 13 27 36 32 12 81 69 5 20 67 78 95 44 56 28 93 46 23 64 78 2 19 87 87 76 34 21 84 93 73 77 29 99 18 30 43 34 
14 73 77 90 34 61 24 70 33 89 16 57 89 46 25 17 6 39 71 11 50 44 61 40 6 45 36 84 9 80 14 50 93 86 33 15 40 39 97 65 11 2 20 49 3 64 61 11 82 88 83 41 38 53 85 20 17 98 48 54 71 66 82 32 3 46 68 57 7 18 99 98 15 97 30 29 36 81 16 74 8 83 56 53 32 87 42 24 22 86 98 25 47 27 25 20 77 51 43 44 
2 31 80 14 33 33 40 86 41 21 37 57 92 26 54 10 69 90 8 1 97 86 59 74 55 39 36 85 99 36 53 17 81 57 26 94 64 83 97 12 45 23 48 45 71 27 21 74 59 6 36 98 14 53 13 58 48 61 86 51 99 40 28 55 51 36 62 41 50 52 86 96 23 65 89 43 1 45 70 54 31 73 57 74 1 61 26 37 56 72 20 86 16 35 66 93 94 65 96 75 
97 23 96 51 14 96 24 84 56 27 96 66 20 57 57 61 94 93 94 87 63 94 35 17 95 65 36 60 38 50 85 70 14 28 87 26 9 7 61 35 73 14 33 22 11 93 31 22 70 98 79 79 47 85 88 36 69 7 54 27 94 3 45 75 5 4 2 85 98 11 31 37 83 3 91 75 74 21 98 11 81 64 11 9 9 86 23 83 44 89 65 93 58 12 93 36 89 28 84 36 
90 12 94 77 32 38 51 48 48 87 80 77 40 54 79 98 97 25 75 21 74 50 86 5 47 16 93 26 92 8 11 48 53 81 50 87 5 34 93 86 27 67 61 77 71 63 78 54 30 46 45 43 5 57 7 64 75 18 22 10 68 3 27 4 27 7 12 78 78 14 83 37 3 65 39 27 2 31 28 5 68 74 27 9 56 23 8 25 44 37 3 56 12 81 76 92 2 87 92 76 
50 33 41 92 56 88 81 77 50 42 19 76 16 59 83 1 89 80 31 57 7 68 84 99 41 49 83 64 54 59 20 21 34 85 88 10 42 11 30 92 56 56 68 88 13 30 64 26 52 63 51 78 63 60 81 16 26 39 71 41 53 76 45 40 38 51 75 20 94 87 30 57 7 98 15 40 63 33 16 11 9 14 47 11 86 87 91 26 79 62 43 26 55 57 53 12 10 41 76 58 
