100 40
67 60 81 8 86 9 67 40 69 51 25 81 64 83 37 35 32 65 96 66 50 20 12 7 10 35 6 51 13 62 15 56 80 18 88 47 43 81 92 11 49 96 6 95 58 72 21 19 45 78 43 59 99 53 94 59 23 95 11 26 33 70 39 31 61 6 43 10 52 93 1 61 64 89 2 49 71 17 52 1 61 57 72 8 35 60 93 25 7 38 64 73 7 68 46 37 79 91 14 61 
13 68 40 39 11 43 16 78 60 8 59 49 37 75 10 2 90 83 75 7 41 85 36 53 76 58 40 54 57 96 8 39 13 19 30 59 44 59 66 87 21 76 47 16 85 47 74 56 47 68 20 41 88 58 24 23 62 55 99 77 88 17 29 95 61 24 63 93 43 73 28 4 66 86 15 81 35 2 87 3 23 79 79 60 74 1 95 72 3 64 11 72 92 93 69 18 1 28 85 85 
88 75 4 24 19 74 17 3 63 7 78 71 2 35 67 65 65 21 16 25 36 29 8 88 48 26 78 99 88 77 14 1 93 54 51 36 53 25 81 51 6 63 46 96 46 43 38 20 15 38 99 72 10 26 29 6 75 85 72 76 12 96 30 38 68 39 51 49 46 97 38 67 97 57 46 54 28 3 79 70 93 22 94 81 2 5 1 50 12 42 57 44 34 26 76 32 31 51 21 83 
14 13 85 2 86 98 6 23 53 87 5 42 49 21 24 82 67 52 57 72 58 39 61 50 31 48 48 62 52 54 88 61 46 40 9 10 93 95 96 75 36 20 95 36 69 17 7 76 51 2 89 88 92 94 60 73 65 26 95 39 99 33 28 2 80 60 47 84 53 59 2 19 20 92 98 46 41 27 2 11 34 40 32 70 75 15 70 86 97 43 53 30 93 24 76 78 11 66 93 21 
19 27 91 35 69 26 89 42 5 96 93 93 87 44 85 87 72 11 38 63 98 80 11 97 96 72 55 5 86 49 10 41 77 10 2 1 66 92 48 16 39 74 57 60 72 73 22 44 31 45 28 17 68 83 48 70 28 24 45 31 40 37 70 66 28 37 64 84 2 74 56 30 58 40 65 87 87 61 99 80 66 8 55 73 61 87 19 66 27 45 64 1 10 67 57 57 41 78 49 54 
45 84 40 50 59 64 87 81 68 9 99 7 25 76 29 57 28 20 70 60 23 90 67 37 97 32 7 6 87 84 22 78 73 82 88 63 80 57 31 63 78 35 18 76 85 36 62 97 61 76 24 15 13 70 7 14 92 22 60 73 97 36 80 68 70 9 7 70 99 34 26 44 19 1 67 51 5 90 8 48 83 84 69 85 23 56 19 11 38 74 67 67 88 5 73 90 79 9 40 16 
82 39 51 44 62 86 5 44 58 71 72 74 25 74 98 80 45 54 54 82 26 44 36 77 4 53 66 40 40 71 96 20 24 60 2 44 68 61 86 17 17 91 80 17 36 42 39 3 20 85 46 6 91 67 10 38 97 11 67 83 13 16 80 7 37 57 39 46 98 89 57 19 51 41 79 16 75 18 72 9 77 3 33 41 91 55 82 36 78 9 68 92 24 77 67 86 42 49 80 69 
98 90 61 24 87 39 19 71 74 56 90 72 73 84 33 86 33 48 34 54 35 54 17 1 90 94 36 32 48 42 79 37 85 52 67 89 15 64 53 44 81 99 22 39 62 62 94 95 67 41 22 17 40 4 87 88 57 6 11 82 26 81 40 48 89 50 59 22 22 12 83 21 29 51 62 46 53 36 77 81 65 16 41 92 71 23 3 28 11 73 41 20 54 64 68 82 5 76 31 15 
18 79 28 27 36 55 72 22 49 77 85 86 20 44 36 98 75 66 59 53 6 70 51 57 66 94 74 31 75 94 56 13 16 35 84 50 36 1 14 8 45 85 62 63 20 1 13 9 98 69 12 51 84 30 68 9 46 34 57 16 13 48 17 22 81 52 50 88 12 41 23 92 27 22 67 23 14 19 75 85 25 67 9 97 75 18 87 92 45 35 1 18 79 97 98 32 84 97 94 11 
54 60 45 1 48 61 20 91 47 11 35 9 2 34 75 88 83 24 49 34 83 48 80 22 13 40 19 97 3 6 28 76 8 22 98 45 97 35 36 60 67 62 69 48 30 88 46 7 18 73 37 3 85 43 28 73 7 95 31 28 75 99 73 45 8 94 7 72 38 87 1 29 21 59 45 6 33 58 52 60 70 5 51 24 48 88 95 96 5 70 56 48 95 80 25 21 98 21 14 25 
53 10 97 16 95 9 30 62 13 21 56 59 43 57 93 66 32 78 60 95 22 98 75 13 58 81 60 31 88 43 39 20 61 53 35 95 28 29 74 30 38 43 84 44 46 16 94 12 8 24 37 56 78 90 41 55 16 94 43 37 81 64 77 80 34 80 80 17 38 73 91 29 57 28 51 50 58 78 1 67 7 12 81 17 73 66 41 88 27 31 24 23 42 48 78 12 89 10 55 97 
15 49 78 92 44 98 50 29 89 71 56 87 90 55 18 10 96 93 62 94 67 90 28 97 66 8 57 36 67 63 2 80 50 33 23 62 4 52 87 70 26 13 71 49 20 65 56 5 97 16 34 96 78 32 5 45 91 36 72 28 72 10 54 80 63 92 70 94 16 79 52 22 88 27 37 71 49 47 70 8 72 10 6 57 39 44 5 1 41 35 37 77 75 26 78 86 48 19 14 82 
27 81 55 61 76 51 26 51 22 5 85 15 59 66 26 44 25 51 76 25 93 61 7 29 78 89 24 17 31 17 76 41 45 13 50 40 50 38 69 44 17 40 1 69 53 56 45 24 8 13 47 3 67 27 86 92 58 2 85 66 45 31 3 87 33 97 38 9 65 74 28 71 24 21 51 5 30 87 21 30 44 13 94 54 66 26 66 76 35 44 67 81 28 71 71 46 61 6 88 35 
42 22 82 51 27 30 89 47 8 8 28 25 4 16 89 93 31 62 62 9 98 99 30 71 13 26 69 26 74 85 55 65 79 66 55 24 19 3 34 85 80 73 51 75 46 4 62 67 92 64 16 77 92 69 58 70 16 79 30 53 23 2 66 80 75 85 1 49 25 30 57 7 23 74 59 40 12 8 24 84 33 62 64 21 22 16 87 74 8 90 96 16 18 55 89 60 72 24 62 71 
65 44 70 64 96 32 39 52 86 13 87 42 21 84 64 69 61 74 94 98 47 32 80 20 93 36 99 48 91 90 10 28 11 28 40 29 95 7 99 46 67 9 73 3 24 47 22 47 40 59 84 57 67 8 75 34 34 84 84 6 43 7 79 30 77 18 6 86 91 88 83 85 23 16 10 62 79 22 59 77 49 58 81 19 95 2 4 4 59 53 29 72 57 45 38 91 82 32 87 57 
3 17 99 13 68 71 44 39 21 44 98 44 25 65 43 50 29 97 42 10 64 36 45 12 44 9 79 74 66 77 61 51 9 37 83 27 35 12 27 20 89 63 53 81 99 83 5 94 77 96 10 76 17 62 79 75 91 69 4 75 63 43 61 90 73 40 8 68 46 48 86 89 89 89 20 68 93 20 16 51 32 27 64 16 60 30 36 74 18 84 87 72 27 74 57 87 90 20 65 30 
90 68 96 89 35 17 47 4 78 20 1 70 32 14 53 82 27 99 16 98 4 42 13 41 22 71 83 94 49 78 81 11 73 22 71 4 91 24 36 50 17 67 70 93 77 3 82 41 13 44 96 61 80 68 49 90 47 17 92 26 98 95 91 31 30 74 25 32 54 86 86 20 96 30 85 49 96 66 41 39 8 21 89 73 97 85 82 97 49 13 81 23 56 22 65 26 30 93 26 44 
86 56 2 3 47 64 85 27 19 55 77 91 14 48 97 3 12 87 39 87 63 34 61 94 91 71 95 90 87 2 46 65 12 49 82 25 98 57 48 1 50 89 55 39 38 31 88 12 8 85 99 8 70 78 14 37 12 55 24 30 84 79 94 37 15 40 60 29 95 40 27 97 93 8 68 55 44 90 32 32 52 53 32 81 93 85 55 75 16 93 58 8 35 6 67 90 38 70 81 57 
57 5 81 71 99 71 70 9 35 1 79 45 5 89 98 2 99 36 70 3 62 39 87 73 86 99 95 41 19 21 91 32 56 6 24 78 48 62 92 11 95 94 48 63 51 15 93 68 17 31 84 63 49 55 26 86 55 2 75 76 92 85 43 74 71 24 89 22 53 33 27 64 52 35 19 46 32 50 81 15 9 1 80 20 51 12 36 10 78 10 18 38 60 21 47 56 21 76 96 21 
94 86 85 88 4 49 33 16 49 3 64 30 67 67 70 79 51 68 97 20 52 42 52 15 79 31 97 37 1 84 55 65 42 61 3 85 83 27 77 93 68 56 74 92 93 30 46 91 16 38 1 11 49 77 9 74 66 53 94 19 94 78 41 83 24 73 91 19 97 67 44 83 21 95 55 40 53 4 41 64 13 42 73 36 78 71 82 43 82 58 57 82 18 79 44 58 34 17 46 83 
65 37 20 70 40 61 49 7 28 21 28 52 95 99 90 36 1 20 65 24 88 43 64 22 91 68 92 75 34 36 44 67 29 25 98 22 78 51 29 1 70 73 94 5 87 84 45 73 96 22 18 87 55 57 41 64 12 6 30 61 1 17 90 75 48 82 18 41 66 32 94 34 60 36 94 66 21 2 77 92 30 76 95 4 57 47 87 30 63 38 83 41 94 13 1 47 89 77 46 95 
88 48 12 52 63 19 53 86 68 65 68 37 76 42 76 79 5 96 45 84 19 72 84 20 26 10 51 46 82 43 49 22 86 2 24 97 83 11 68 22 63 90 22 39 62 56 65 85 61 20 29 95 87 87 87 99 10 60 58 20 48 36 7 76 62 7 42 85 61 59 21 56 97 77 42 94 69 39 52 1 19 18 42 71 37 81 49 98 55 95 54 68 56 20 83 62 61 8 11 59 
46 89 83 45 79 54 43 12 72 86 25 87 80 38 19 39 81 41 43 10 82 1 44 20 16 1 91 66 41 1 82 21 45 38 42 33 39 24 22 31 63 49 97 16 83 79 74 67 90 57 82 42 4 2 78 71 68 9 46 65 57 51 96 9 68 77 65 63 27 12 16 69 83 58 39 41 18 93 50 70 33 74 93 26 61 31 38 52 61 72 78 70 16 84 40 80 36 26 70 55 
34 87 3 11 77 3 8 92 87 76 3 62 70 14 84 92 61 3 79 37 28 15 47 32 73 3 82 99 32 3 10 41 71 35 88 43 90 2 10 73 24 87 98 84 36 60 13 10 27 70 41 66 27 51 7 54 99 20 65 55 44 73 6 36 89 95 49 43 97 50 49 10 64 84 92 48 18 29 1 55 20 97 24 11 64 84 48 77 77 69 92 99 19 14 8 6 81 62 77 6 
78 64 70 53 78 18 70 76 45 84 44 55 81 77 52 36 57 26 19 77 4 70 34 54 17 67 51 54 57 86 86 80 49 14 23 48 80 45 5 86 6 93 42 42 39 85 8 72 62 61 40 48 20 76 41 58 21 97 75 2 37 8 73 93 6 4 29 63 29 96 1 52 70 12 10 17 59 86 42 30 88 73 49 75 16 42 43 51 62 70 4 71 14 55 73 63 18 5 57 68 
27 71 24 14 42 21 37 48 12 44 8 39 95 46 77 50 71 4 10 20 36 65 89 56 9 48 19 35 29 39 23 6 56 97 46 86 69 50 53 65 68 97 28 1 74 7 76 23 26 19 26 30 85 43 20 93 34 59 26 53 73 17 31 18 24 38 41 70 28 13 83 60 49 2 7 10 69 37 77 11 91 22 84 24 39 26 37 82 56 92 62 89 6 36 11 18 73 37 51 10 
89 57 53 65 38 46 17 14 82 39 27 21 99 56 84 7 65 69 93 43 60 1 60 54 64 26 88 17 60 72 88 56 32 17 68 53 64 88 40 37 44 69 17 89 60 92 12 43 4 41 41 85 64 50 23 51 37 10 75 28 16 56 19 57 96 80 76 29 77 26 71 86 58 85 29 24 40 4 76 87 25 77 41 74 17 55 53 34 22 37 44 66 48 73 47 25 4 69 97 12 
55 87 6 9 85 70 75 12 83 69 84 20 68 25 78 74 63 32 13 75 4 45 48 81 30 74 54 6 89 91 10 25 41 22 1 67 47 52 20 24 81 25 67 41 24 41 53 23 61 58 94 33 89 93 15 90 14 21 48 73 44 72 33 20 98 39 18 21 6 66 59 29 1 61 21 54 24 86 73 63 28 63 95 80 70 70 76 89 16 44 10 31 40 80 97 3 23 30 51 61 
94 10 38 61 42 93 59 97 73 52 11 39 64 65 10 82 28 2 18 16 20 17 32 15 31 57 88 46 93 58 65 64 77 44 75 12 92 28 74 23 89 12 55 18 53 87 50 9 13 35 31 95 33 24 8 67 19 13 30 1 16 48 86 64 6 69 6 14 11 99 53 94 92 54 35 41 51 38 95 75 27 43 21 12 96 52 31 51 79 35 90 83 31 52 98 88 47 53 97 36 
30 79 97 26 50 73 2 69 99 90 29 45 92 61 17 82 38 62 98 57 41 18 2 87 3 93 47 40 16 4 55 25 73 6 37 98 61 4 3 61 59 46 56 60 45 28 96 87 91 88 18 80 64 12 11 21 27 29 61 37 37 16 48 2 48 91 47 34 8 24 32 96 60 23 66 99 46 47 14 97 97 96 31 89 46 19 69 20 16 9 78 80 27 2 99 6 96 82 72 76 
81 77 83 3 61 32 90 51 35 17 11 24 60 77 15 57 71 88 51 11 79 47 45 72 74 80 97 56 19 40 85 3 54 6 63 78 98 82 63 78 46 2 91 23 67 23 33 58 10 31 47 58 96 38 72 23 29 82 22 78 82 28 85 78 13 67 30 2 49 18 99 56 97 25 15 73 43 58 69 14 43 17 40 62 35 24 73 31 33 31 96 61 24 16 14 17 76 81 3 90 
96 61 29 22 16 95 95 19 38 78 82 56 91 76 84 44 88 91 79 24 24 58 27 71 73 42 72 94 98 42 40 33 40 91 41 62 26 55 66 87 62 30 90 48 42 48 71 17 38 71 50 98 8 97 49 30 90 55 74 81 10 6 16 57 69 44 44 93 57 97 14 58 46 28 62 54 87 27 10 16 20 20 58 10 60 67 95 37 14 60 88 29 62 23 88 54 76 13 31 9 
39 67 94 48 47 94 63 6 55 42 9 40 94 38 92 86 10 75 93 44 59 10 2 76 18 62 23 11 71 17 75 39 22 22 92 16 84 91 24 62 88 1 28 60 78 91 82 59 11 67 76 70 57 98 13 70 3 17 10 97 49 20 98 57 9 69 26 18 10 88 52 10 94 68 49 31 18 61 7 41 51 85 27 64 77 22 25 89 95 15 32 69 18 75 91 20 69 75 62 21 
59 76 1 27 73 16 62 55 7 61 93 40 53 91 48 95 74 8 48 55 5 28 87 73 46 91 28 26 73 60 6 8 30 12 23 34 30 49 55 41 59 92 48 83 71 82 15 40 92 82 42 6 18 72 85 98 14 55 70 56 16 54 94 35 31 11 24 14 36 89 94 91 78 73 15 85 74 66 62 36 14 91 85 2 52 95 1 61 21 40 98 16 16 13 37 85 8 18 45 11 
61 19 57 68 25 80 26 7 90 1 91 93 9 60 3 86 79 42 62 44 56 31 24 27 45 14 92 97 99 77 26 18 29 13 32 54 92 8 71 73 1 57 54 43 15 55 45 32 51 95 57 14 72 76 58 59 97 96 65 44 94 55 48 44 83 55 27 36 37 1 75 1 76 94 17 17 78 44 26 68 68 58 32 37 25 46 12 11 77 18 96 75 6 86 68 19 44 68 60 32 
2 1 84 59 31 12 18 35 80 34 57 91 37 11 94 55 45 95 78 55 8 49 14 32 85 40 65 33 94 43 55 13 12 43 62 35 71 33 24 69 63 10 37 95 38 83 53 98 3 68 84 72 20 86 97 21 15 69 22 52 67 57 40 84 15 93 93 43 53 35 84 60 38 43 69 78 79 86 63 46 48 45 41 20 70 3 33 63 32 53 28 49 76 97 73 57 3 45 74 76 
12 71 34 26 92 53 64 79 27 86 74 34 37 80 3 96 33 88 81 13 14 99 28 67 68 43 49 82 72 87 43 23 93 39 95 89 86 46 81 24 96 93 64 6 56 6 97 54 89 45 24 27 7 16 72 22 9 59 66 74 85 56 13 61 17 27 11 95 69 29 47 31 99 62 99 60 55 62 33 16 71 6 3 66 70 7 51 24 67 22 12 35 63 42 6 88 50 2 45 12 
63 43 25 86 66 28 66 32 98 54 27 41 2 18 49 85 66 14 17 32 23 28 61 40 52 46 58 66 76 47 31 62 66 4 44 75 35 86 12 47 44 61 90 17 96 86 83 16 45 19 39 72 83 9 50 11 55 3 55 49 44 42 39 2 83 64 31 78 49 1 6 84 65 78 82 19 97 21 27 76 60 46 51 50 12 66 9 24 55 92 3 80 39 27 78 95 58 68 29 41 
56 64 7 33 70 67 94 98 13 26 8 85 84 17 35 34 12 92 92 59 50 81 23 54 79 90 93 89 8 3 2 9 66 75 67 35 17 46 41 67 47 25 95 81 68 2 34 28 22 42 84 37 72 87 1 14 16 55 65 39 69 42 85 70 79 19 94 44 20 33 55 71 88 10 55 39 12 51 7 13 43 33 52 33 59 11 57 17 68 16 17 59 99 55 51 31 14 12 7 79 
53 95 49 61 78 64 91 20 54 80 88 75 22 61 23 60 55 9 11 93 62 7 1 76 82 22 73 90 89 5 43 4 87 87 58 64 17 86 97 4 47 98 73 37 83 6 32 61 63 71 52 57 54 42 44 88 60 47 52 99 17 99 52 20 92 94 55 61 86 9 3 18 34 4 70 66 2 24 65 66 87 93 29 62 25 24 35 77 79 6 89 23 47 15 32 87 60 8 34 46 
