100 60
56 85 75 90 54 46 22 33 59 72 78 23 62 15 60 50 40 61 96 20 16 1 92 12 13 70 80 39 12 19 78 98 8 57 45 31 63 21 37 76 68 20 67 32 94 98 56 6 52 93 90 71 46 83 83 31 32 53 22 63 71 44 33 88 92 13 31 15 39 88 82 3 34 27 53 18 30 66 73 88 70 86 87 58 41 63 13 47 30 24 95 6 81 5 69 71 54 8 6 24 
50 83 87 68 20 94 6 58 2 42 81 45 31 92 26 33 88 11 31 19 76 42 56 68 1 94 2 2 56 21 96 73 99 96 76 51 41 5 66 3 16 15 60 69 72 64 5 56 50 40 78 5 61 63 73 79 73 62 75 49 89 63 51 64 29 64 19 41 9 21 39 45 27 25 91 66 42 86 58 5 52 17 3 52 80 8 51 69 55 11 76 72 87 25 77 11 59 71 61 49 
7 72 9 24 56 56 45 79 54 9 23 24 33 26 91 3 34 4 14 13 16 41 68 11 59 52 62 14 70 63 32 12 94 29 53 73 13 29 44 45 57 82 73 66 10 49 65 72 15 39 9 96 80 15 59 83 87 3 49 90 95 92 90 95 47 50 83 3 76 23 24 50 16 40 6 15 97 27 30 19 67 4 9 36 84 98 75 96 29 50 86 97 13 12 32 6 78 64 38 64 
30 78 16 86 58 64 76 74 18 28 36 57 97 7 19 66 37 29 11 87 52 49 90 98 68 76 65 97 54 4 95 35 49 46 32 44 96 64 45 72 75 1 54 14 29 9 61 39 99 83 79 28 57 95 70 97 33 20 65 38 48 67 9 41 45 19 76 31 23 51 20 97 63 72 85 26 63 53 55 28 70 56 72 73 9 66 74 24 11 26 26 59 53 63 45 13 83 24 41 99 
4 93 27 83 74 34 61 64 80 80 80 8 6 76 83 70 74 28 80 97 2 59 55 84 50 71 17 26 91 99 60 83 57 64 20 29 98 32 25 12 38 70 58 7 31 4 12 76 19 70 40 23 87 76 22 48 21 57 13 7 58 27 98 64 51 39 61 51 19 43 23 22 5 38 11 12 35 30 12 87 69 88 27 10 62 5 27 85 18 43 11 29 45 1 63 11 15 63 7 19 
75 68 17 21 23 58 71 37 81 97 11 23 41 89 34 90 78 50 13 9 33 97 76 86 91 26 88 52 69 92 36 35 89 94 1 47 66 54 47 63 85 95 4 7 85 32 40 22 40 41 51 65 35 49 38 79 57 11 90 78 67 94 63 26 87 56 64 21 80 29 30 72 27 98 10 86 16 86 48 47 16 30 62 93 63 66 25 3 41 12 48 75 57 43 61 10 32 77 92 89 
25 98 69 28 24 78 72 98 82 23 5 89 75 82 25 56 96 92 66 42 69 81 40 81 48 70 46 13 26 87 74 78 43 67 16 34 89 62 62 54 16 47 20 38 33 22 11 18 26 24 82 60 53 30 9 78 60 64 3 35 76 5 19 48 32 88 58 99 54 16 78 40 81 63 99 93 64 83 7 68 74 13 58 58 12 79 93 50 5 8 38 33 27 27 9 2 91 74 23 64 
72 62 69 97 39 13 60 49 47 71 28 88 70 19 20 69 86 60 50 79 6 55 34 79 5 46 16 29 54 90 99 20 51 97 85 6 52 51 95 36 5 47 6 85 74 21 81 83 79 81 5 51 23 41 4 25 22 46 91 94 37 11 88 30 10 45 60 15 86 88 45 76 55 39 87 18 74 88 66 50 5 47 32 20 38 83 29 45 33 47 35 42 44 5 89 62 51 71 22 16 
53 23 55 7 17 71 66 97 28 7 47 85 71 74 92 12 41 29 37 10 98 96 8 60 28 25 84 45 92 43 53 3 90 17 62 90 12 6 83 34 93 17 59 88 78 65 68 90 66 27 76 18 77 94 92 45 3 37 29 98 61 53 52 13 59 27 46 87 43 88 60 44 57 65 71 82 1 40 40 33 82 8 64 19 77 33 34 8 84 4 94 71 80 86 94 39 77 86 49 55 
21 57 79 12 57 26 52 57 84 11 36 82 63 97 94 17 7 33 84 41 61 99 37 65 85 7 36 13 35 63 1 99 40 62 67 18 88 63 72 14 7 71 30 72 43 21 14 97 46 54 42 89 45 4 54 33 35 73 95 74 56 22 94 2 73 40 49 30 61 35 5 78 81 9 36 53 66 43 27 31 98 79 55 37 94 96 70 27 84 96 78 69 92 85 19 26 20 52 48 34 
9 21 79 35 54 91 38 23 46 68 78 26 89 2 71 68 44 35 46 17 35 15 95 97 52 96 87 96 66 48 67 66 24 58 63 34 62 42 96 4 12 50 83 70 2 67 45 16 71 29 11 26 67 18 25 86 59 78 56 98 40 16 1 75 34 9 87 59 5 11 87 19 56 57 19 60 46 75 53 30 87 86 21 25 53 14 18 97 89 87 12 58 15 52 50 87 28 74 63 39 
9 83 89 12 77 45 31 57 80 75 65 11 18 25 65 30 71 18 3 17 34 87 77 45 46 9 50 94 21 25 71 81 79 81 14 89 80 58 6 3 51 1 58 32 22 46 99 54 51 63 6 35 63 76 30 65 75 1 36 91 31 71 29 46 29 75 86 80 58 84 88 92 24 84 53 62 85 6 60 79 80 57 88 79 62 54 48 69 27 53 6 60 46 82 20 3 98 69 72 13 
25 91 69 8 87 12 66 61 64 95 42 11 36 92 99 6 92 39 30 7 88 10 66 45 99 80 40 78 79 79 40 43 15 44 66 19 82 79 87 76 7 15 93 39 11 56 60 36 81 46 95 61 16 17 3 27 85 51 33 24 87 34 45 70 4 11 58 77 56 43 10 97 62 66 12 87 91 45 6 58 23 27 22 35 99 4 32 13 88 63 8 12 30 48 76 37 99 11 77 27 
79 29 32 5 83 80 3 45 87 48 90 76 10 22 77 27 14 14 77 90 84 46 20 14 18 30 34 67 93 46 22 35 59 26 49 92 15 34 18 89 89 48 54 28 26 42 87 47 58 65 30 2 96 25 58 46 8 66 97 13 93 54 1 96 77 58 28 32 78 25 31 78 1 70 34 98 8 51 12 43 8 52 75 25 34 65 49 10 24 72 57 89 4 24 97 69 67 23 29 45 
83 7 77 68 49 4 52 47 79 97 57 29 40 25 16 2 15 51 24 85 10 82 50 46 63 66 51 91 46 1 67 86 75 41 40 52 13 4 8 78 78 75 18 25 50 18 35 31 75 72 39 19 74 70 42 4 47 35 84 94 79 91 48 7 50 70 59 62 35 13 97 3 17 82 99 88 87 66 64 8 58 82 63 85 60 86 44 85 59 78 38 21 53 8 64 55 83 82 38 13 
77 31 91 5 4 31 36 76 22 16 62 32 12 38 91 38 43 10 98 32 2 29 40 57 24 14 86 88 23 32 55 69 28 35 40 41 7 84 45 71 3 87 11 89 65 29 50 15 79 96 78 89 96 20 45 10 69 93 60 56 79 15 34 25 70 15 3 61 76 84 58 86 58 10 85 34 32 3 88 77 96 31 24 63 73 52 30 40 29 42 62 93 13 27 21 74 82 13 81 30 
49 54 81 8 40 58 29 68 50 91 70 39 49 10 21 80 37 46 57 18 4 78 69 93 81 79 22 24 5 72 10 56 67 90 10 24 72 35 45 4 94 23 31 72 35 51 41 62 76 52 57 16 39 45 28 45 40 98 25 87 44 79 99 58 26 18 37 11 23 55 14 92 91 7 57 98 63 14 93 31 4 2 15 51 66 35 25 43 48 75 4 60 48 36 58 89 21 41 80 4 
45 53 50 30 95 74 96 4 6 22 56 90 7 72 44 67 90 21 74 19 92 61 46 19 68 70 21 16 80 84 5 9 76 87 32 31 69 83 42 30 23 84 64 54 28 90 98 24 86 69 95 24 92 39 39 75 15 45 25 24 74 51 45 16 29 10 67 81 52 50 19 19 18 57 63 71 75 52 85 8 39 75 71 11 63 67 88 49 26 49 69 65 8 3 90 54 76 57 56 44 
91 10 44 52 8 17 15 57 45 42 86 93 6 38 24 58 95 51 1 95 32 25 2 3 45 9 32 31 88 61 20 99 43 61 26 96 27 9 48 85 94 34 30 16 51 3 62 24 54 25 93 41 18 58 35 2 27 14 67 48 35 64 44 36 72 52 2 41 59 89 66 68 1 70 53 52 2 75 81 67 70 76 75 36 25 43 71 30 96 51 25 78 42 88 18 75 43 57 61 87 
61 44 90 84 26 68 62 69 34 44 27 32 26 91 90 66 60 86 94 93 42 4 41 94 54 37 28 39 90 38 77 15 86 43 68 66 47 9 69 19 85 39 66 12 46 16 97 31 40 37 79 40 76 39 47 11 93 35 73 52 88 42 13 47 49 14 21 78 87 71 96 64 67 36 4 84 38 57 9 18 66 47 11 68 63 11 68 98 22 76 38 60 42 27 98 27 67 34 89 24 
85 37 59 67 31 66 30 56 14 93 38 84 76 64 6 31 39 33 17 13 60 15 69 37 90 47 31 57 31 43 97 33 87 45 51 82 29 86 10 43 39 46 89 21 80 1 60 55 43 85 98 67 4 50 46 21 84 13 66 78 4 18 1 56 39 91 23 80 76 97 97 42 72 97 36 57 6 1 51 21 37 24 13 62 63 48 11 3 76 74 1 10 14 78 68 58 22 69 82 79 
52 15 52 1 9 24 49 41 4 24 45 60 5 37 72 2 80 17 60 80 88 37 11 70 47 69 80 85 23 63 66 57 11 29 80 22 14 21 38 94 26 14 33 57 13 89 22 33 92 12 5 76 18 15 6 45 56 80 57 87 70 18 76 22 5 48 49 18 58 84 12 76 74 14 32 15 15 76 89 42 46 47 56 46 18 21 79 71 45 86 62 1 90 18 47 37 43 43 92 85 
20 43 99 93 28 67 67 55 84 91 33 71 48 63 38 39 92 6 88 38 11 28 66 32 23 30 33 83 82 9 35 50 82 64 11 1 60 6 99 13 5 58 43 84 63 69 94 40 48 14 26 31 40 2 31 52 97 84 34 38 64 58 95 73 68 74 18 3 37 44 51 29 97 41 4 27 85 16 40 45 50 92 95 14 63 83 77 49 21 87 73 65 52 6 57 71 26 38 94 86 
82 12 9 46 76 97 52 99 29 17 43 10 37 29 35 40 67 82 16 58 90 50 44 72 10 56 76 59 91 13 97 95 99 45 57 90 23 27 95 14 13 11 76 34 5 59 19 41 59 75 31 83 86 35 34 97 80 19 3 39 51 39 88 13 53 76 57 7 17 10 14 22 83 44 41 4 33 47 24 71 14 75 84 52 79 8 14 12 17 78 1 83 73 6 64 4 97 24 85 37 
34 9 19 34 16 54 27 43 5 62 73 83 91 59 83 51 21 23 63 74 50 47 57 73 1 90 4 12 17 40 93 58 23 58 23 39 79 48 53 95 36 6 64 40 91 72 12 14 48 1 84 39 69 1 59 80 33 4 55 96 93 12 96 2 30 60 61 15 9 70 42 22 38 8 1 32 25 35 26 27 26 71 88 28 14 49 94 41 23 66 50 21 13 47 8 24 22 95 28 67 
91 1 2 49 20 50 88 99 69 4 19 65 37 51 4 39 89 56 59 80 44 43 1 98 51 78 9 34 75 48 26 40 75 41 24 61 86 31 96 21 2 56 32 94 52 2 99 96 91 82 29 59 70 19 91 15 26 24 83 77 56 82 2 21 7 30 33 65 47 40 28 53 56 96 85 36 99 83 37 48 15 62 21 96 90 52 68 35 47 13 85 50 18 27 32 39 34 78 1 94 
70 92 85 13 51 12 40 54 14 33 76 2 38 16 83 81 50 7 5 62 35 49 42 64 40 87 63 60 80 76 9 82 47 80 97 35 13 88 32 90 37 15 6 5 74 6 9 18 77 46 35 63 8 69 88 72 37 58 86 81 57 53 71 38 84 59 12 7 68 53 12 76 93 86 15 64 88 94 12 24 35 2 49 52 68 28 29 93 86 94 22 48 56 31 69 76 22 79 90 6 
82 11 44 74 81 5 86 30 94 20 62 60 86 52 46 53 76 41 79 10 60 4 1 72 52 67 76 58 6 96 36 89 53 28 95 24 33 99 96 88 21 83 33 7 61 16 84 35 2 28 45 89 18 79 59 80 50 88 46 39 35 60 37 55 31 24 6 4 55 57 95 76 14 26 54 16 30 6 66 42 78 21 79 88 16 71 40 32 11 66 24 21 77 53 66 11 6 52 92 92 
36 19 66 18 97 21 20 85 60 12 99 99 37 73 15 59 96 16 5 25 13 36 95 69 28 71 55 33 4 56 54 83 77 80 16 72 24 43 74 85 6 11 36 9 31 71 28 72 12 94 58 20 19 81 74 55 37 27 13 1 22 73 63 57 57 67 20 57 11 16 35 19 90 40 85 10 99 38 17 93 94 33 8 93 39 36 25 47 63 97 74 58 18 68 65 60 32 50 60 67 
33 53 56 11 41 71 59 14 41 67 29 33 20 88 74 67 26 29 55 99 53 6 65 79 17 47 15 5 40 67 11 5 34 52 37 16 77 39 37 68 97 94 93 67 54 4 14 69 19 43 4 67 56 68 57 72 7 89 30 91 64 58 27 15 64 45 81 88 56 21 32 5 91 39 12 75 2 20 22 20 82 25 21 40 69 44 95 7 26 74 52 40 20 99 93 85 8 78 97 4 
47 53 75 44 36 39 37 46 59 8 32 11 21 94 17 73 35 58 15 93 34 89 20 67 73 15 98 32 37 7 6 71 48 86 82 20 68 33 65 75 11 86 93 99 41 57 13 27 88 29 83 68 48 69 87 21 87 30 33 72 55 59 60 6 86 5 49 10 8 21 25 80 43 73 63 31 25 48 1 96 93 55 36 39 6 36 38 55 45 71 52 85 24 84 9 13 87 47 25 76 
9 3 57 82 70 6 34 87 98 25 76 32 60 4 79 8 81 15 55 49 72 84 70 60 61 31 73 51 26 87 29 65 23 41 45 13 23 57 9 1 36 17 14 65 48 46 95 3 50 43 58 99 69 15 10 65 99 7 89 63 36 33 4 40 3 8 52 62 83 76 63 38 57 49 22 59 26 30 6 26 47 46 9 77 63 84 81 28 37 18 54 94 77 40 74 29 75 94 34 48 
35 99 45 80 78 95 98 92 34 68 38 34 4 29 35 97 68 17 64 81 39 52 64 46 16 98 85 69 43 14 55 3 66 8 27 31 88 2 41 23 25 78 78 91 61 44 18 49 10 81 92 63 63 8 46 14 53 28 87 49 8 96 50 40 4 69 44 39 25 58 18 36 20 92 9 14 57 73 3 4 78 28 90 43 61 67 22 31 68 42 63 85 8 99 55 96 91 40 65 86 
99 3 53 31 72 49 44 68 48 14 41 30 34 65 41 44 16 11 64 66 41 74 30 60 98 80 41 81 99 34 64 55 60 4 11 62 83 99 19 15 37 58 32 41 39 21 86 67 35 17 85 96 81 42 84 89 29 46 70 50 98 5 46 1 67 10 7 69 46 44 27 67 65 66 36 69 50 90 4 99 10 69 19 8 10 71 71 55 59 67 36 89 90 8 47 34 41 6 88 63 
79 56 67 32 68 79 4 61 27 84 76 31 33 88 76 96 63 91 92 57 96 88 22 55 25 72 72 82 50 39 71 93 99 96 72 3 30 72 58 97 30 15 52 41 29 3 19 79 5 51 72 48 88 16 87 77 69 5 96 1 3 77 4 56 17 56 87 1 17 28 7 8 94 57 10 78 29 85 38 49 99 41 32 91 87 44 40 25 82 14 22 21 91 73 57 7 43 59 50 76 
66 22 88 44 76 52 53 52 18 80 92 55 13 37 32 44 71 80 94 7 18 33 40 55 24 9 87 62 42 44 52 90 32 34 72 21 95 57 45 88 7 11 56 11 43 41 8 20 19 73 55 94 12 47 35 89 97 41 95 68 81 11 30 34 29 15 8 60 94 50 4 22 56 79 31 30 46 65 73 57 81 99 14 72 94 39 67 73 65 28 12 15 52 37 19 40 24 94 86 15 
52 4 54 13 99 73 97 93 65 85 82 70 2 46 18 6 86 14 13 40 77 51 36 51 66 87 71 6 42 68 73 21 40 19 24 14 3 92 90 67 35 34 76 76 57 32 85 11 65 74 72 67 87 9 98 32 37 93 93 28 70 59 6 78 43 61 62 59 67 36 24 59 65 59 41 31 30 2 10 50 76 84 28 73 1 36 55 90 36 49 64 82 9 33 96 80 93 75 26 18 
47 19 47 85 64 40 22 54 34 65 85 25 81 14 89 47 54 60 97 67 2 15 67 6 60 7 31 41 27 60 75 92 51 80 26 95 4 33 27 90 70 26 20 97 24 88 30 4 8 57 44 38 23 53 90 57 98 62 25 25 83 21 8 94 21 94 85 88 33 59 76 81 2 81 44 78 46 4 86 2 10 19 13 65 38 60 26 62 61 74 1 40 74 8 72 87 18 84 12 12 
9 3 54 90 51 34 79 17 67 52 62 85 7 4 29 42 26 9 68 6 97 65 38 80 13 55 65 53 90 53 62 10 82 28 23 32 79 53 34 12 18 13 83 49 84 5 61 66 27 49 70 11 54 94 29 59 46 26 80 28 60 66 97 74 36 86 89 10 3 10 7 97 84 22 48 69 9 71 68 19 9 78 83 20 32 44 76 26 47 52 2 77 50 77 95 11 70 90 81 59 
14 91 34 30 15 1 98 82 72 20 25 27 38 17 6 67 97 16 36 83 14 34 46 61 46 10 37 25 90 36 6 69 7 91 82 87 50 68 57 7 4 9 11 14 7 31 52 94 91 65 42 55 8 82 28 62 58 25 77 68 31 40 5 47 26 8 4 21 90 77 82 95 48 92 89 86 32 27 48 58 12 15 85 48 32 80 67 98 37 69 26 93 4 83 92 83 74 8 28 21 
84 29 51 50 45 95 96 96 72 53 79 40 21 63 10 83 42 85 22 10 43 38 33 34 41 46 97 60 19 9 67 40 81 44 43 28 15 54 31 35 39 76 4 88 65 42 53 88 54 32 44 59 68 30 78 12 31 85 41 94 83 62 64 54 38 3 83 88 37 75 85 4 8 39 76 73 18 92 28 88 36 36 39 21 80 26 90 74 82 29 4 43 41 79 90 67 74 37 17 89 
61 54 51 21 71 19 96 30 39 38 64 45 75 83 89 99 83 23 35 15 33 1 75 79 47 21 77 34 81 29 79 48 3 90 75 5 77 75 93 79 43 35 82 23 99 89 84 41 81 4 24 78 46 69 85 97 52 89 94 59 37 56 1 7 7 32 59 46 11 35 8 25 22 16 54 16 25 40 51 99 91 70 83 42 61 48 47 78 29 72 26 92 20 81 80 99 71 40 26 29 
13 42 70 9 24 48 41 97 76 63 16 44 27 61 12 89 76 99 91 7 76 24 72 17 35 75 29 84 24 98 4 31 80 44 10 41 20 77 39 63 38 83 68 20 18 76 63 16 37 1 89 39 72 40 13 71 7 26 11 93 38 39 74 88 81 19 20 54 75 69 87 2 91 65 57 69 40 55 44 23 74 75 14 64 95 46 85 39 65 87 34 40 4 19 5 15 3 68 13 73 
8 70 44 81 41 38 54 13 77 35 64 5 79 32 81 10 32 17 47 57 68 22 71 90 5 57 60 93 70 40 46 27 37 30 25 54 53 53 81 75 75 42 24 60 95 60 14 73 76 35 96 15 81 90 35 42 5 79 40 7 4 10 97 83 31 81 9 5 63 15 11 85 36 80 16 62 69 35 39 17 6 47 32 15 37 32 9 30 37 84 84 80 91 4 2 59 31 30 61 61 
49 45 36 56 63 92 66 70 13 29 98 82 4 26 3 3 35 25 24 45 60 97 36 79 41 2 4 87 4 35 29 24 95 93 19 65 43 28 32 74 5 98 40 49 28 33 82 83 9 79 25 23 45 68 12 18 91 62 24 84 21 17 36 57 74 36 72 46 22 26 62 95 17 55 97 36 53 7 86 42 19 39 14 92 57 35 93 20 19 68 27 72 18 50 57 65 92 90 29 42 
64 69 29 82 3 57 80 44 72 64 86 68 10 78 62 4 31 51 94 3 15 82 24 4 82 94 25 10 81 18 85 74 63 73 94 81 68 51 14 22 6 91 66 81 33 70 17 19 39 72 49 45 25 81 51 9 84 57 95 75 89 15 18 7 63 10 4 47 68 18 63 97 86 15 18 5 97 59 78 37 64 74 28 65 10 28 2 49 2 14 67 13 32 33 13 29 98 76 17 3 
39 60 61 15 10 97 60 13 19 3 81 36 13 14 21 69 43 87 37 19 74 7 50 19 85 84 51 39 81 73 9 90 94 67 73 28 95 13 84 63 94 10 78 65 54 24 91 69 89 87 69 83 74 9 70 92 55 77 75 66 48 69 89 65 49 57 51 48 42 12 40 75 2 10 79 18 2 40 45 60 21 14 69 12 49 64 49 9 92 55 54 22 82 91 28 62 77 18 96 88 
28 12 2 77 24 63 11 61 24 46 2 42 17 28 70 67 14 72 2 97 80 67 1 32 70 57 26 43 53 75 19 9 50 75 35 38 59 58 75 9 93 10 18 96 5 26 51 4 22 50 2 93 78 98 64 21 42 95 41 61 51 4 62 44 40 52 27 86 77 74 27 19 88 34 82 19 94 56 71 44 39 61 62 62 23 97 43 79 30 66 55 78 64 58 22 42 78 83 81 90 
24 43 2 54 19 93 27 34 40 90 80 67 81 61 46 30 59 3 58 54 61 38 51 71 12 75 25 78 22 64 91 89 45 47 37 92 40 22 78 8 19 93 16 40 10 32 90 38 8 29 43 51 36 54 67 80 98 9 67 44 39 85 14 25 94 24 1 31 53 65 1 50 12 8 20 8 28 68 59 23 80 32 65 62 24 13 87 1 45 7 39 71 19 51 47 29 65 80 12 99 
96 49 58 65 25 93 13 64 14 70 18 12 27 21 39 67 25 44 78 38 50 77 61 60 3 73 11 77 27 87 35 24 88 54 6 6 59 70 38 81 95 77 75 45 22 41 67 4 8 33 52 62 56 10 39 5 78 1 87 71 77 81 91 45 31 60 55 29 68 56 81 30 58 83 47 39 84 31 87 12 27 40 77 50 49 94 9 84 71 93 78 55 57 36 63 91 95 4 5 95 
68 53 31 37 92 75 64 53 1 53 43 78 57 70 87 37 14 90 11 84 20 63 25 16 30 32 50 72 5 37 19 47 25 25 81 89 88 52 14 16 25 91 25 10 97 42 58 32 10 30 4 30 12 20 99 35 8 16 41 76 61 73 86 86 1 2 63 3 29 69 72 78 23 15 97 87 48 49 10 29 57 62 72 35 4 31 51 79 41 24 18 78 34 9 55 3 62 58 66 76 
35 88 16 59 73 47 61 52 73 88 24 62 72 85 75 11 63 11 59 78 21 65 18 46 38 15 26 18 53 13 20 59 84 41 32 23 61 34 19 84 50 14 93 70 94 20 60 89 39 39 38 67 63 42 98 74 13 8 95 56 31 59 95 71 90 91 8 13 23 8 20 46 51 45 24 41 20 10 49 98 29 6 97 83 61 69 69 58 18 96 94 12 45 75 71 90 68 19 86 31 
45 45 82 9 85 68 67 50 47 77 99 70 50 94 28 70 81 37 44 72 55 72 44 79 63 76 83 29 37 88 30 50 98 66 27 18 21 43 40 15 81 85 22 80 20 49 65 73 94 33 56 23 37 36 37 88 10 16 55 15 64 44 26 86 90 60 83 89 82 31 42 59 85 5 46 45 61 66 33 61 36 99 85 45 61 35 87 12 68 13 83 14 29 34 31 93 3 24 61 42 
29 69 56 6 82 14 25 34 7 61 70 16 69 13 43 91 73 45 23 16 48 86 5 39 23 4 74 86 12 77 93 41 93 88 80 27 93 96 88 84 68 22 92 58 77 26 64 75 76 95 57 24 88 20 88 39 92 74 17 83 99 1 27 24 37 89 8 20 28 61 39 97 73 45 64 35 35 65 79 45 14 16 12 52 31 47 1 76 12 44 76 14 67 11 46 19 70 46 74 82 
42 2 57 8 64 82 49 1 14 79 38 69 39 47 47 15 85 7 52 5 11 52 90 83 84 54 65 77 96 69 57 98 65 44 21 54 40 22 3 51 10 49 38 4 9 83 61 36 25 95 12 93 1 80 40 46 46 59 14 95 38 89 26 80 33 69 94 82 69 42 79 36 74 5 79 28 70 17 41 13 83 98 69 8 44 46 26 12 1 32 42 99 20 15 24 36 94 41 55 80 
37 19 33 44 19 37 60 25 6 62 82 68 30 99 57 49 34 80 17 89 98 99 98 87 76 40 78 45 20 8 95 5 18 63 91 77 21 50 38 73 76 31 66 37 60 12 2 74 6 80 92 85 34 35 43 95 88 11 44 87 65 19 4 32 43 73 78 20 15 23 6 89 19 82 34 63 72 62 55 77 98 6 34 10 63 12 41 17 98 72 83 57 44 2 36 33 67 67 70 13 
80 59 44 72 47 61 56 35 83 77 77 35 65 64 58 40 8 16 19 41 24 32 6 5 81 62 45 33 58 71 4 16 97 92 44 90 66 80 76 97 12 73 21 34 14 44 58 14 45 60 92 22 26 37 1 69 82 96 91 52 97 23 65 6 72 17 64 61 81 55 32 4 28 43 70 26 98 74 92 84 26 85 83 59 34 13 53 8 7 46 92 18 34 89 33 70 75 15 99 92 
98 62 22 18 13 24 11 48 42 71 65 45 97 41 26 67 94 82 81 77 41 44 50 26 13 49 61 33 35 82 35 66 69 69 66 28 87 53 3 28 60 84 29 72 30 95 44 42 1 84 49 72 14 96 22 38 28 3 2 30 8 86 68 41 97 19 27 42 6 43 85 68 85 56 38 99 18 88 46 37 88 85 19 89 76 88 95 54 25 20 24 95 34 58 45 28 32 22 74 95 
6 88 85 26 2 63 93 95 11 58 48 34 78 69 99 98 84 69 37 78 54 13 96 97 62 46 68 23 39 8 2 69 80 40 11 7 47 93 84 65 78 30 85 45 93 36 66 17 97 21 65 32 92 29 20 29 78 43 72 36 63 91 70 83 66 54 81 3 25 69 93 39 5 40 22 54 98 37 17 33 40 10 69 89 6 91 19 76 23 3 56 84 72 59 31 57 1 81 61 90 
79 80 31 28 40 82 99 1 70 43 29 13 63 43 89 6 2 49 56 74 84 39 39 90 64 37 13 40 73 46 50 49 58 76 55 19 8 78 86 56 88 71 98 5 73 79 65 73 71 57 16 71 63 27 64 40 29 4 39 79 80 31 18 82 91 11 55 67 33 34 18 7 97 14 12 60 38 13 15 5 92 79 12 65 21 76 18 48 30 10 18 71 13 64 91 94 72 35 49 51 
