100 40
96 1 16 4 94 28 81 81 85 59 21 80 49 36 26 33 44 35 75 8 15 63 28 3 88 61 27 50 72 4 97 17 61 95 50 98 27 77 73 26 29 21 42 64 7 31 13 9 84 44 27 87 67 33 5 64 45 99 52 33 88 79 58 21 52 43 92 87 73 91 9 28 73 58 45 67 53 13 19 64 99 53 33 11 81 14 73 30 49 60 6 80 38 90 82 52 64 36 37 67 
57 75 30 30 49 52 25 15 74 10 40 61 11 48 36 24 49 31 83 24 93 85 71 46 65 3 1 38 97 39 87 14 36 14 59 49 43 11 61 85 94 77 50 27 80 26 98 42 3 32 90 64 80 36 28 91 45 42 23 83 43 17 3 65 33 94 12 28 89 70 4 23 1 4 50 67 68 21 34 44 10 10 55 97 53 22 24 38 44 73 67 38 41 47 26 36 16 85 54 34 
23 60 52 43 55 24 48 88 83 5 42 17 30 39 67 47 87 78 27 19 20 1 94 92 62 98 14 48 17 89 1 86 58 8 38 28 33 11 81 14 55 74 56 8 10 95 58 88 53 91 53 61 12 99 76 46 81 76 36 88 28 1 9 49 90 72 40 13 74 8 49 82 58 46 23 83 89 48 20 59 86 92 67 74 38 78 66 15 4 28 83 85 12 79 59 12 61 95 4 41 
32 69 44 70 46 92 55 48 69 60 32 37 4 32 29 21 5 66 50 86 75 26 51 22 74 74 40 16 9 77 75 59 39 1 69 45 77 13 83 66 86 83 32 20 80 83 79 2 27 87 44 11 42 68 93 48 96 2 48 14 10 66 79 13 56 41 12 49 58 7 19 30 92 45 28 62 86 41 16 57 18 78 14 25 17 44 2 77 67 29 12 31 99 20 29 99 2 12 89 3 
13 94 24 40 16 54 64 26 33 10 23 62 12 94 2 9 59 47 62 33 40 15 21 12 74 53 54 29 43 25 95 75 82 1 36 53 89 59 26 67 17 86 71 34 74 76 37 76 32 32 46 25 16 61 78 18 10 83 72 3 57 23 25 34 56 13 89 72 66 95 77 88 3 18 58 59 38 38 59 72 5 20 66 19 91 35 22 2 44 65 27 29 68 96 40 17 27 26 76 90 
26 64 76 45 44 20 98 82 64 41 39 39 15 71 95 6 16 97 58 13 74 43 3 27 87 69 96 57 41 79 93 48 9 14 40 86 57 53 68 96 37 16 2 42 91 59 51 25 52 82 18 87 38 21 91 11 60 50 51 15 15 84 64 58 90 76 87 38 64 20 68 92 1 45 40 97 55 24 29 68 71 65 46 58 81 18 94 61 8 70 66 11 60 49 41 76 40 21 87 69 
44 19 49 49 17 2 83 91 61 6 37 2 61 96 44 65 48 33 82 68 97 74 77 88 33 70 97 99 20 68 57 72 70 11 17 72 43 35 80 58 39 74 99 85 9 56 70 7 43 6 32 66 82 40 72 7 10 73 24 64 56 17 61 72 94 73 9 56 46 44 34 40 76 24 49 42 94 4 13 75 57 70 29 47 66 4 45 64 67 80 57 24 53 74 4 21 60 51 70 45 
89 99 47 37 7 1 11 67 89 88 31 57 52 78 63 37 39 65 86 13 17 17 10 66 82 78 64 57 57 73 12 22 89 99 38 70 55 33 58 92 54 26 10 53 17 7 61 95 95 79 5 36 73 28 59 71 57 9 71 72 82 56 15 86 9 83 87 39 25 77 16 31 44 3 51 40 7 1 74 22 81 88 89 6 60 60 29 98 65 87 51 86 42 17 42 29 65 71 13 62 
46 11 64 79 81 52 11 74 9 53 26 14 43 32 19 83 33 87 30 49 60 5 30 61 39 48 27 53 16 68 57 38 71 97 93 17 18 48 40 68 1 20 32 58 98 91 41 31 22 27 69 18 16 72 50 31 56 55 54 65 52 87 82 98 47 64 66 90 16 62 74 86 66 41 6 12 39 43 91 76 8 94 97 70 79 5 23 71 92 63 95 35 20 45 81 2 66 6 75 95 
53 89 43 84 83 12 61 58 93 51 47 74 52 86 27 41 89 6 85 80 99 15 76 30 41 32 16 39 37 89 81 72 75 35 19 9 5 28 35 42 42 43 4 77 65 69 58 36 18 10 1 54 7 82 95 78 5 16 69 74 44 57 16 17 27 65 91 98 16 13 16 24 37 86 73 13 83 88 13 97 11 34 48 26 38 52 54 60 49 87 72 75 91 95 8 61 77 50 30 21 
9 42 18 23 89 25 81 52 98 7 82 70 8 8 75 54 7 16 36 56 7 92 61 93 38 67 66 58 54 39 88 9 25 80 84 78 43 31 31 66 21 3 27 44 91 75 88 54 8 4 55 8 42 7 84 88 89 79 56 47 63 83 68 8 97 52 41 63 47 89 15 77 87 67 48 84 12 32 22 87 38 95 37 62 1 45 14 52 56 34 94 73 80 87 41 12 71 2 34 22 
27 32 52 73 83 41 1 3 6 87 95 54 30 55 1 12 97 78 82 12 51 42 8 39 32 83 46 33 85 92 67 82 58 9 44 30 98 25 50 66 55 84 61 38 79 82 52 39 24 65 4 19 42 31 93 74 90 30 5 58 26 64 20 70 8 85 24 67 95 98 3 52 52 60 43 82 40 77 36 67 25 10 71 66 74 68 41 89 54 15 40 3 37 63 64 19 91 78 10 5 
46 28 24 26 29 93 79 60 23 49 73 27 59 44 64 79 74 86 19 32 15 43 12 53 35 39 27 72 94 56 52 74 63 33 86 5 19 69 37 62 45 18 16 9 34 94 44 60 87 68 52 92 14 69 77 37 27 83 64 86 53 56 65 86 22 89 40 46 74 44 59 27 56 36 96 53 24 43 38 3 40 97 74 13 74 91 6 80 7 74 38 58 22 52 88 56 16 90 78 44 
21 90 92 55 82 20 40 22 43 82 15 30 43 18 98 42 57 58 14 7 3 23 19 62 34 19 15 39 45 45 40 53 69 88 72 10 79 24 29 6 85 17 64 24 39 20 73 39 29 77 91 13 83 21 90 96 70 70 82 31 96 38 19 46 7 21 89 60 86 9 25 80 59 77 91 6 87 94 97 20 74 15 89 97 59 83 53 6 23 33 13 93 84 87 32 7 2 56 13 73 
47 13 91 54 89 67 31 23 42 28 82 16 33 41 94 73 82 93 14 83 9 22 78 78 24 7 25 36 36 71 82 79 49 88 78 77 61 74 32 44 65 88 62 37 51 39 78 61 4 78 89 67 2 3 97 50 21 56 99 48 32 25 88 49 1 44 54 83 87 90 79 27 48 88 42 1 36 9 19 73 95 64 77 55 72 16 83 5 1 67 96 25 16 71 73 64 45 22 64 15 
73 90 56 27 33 89 63 97 92 41 22 49 75 56 67 76 75 68 9 4 69 39 33 81 7 58 5 85 14 39 64 20 95 25 28 14 31 81 89 24 76 6 19 32 66 17 62 48 10 63 43 9 93 19 61 76 80 85 91 39 10 89 88 14 96 85 80 42 36 53 74 92 94 1 51 60 20 61 70 68 33 93 68 64 34 87 56 24 97 53 24 47 75 33 35 64 96 91 33 29 
60 29 78 16 22 7 44 99 26 48 25 96 13 34 27 30 7 79 42 52 15 30 43 53 25 64 85 52 12 95 9 4 30 66 34 92 17 55 66 38 94 73 92 92 65 63 82 39 17 1 90 96 18 94 51 16 21 85 82 77 60 50 87 98 54 93 48 28 3 57 34 47 89 14 92 69 81 68 58 43 27 59 45 47 58 57 52 94 89 68 59 31 18 28 32 35 25 7 17 17 
14 47 32 27 76 99 82 82 32 55 82 78 74 6 58 13 10 7 49 49 61 75 10 12 63 95 7 91 66 14 23 42 34 41 52 81 44 53 7 91 89 89 10 20 74 52 98 75 21 10 25 33 61 92 57 31 44 96 73 71 33 81 68 22 3 70 51 12 44 51 43 37 62 75 81 55 74 59 17 89 14 82 14 28 28 88 50 19 75 85 19 80 33 45 28 88 88 4 96 88 
39 90 55 84 18 21 62 13 80 76 11 21 33 47 64 35 49 45 58 3 76 2 99 90 30 70 64 86 94 23 97 96 29 52 18 51 59 71 10 96 81 14 33 3 65 33 14 58 46 5 51 71 34 22 12 73 6 98 35 14 11 72 30 61 68 95 76 9 68 46 22 64 69 20 88 62 1 31 64 51 64 19 12 4 31 39 59 13 40 68 11 90 3 5 35 68 2 66 74 2 
90 52 52 52 35 6 55 69 3 6 7 53 7 94 20 25 11 19 59 5 31 25 42 15 33 62 35 81 37 81 57 31 12 32 80 88 79 69 27 84 14 48 71 50 39 25 38 18 32 56 5 20 21 4 1 92 84 28 6 73 54 90 51 1 13 57 22 14 94 92 52 54 85 65 28 66 22 43 88 93 93 97 22 83 41 1 71 83 56 26 29 43 82 48 38 13 15 44 95 46 
58 55 27 15 73 88 63 92 20 70 71 45 93 56 54 9 53 13 73 29 15 12 46 56 48 35 51 50 85 71 22 79 16 16 50 19 83 73 86 52 92 57 38 69 6 85 70 69 42 87 9 59 79 97 32 54 52 60 79 75 53 26 50 52 34 53 96 25 3 9 32 37 25 68 26 42 27 14 9 4 88 36 63 88 51 31 36 74 12 7 27 46 26 75 95 95 7 60 59 25 
88 42 21 16 31 39 41 32 72 71 65 15 96 13 97 34 75 77 30 97 71 19 43 53 35 27 8 87 6 33 82 25 13 8 16 30 73 60 47 7 95 37 99 96 75 26 91 81 96 53 27 83 34 84 98 60 51 23 89 12 99 13 72 76 22 36 7 29 48 14 44 87 96 7 23 6 76 15 70 78 86 76 4 39 12 68 30 58 29 9 44 49 2 53 31 60 85 95 63 83 
52 20 44 25 94 81 10 32 89 9 25 35 90 12 41 18 98 96 56 58 60 64 14 29 65 10 4 99 51 25 58 35 98 97 59 93 36 9 29 31 34 37 38 95 12 54 3 35 32 28 83 88 2 23 85 91 76 96 60 77 54 5 5 71 78 93 60 96 40 11 14 68 73 94 98 2 57 81 92 2 20 1 19 74 30 78 45 16 4 36 85 22 4 90 98 80 35 53 90 77 
15 51 4 46 75 54 11 91 75 40 85 17 77 45 78 23 72 87 69 89 76 58 62 71 32 25 88 99 9 32 6 82 3 3 97 6 37 35 77 31 60 2 80 93 50 56 71 11 7 25 42 73 60 12 8 47 65 99 14 77 5 44 30 85 86 79 52 67 47 18 6 97 47 44 40 28 75 24 32 82 46 95 83 67 2 78 25 61 10 63 13 21 64 22 30 80 86 1 85 49 
99 1 11 6 81 67 24 15 67 13 1 7 13 67 38 31 3 46 64 17 58 46 40 77 31 45 59 9 7 7 49 90 4 75 69 82 73 79 12 29 97 30 2 59 95 19 97 80 15 25 88 87 38 6 1 55 80 3 88 42 89 43 43 89 47 32 84 21 65 60 68 44 90 3 83 47 2 13 48 4 12 32 18 68 65 80 77 80 39 63 46 59 43 68 75 9 22 63 50 17 
8 3 54 60 52 61 97 27 61 55 3 48 93 26 34 48 72 31 21 66 81 41 56 56 72 42 97 82 59 31 66 29 21 23 46 88 98 44 87 71 98 35 5 99 91 51 74 12 13 63 37 59 60 52 1 7 96 18 32 33 49 69 67 33 8 34 4 13 27 51 3 94 27 73 89 15 89 69 55 23 62 21 53 82 56 23 3 70 46 85 84 80 72 34 45 17 36 6 95 2 
7 23 69 36 27 8 80 95 92 68 84 98 29 56 44 5 85 92 42 46 29 68 80 26 47 47 84 14 50 59 95 55 64 9 79 60 41 69 20 13 49 81 21 67 78 61 8 47 38 91 26 45 58 27 40 26 91 91 37 26 7 80 23 48 96 58 23 68 72 61 85 33 66 93 76 57 30 34 83 27 36 26 15 99 77 88 97 2 67 7 81 30 39 40 33 51 47 14 43 6 
62 96 50 37 24 61 70 93 94 13 86 17 96 95 98 99 57 5 6 85 3 83 12 73 61 32 20 10 62 98 38 96 38 82 70 83 22 38 28 73 46 67 21 22 50 27 60 34 69 23 59 68 44 14 35 34 15 10 2 91 24 72 79 53 15 14 87 82 35 1 46 95 30 47 79 59 48 23 12 91 41 46 68 64 59 88 78 97 57 71 68 64 89 70 71 91 12 10 19 53 
8 12 80 14 66 19 23 29 2 9 93 33 70 32 29 31 35 98 69 86 67 75 66 20 47 87 78 10 61 18 70 93 4 7 18 65 78 53 1 77 95 13 10 41 73 99 41 23 38 85 1 49 23 1 1 4 71 33 61 27 31 27 13 19 61 84 90 37 26 69 39 95 98 97 10 67 59 48 62 82 98 53 64 29 11 6 91 53 2 56 27 60 82 13 61 10 73 40 93 23 
40 62 31 42 4 72 94 50 12 1 55 1 32 93 76 10 69 84 56 79 68 96 36 4 14 44 93 63 28 26 46 31 74 34 51 66 52 48 3 17 3 37 37 24 4 58 27 12 76 58 85 97 75 73 65 88 98 28 56 77 80 37 88 47 96 3 32 72 59 18 94 13 23 62 23 20 78 8 3 34 56 13 61 83 26 27 61 86 97 85 7 49 18 18 40 68 75 36 43 29 
70 3 68 32 78 85 32 34 14 1 60 56 48 11 94 10 47 25 75 51 71 97 37 83 80 29 10 52 26 62 17 52 54 90 81 19 10 47 17 38 31 14 35 37 51 17 42 90 98 27 40 17 99 63 25 80 71 85 90 92 30 3 24 7 86 67 7 24 45 77 19 90 7 76 33 96 68 53 18 80 21 41 39 21 52 21 53 48 42 16 18 32 70 96 81 91 10 78 89 89 
64 83 2 59 73 15 38 66 35 91 50 4 90 18 45 18 61 28 7 79 44 81 94 86 11 63 44 62 12 86 68 59 73 90 58 52 97 41 78 47 65 29 72 74 31 74 58 90 28 23 33 79 64 45 68 51 26 41 14 42 75 35 93 17 52 77 10 63 69 48 42 99 21 51 45 68 73 18 50 39 73 7 65 7 41 1 76 95 75 13 43 55 51 78 6 59 19 63 76 12 
65 7 27 5 22 30 3 66 17 15 58 44 6 30 66 1 24 78 78 27 92 92 33 49 16 41 48 28 77 25 27 52 47 75 53 49 75 60 95 73 96 75 4 17 29 55 13 2 70 62 37 83 6 93 76 50 97 79 12 24 96 82 10 58 33 98 16 41 20 55 61 90 55 15 59 60 17 69 5 36 69 47 77 34 55 8 38 7 5 43 31 38 28 77 84 44 17 70 8 74 
48 21 38 29 52 53 17 30 52 94 94 9 9 75 13 56 94 93 29 25 98 8 12 32 22 43 46 59 82 88 30 51 9 95 75 18 45 81 9 33 51 26 70 35 98 74 16 24 73 36 12 66 76 82 41 91 23 51 2 94 41 44 4 33 73 24 71 28 76 21 43 66 22 29 73 97 93 4 28 37 91 67 87 61 28 5 48 15 30 65 18 2 39 62 21 94 11 74 94 27 
91 45 81 64 77 76 77 68 56 47 53 34 67 55 54 43 17 20 99 99 82 78 75 29 12 92 41 74 24 39 25 2 7 20 25 94 19 55 10 59 90 84 21 21 21 68 65 26 78 89 25 41 5 48 49 52 11 66 59 66 75 86 45 11 51 70 68 33 58 1 61 1 89 81 25 3 7 35 31 47 41 5 23 62 96 56 14 98 46 72 85 24 32 58 91 29 68 38 57 24 
1 54 22 41 29 54 55 15 99 43 96 29 83 98 70 86 7 2 51 95 43 35 66 64 21 81 92 2 19 28 60 20 67 60 50 30 47 67 94 47 92 39 77 86 88 67 36 66 71 45 57 7 30 67 78 26 4 30 91 47 82 31 38 93 11 70 12 90 82 48 58 66 43 68 73 47 90 34 7 64 74 51 56 49 93 26 74 33 2 69 64 53 3 90 80 44 51 2 28 44 
55 29 5 57 89 53 57 49 86 79 27 23 46 43 69 38 27 82 95 67 44 48 75 86 71 95 35 82 39 90 61 47 36 4 95 82 11 17 39 97 66 17 51 10 66 99 47 42 31 68 3 29 38 35 48 9 23 19 74 30 80 45 28 49 61 50 16 29 74 76 1 42 88 74 4 66 28 1 3 90 74 23 36 8 70 15 96 22 13 58 39 44 59 41 70 90 22 61 61 89 
15 2 77 22 80 84 69 5 31 98 16 4 53 96 73 15 24 71 88 76 9 54 96 63 61 16 21 92 26 66 75 17 36 54 62 31 14 67 72 65 67 32 87 92 99 15 74 24 98 21 94 7 42 94 93 31 96 18 9 25 20 14 66 54 56 43 80 25 40 8 55 82 94 45 83 10 32 34 47 31 55 92 18 7 53 77 54 40 6 83 7 69 83 46 13 74 41 39 1 73 
17 98 15 76 86 23 47 51 28 84 70 54 17 88 8 13 72 36 26 50 59 22 38 84 89 36 3 29 18 65 23 91 46 90 48 77 21 89 73 84 33 33 36 9 22 87 24 39 67 18 64 61 99 81 34 56 90 30 54 99 59 13 89 61 68 74 53 10 28 53 1 6 92 83 35 7 61 95 2 64 78 14 95 27 36 60 54 38 68 48 59 35 57 90 41 52 29 93 73 19 
62 65 85 56 50 88 98 34 48 24 62 21 18 83 74 40 45 54 62 93 46 1 77 59 61 64 98 90 56 61 32 19 26 88 9 52 90 15 88 73 97 87 56 44 19 31 23 1 56 45 28 58 35 8 35 5 10 72 36 10 58 67 50 14 88 2 21 39 33 58 19 81 50 95 42 14 27 50 16 85 75 36 90 23 35 42 42 30 71 34 76 84 76 55 23 42 69 25 39 37 
