100 20
90 57 26 94 87 14 51 52 20 96 83 56 64 24 38 11 36 71 38 2 29 20 56 36 56 91 62 89 1 2 60 52 52 96 38 65 55 1 9 70 53 59 54 52 29 82 69 81 49 88 7 59 12 46 18 60 85 21 99 77 55 20 37 65 66 30 45 81 67 68 18 36 53 21 63 28 12 88 58 95 65 30 82 56 14 8 66 51 80 29 37 89 54 89 56 90 33 21 71 31 
36 95 71 94 36 52 46 40 89 1 24 28 90 55 32 53 10 24 35 13 8 21 49 23 58 92 60 37 67 32 45 67 86 98 88 2 39 38 6 22 34 97 53 23 83 51 56 32 29 10 22 29 49 48 61 60 89 18 5 63 72 70 24 82 23 70 49 85 81 21 87 86 25 78 43 64 89 71 33 78 81 19 11 87 3 52 81 73 65 31 20 54 15 62 92 6 41 19 73 78 
93 65 67 88 54 43 43 92 23 10 4 83 65 57 39 6 19 33 7 9 84 35 26 40 26 9 74 39 55 36 77 30 35 32 5 17 66 39 62 78 84 19 88 58 51 46 45 60 53 5 13 46 89 78 84 21 70 46 60 36 7 76 37 75 8 19 7 53 72 2 50 9 82 21 27 94 1 37 71 76 58 67 86 24 54 83 40 6 44 97 51 79 37 64 92 91 91 69 78 66 
84 56 70 84 76 63 52 43 36 91 52 38 53 77 31 28 73 46 88 96 70 78 37 15 13 81 69 15 32 55 27 58 95 61 66 3 70 95 31 69 93 51 22 17 43 91 59 7 3 17 58 70 34 34 93 81 44 27 73 24 54 19 98 58 68 50 42 91 41 41 10 50 50 59 15 40 59 96 43 24 92 27 21 85 99 84 88 98 25 27 64 96 78 7 15 42 3 36 25 93 
10 16 21 47 18 43 3 87 33 56 85 42 3 71 19 89 65 42 64 20 91 5 37 76 29 20 53 99 45 20 69 70 74 46 31 55 57 1 13 50 87 83 62 22 54 39 45 53 86 2 90 89 96 35 29 76 23 79 43 9 75 94 8 71 79 4 32 85 18 35 8 50 74 68 50 86 79 77 41 80 55 74 74 32 53 54 98 89 5 33 63 4 61 3 57 61 38 62 59 39 
4 78 15 32 46 27 73 43 82 44 91 24 73 59 90 71 31 90 51 32 31 67 26 19 35 44 65 34 10 21 31 82 45 64 19 96 69 26 73 49 75 56 11 75 31 29 34 91 4 58 53 15 77 16 7 76 72 52 75 47 60 12 3 54 88 56 16 96 92 79 43 68 22 28 32 74 51 22 66 50 7 66 91 80 78 80 24 19 43 7 78 6 79 36 80 85 91 24 90 28 
5 74 16 5 44 11 13 91 54 18 12 64 64 82 87 97 43 42 2 14 93 75 93 75 41 3 78 78 35 70 34 46 35 52 3 26 12 40 79 77 34 38 8 72 67 55 73 81 66 2 95 76 67 79 27 16 81 80 40 44 93 74 26 82 49 8 83 25 53 94 21 31 59 12 40 16 68 91 38 53 21 16 93 58 86 11 69 88 64 39 97 36 72 94 80 21 41 95 77 83 
14 80 32 25 45 9 74 12 83 43 61 24 63 31 6 98 16 68 46 7 33 67 22 20 39 27 33 81 57 1 19 72 80 64 20 81 40 88 46 76 70 3 54 68 85 66 4 81 41 40 37 26 4 48 42 62 23 53 21 70 1 21 64 20 53 92 11 39 88 51 25 83 67 88 60 1 78 79 30 7 3 45 76 47 84 25 38 71 98 44 18 98 22 82 57 85 96 44 95 99 
27 17 65 4 29 35 96 14 60 83 51 61 30 50 70 38 18 67 33 1 15 52 5 14 70 52 77 94 33 89 19 55 97 4 10 49 44 96 92 11 85 72 12 4 13 87 62 59 31 88 26 28 13 60 22 14 35 67 49 27 26 96 25 20 9 6 37 37 43 61 81 55 70 84 6 29 59 98 58 32 47 67 26 4 81 40 82 92 71 98 28 97 22 97 37 15 85 9 98 79 
26 22 38 29 1 63 47 26 29 55 2 84 10 15 94 88 86 71 24 43 66 88 15 97 42 77 31 59 9 21 1 14 81 89 33 46 16 62 35 57 26 42 33 84 4 78 88 18 38 81 20 19 31 46 21 44 20 67 75 57 92 59 81 52 10 75 66 70 23 24 8 20 88 93 52 94 95 62 29 91 74 25 77 31 24 8 60 74 24 86 80 44 59 10 6 39 34 11 84 60 
87 77 9 5 77 71 98 27 19 49 52 58 39 62 28 34 97 26 9 2 79 16 3 14 87 65 32 29 35 52 28 96 44 98 23 58 35 61 48 34 21 26 25 25 4 4 57 98 64 19 29 86 61 10 93 80 19 17 70 21 25 80 39 93 23 32 31 25 5 87 24 70 9 45 37 16 7 72 22 64 6 8 59 33 34 48 50 47 39 44 14 34 81 95 76 14 28 44 65 97 
60 85 90 29 51 4 29 49 9 15 92 43 85 1 27 66 89 78 20 39 53 69 65 24 99 64 34 84 15 96 42 64 13 8 20 48 7 20 80 34 77 99 89 1 42 30 32 78 22 79 83 14 11 68 74 45 46 39 66 62 77 26 12 83 31 22 30 20 85 49 73 45 33 25 93 64 54 33 17 82 83 92 4 73 79 25 26 49 91 24 31 27 33 24 11 2 43 68 73 8 
93 98 68 80 76 50 91 8 74 29 88 48 9 27 97 1 74 9 56 7 85 55 39 95 15 6 5 31 43 5 41 48 98 44 4 4 3 5 63 17 12 5 51 15 64 40 97 73 23 29 81 62 15 55 68 92 81 14 59 53 20 52 32 60 24 15 84 99 32 88 79 68 67 44 87 23 83 82 32 19 9 74 33 54 90 10 47 18 34 34 18 29 52 2 13 82 7 10 71 92 
26 70 87 6 99 64 3 17 96 38 50 28 96 51 55 75 48 22 23 17 89 52 53 51 65 41 66 34 48 8 15 99 52 5 6 78 57 44 20 15 25 10 29 88 16 79 14 30 13 43 87 42 35 21 8 17 60 81 99 56 42 62 74 87 26 87 45 86 75 87 50 91 82 17 68 27 91 71 39 19 16 11 78 14 58 75 5 97 27 4 48 18 58 51 78 95 31 14 15 51 
12 14 99 52 14 20 26 9 81 66 93 36 84 35 44 58 36 18 15 9 94 11 32 18 52 4 3 12 32 79 12 1 79 5 15 78 55 21 30 14 34 44 32 42 92 55 50 61 6 94 54 26 42 54 57 40 54 71 2 52 73 28 58 46 7 37 15 38 26 39 76 67 64 96 54 93 9 89 59 88 95 4 1 28 3 30 73 88 42 54 56 42 57 55 4 44 14 92 42 34 
76 37 82 94 2 93 72 31 61 59 74 98 29 13 82 38 15 72 68 18 43 75 48 6 13 38 49 37 71 31 79 84 82 43 98 23 92 55 84 2 3 5 3 13 35 54 74 60 3 62 48 26 79 54 63 41 66 85 24 55 60 14 64 1 25 67 20 69 59 15 93 72 65 31 28 16 15 67 69 65 23 22 40 18 13 6 9 66 85 15 53 74 91 94 34 39 94 12 62 62 
29 29 15 47 23 86 97 20 21 86 88 77 61 10 1 73 86 67 17 11 85 39 44 81 41 19 48 19 66 60 6 32 57 19 39 58 29 94 70 98 66 79 54 68 60 95 32 36 58 45 66 71 3 50 91 83 78 94 54 70 56 75 58 59 34 38 7 53 80 24 48 69 84 17 19 90 91 81 87 99 52 9 95 34 64 63 7 20 15 22 46 21 29 21 47 81 9 97 91 68 
65 21 12 47 95 15 92 87 6 82 22 19 89 60 96 80 56 19 94 54 53 81 87 87 82 46 63 9 21 3 41 46 39 50 96 48 17 16 73 4 68 76 6 56 55 73 37 26 6 36 39 27 37 94 27 89 70 5 83 72 54 61 74 86 75 21 67 15 86 20 51 24 20 88 56 92 5 79 68 21 91 75 54 57 66 16 74 12 70 12 6 76 19 66 59 45 22 92 95 29 
66 61 88 40 25 4 30 41 27 68 33 50 25 52 33 26 62 24 53 48 65 25 98 17 39 59 46 39 59 89 44 30 66 28 1 98 63 33 82 51 2 1 5 74 81 62 24 37 44 71 37 81 64 6 71 16 43 54 77 8 4 13 25 82 87 80 95 11 41 50 78 7 17 6 59 18 61 9 22 24 12 3 32 27 92 96 40 44 3 67 70 6 13 44 15 45 59 13 28 93 
18 69 77 17 66 5 86 15 53 47 42 22 4 54 33 64 90 64 85 84 10 67 31 10 44 69 72 21 35 67 58 19 53 12 45 96 61 78 70 9 86 40 20 34 90 27 97 50 37 6 91 2 58 41 46 66 26 64 30 24 21 48 3 28 99 69 83 73 64 80 25 62 31 77 76 76 99 69 52 44 21 46 8 10 66 49 97 2 95 36 54 3 28 54 51 16 9 8 71 35 
