100 60
3 55 15 14 82 23 19 96 50 88 83 9 20 91 30 23 83 24 36 90 68 87 89 3 89 52 49 46 10 10 95 57 93 31 89 81 63 22 32 24 58 79 13 13 88 51 74 51 88 84 62 73 81 90 86 4 27 93 72 10 80 94 21 59 53 20 64 79 61 83 20 10 88 39 50 59 38 41 14 62 92 93 30 36 66 16 24 36 63 88 93 13 37 19 58 66 39 91 19 5 
64 40 85 89 69 31 51 65 7 53 59 87 65 39 83 99 22 89 72 56 19 55 35 3 51 22 20 58 44 87 99 95 34 46 47 25 52 68 20 71 4 79 41 58 49 46 81 89 87 56 37 30 35 94 15 85 10 32 13 83 9 4 97 59 91 85 92 31 60 84 52 84 45 12 47 55 78 69 45 6 81 29 90 11 45 12 88 36 7 74 83 21 38 83 41 59 20 5 32 79 
58 5 77 92 66 81 99 48 41 43 65 49 97 41 53 57 84 74 33 87 92 99 71 14 64 35 33 76 91 69 93 87 33 65 43 37 10 66 88 98 20 5 66 40 40 7 47 22 32 95 36 11 51 7 88 80 51 82 10 23 89 86 61 50 36 9 70 4 76 67 36 59 22 22 31 33 12 72 12 86 22 70 27 38 70 24 16 63 24 3 24 3 4 48 1 70 93 72 12 58 
31 58 81 45 46 51 98 82 48 25 87 26 56 6 52 8 66 68 44 30 89 72 89 90 77 88 23 16 56 30 21 92 58 90 28 97 51 64 91 33 68 89 93 50 47 69 79 88 50 9 89 3 4 46 93 93 26 79 18 43 61 3 78 41 6 37 12 20 44 58 8 81 78 30 39 35 59 36 92 23 18 11 1 52 95 69 73 30 78 41 28 89 26 98 24 27 2 91 87 26 
92 5 97 85 95 25 38 78 97 32 72 9 49 38 28 80 97 7 64 32 48 10 23 83 20 86 87 4 3 92 42 56 10 67 22 62 39 78 72 54 26 85 8 34 97 95 63 26 37 17 53 36 32 17 28 7 32 75 29 73 9 48 44 21 10 15 68 40 12 39 54 82 83 26 71 19 35 75 62 94 81 41 99 83 90 83 40 48 46 30 81 93 2 29 20 25 34 4 7 2 
80 51 92 61 15 2 39 87 5 28 37 82 75 99 68 36 61 52 60 95 78 61 65 38 13 28 45 57 94 60 49 46 88 52 97 71 65 66 60 62 90 17 42 84 2 46 58 30 89 11 23 90 84 60 24 43 28 18 7 28 65 63 57 35 18 16 80 79 68 9 80 87 42 78 48 74 85 41 34 28 51 75 37 88 78 4 80 29 70 71 94 40 81 33 1 7 92 27 87 94 
14 13 58 27 48 60 71 29 39 9 84 16 71 84 4 67 49 24 59 29 5 80 13 15 8 30 65 16 65 82 59 7 33 78 88 51 20 4 4 7 92 93 17 36 86 35 10 6 7 78 38 98 37 41 41 19 45 13 44 94 92 65 66 89 33 53 26 5 27 26 50 87 43 31 77 37 65 20 64 10 2 55 93 25 85 18 79 76 86 12 71 31 15 70 66 39 26 63 10 41 
32 39 4 92 46 26 65 71 91 62 72 30 12 26 30 72 58 51 67 20 22 58 71 48 69 83 20 15 67 16 5 93 20 21 72 4 97 77 48 40 65 7 73 7 20 3 31 47 15 66 80 76 98 34 88 11 39 9 58 99 58 95 64 57 63 27 79 94 78 97 10 48 73 94 23 14 97 30 83 75 11 69 78 40 13 67 54 65 76 92 42 91 78 65 94 76 28 85 16 19 
28 93 82 80 99 13 62 76 83 13 18 74 19 42 57 93 95 30 17 57 10 32 14 49 17 96 9 66 93 15 56 84 87 79 63 2 79 39 46 8 36 57 86 28 66 66 87 90 81 24 28 73 43 71 22 67 31 86 71 30 86 44 28 40 81 68 44 55 63 89 28 69 19 4 8 68 27 25 79 84 17 43 67 55 23 81 79 77 40 50 64 64 83 6 66 4 42 5 81 9 
95 50 45 78 90 64 60 16 8 74 39 93 14 22 35 45 19 28 40 24 64 74 61 84 97 83 9 63 58 2 72 62 57 79 3 26 58 53 96 27 58 27 74 45 71 51 60 48 6 7 69 76 49 85 83 17 48 70 32 94 89 17 79 43 82 38 1 94 37 78 61 56 49 3 7 92 79 71 35 8 34 26 80 24 49 67 99 68 69 40 46 46 27 11 54 29 30 48 22 34 
21 24 7 22 19 25 18 69 74 12 91 81 34 36 64 22 78 46 59 50 26 92 93 35 40 38 80 58 38 58 39 18 93 52 1 38 45 46 12 75 99 2 43 24 42 23 96 21 43 56 8 52 57 5 57 63 38 31 70 60 40 62 32 18 25 97 84 86 69 15 39 97 70 76 79 70 50 35 69 19 66 40 59 56 13 46 92 1 32 15 9 85 17 24 54 61 16 74 85 5 
76 68 2 17 81 78 6 55 23 57 55 60 36 87 86 17 20 36 71 10 71 89 39 54 14 78 14 31 28 13 42 14 85 13 26 1 78 40 55 49 49 27 37 2 26 13 25 23 50 67 56 26 9 31 77 7 67 37 78 72 97 52 23 76 13 97 79 47 95 90 53 19 32 67 17 65 39 20 43 28 1 23 35 49 95 70 53 5 30 99 56 30 67 31 23 58 62 90 89 46 
68 44 46 62 5 6 38 64 80 24 54 21 82 49 47 35 19 54 22 15 77 92 88 25 83 56 22 46 50 29 17 31 41 44 42 56 22 40 1 87 20 18 83 26 77 95 26 69 13 68 62 71 69 57 87 90 77 74 8 53 10 73 98 4 36 6 63 66 79 80 84 98 73 19 86 47 19 8 85 7 39 60 49 72 36 70 54 98 46 66 38 55 99 73 60 81 73 62 53 48 
43 47 92 72 94 11 90 90 75 68 47 7 56 29 18 56 22 26 12 87 51 91 73 42 1 46 64 35 83 73 45 40 51 4 55 65 75 95 94 40 31 17 5 90 72 25 50 25 19 50 2 16 36 74 14 76 14 14 8 45 52 99 55 66 36 61 54 74 25 4 16 67 25 93 41 97 79 35 7 44 41 56 40 2 61 86 9 56 64 40 93 70 35 95 75 61 95 80 13 83 
37 92 78 81 74 41 98 75 46 20 34 18 99 97 6 58 54 56 5 8 1 87 1 43 14 7 48 18 55 53 91 61 79 2 74 91 42 63 41 19 6 97 46 50 44 13 60 98 50 78 76 87 42 25 15 60 70 54 31 79 21 46 20 40 26 62 26 73 67 53 43 52 80 65 29 96 66 46 4 84 94 52 60 52 9 54 71 5 35 42 91 19 85 32 68 53 66 75 45 52 
22 9 27 27 86 95 20 64 78 67 23 74 17 85 63 55 65 46 24 13 62 19 82 87 54 75 37 89 26 21 39 25 28 23 26 33 17 46 50 14 75 83 13 57 53 84 91 81 91 88 77 56 60 57 98 40 82 3 58 8 72 20 61 83 61 21 50 72 31 60 31 88 46 72 7 92 83 97 13 17 65 19 40 96 88 86 73 9 56 54 18 92 10 11 35 90 61 8 68 72 
7 28 75 2 95 92 75 67 26 18 18 63 78 7 59 48 51 57 58 2 25 24 28 88 12 70 92 11 12 25 45 66 73 43 4 1 49 54 66 71 46 26 66 94 89 18 32 10 74 36 41 31 24 89 75 2 44 50 79 59 82 5 17 80 79 14 23 46 33 65 66 92 44 33 99 71 83 34 23 1 40 79 30 28 81 39 73 80 9 89 19 24 14 74 96 21 32 61 64 81 
71 47 80 69 86 59 85 76 66 56 51 24 22 82 30 81 73 74 74 47 24 38 15 29 49 30 39 29 72 39 76 19 48 69 77 27 43 19 95 18 17 62 67 71 6 31 97 66 1 95 34 61 28 47 54 74 36 78 45 67 71 63 82 22 59 39 15 29 90 90 43 59 98 28 3 56 40 66 44 8 79 13 14 31 66 43 37 56 21 84 98 5 12 96 21 68 39 53 51 97 
47 62 23 82 5 20 9 68 92 98 72 1 42 30 8 68 16 85 96 6 11 88 5 3 66 20 96 6 73 22 37 29 72 5 99 57 69 55 71 54 36 40 59 68 18 16 99 38 39 31 57 99 11 35 40 92 36 82 99 64 18 42 40 78 62 2 21 24 86 71 68 13 26 95 79 94 39 55 27 58 14 75 64 42 75 31 38 35 89 53 86 86 72 36 54 11 91 41 87 95 
21 1 80 39 53 30 2 67 7 20 43 57 93 93 86 76 72 94 27 26 84 15 8 74 82 31 48 87 59 30 74 57 83 45 55 39 29 83 27 77 6 60 31 38 91 28 39 44 62 9 89 99 26 24 17 26 49 27 79 93 93 37 98 49 45 64 81 52 41 45 57 98 11 73 8 61 95 31 97 14 90 18 6 67 67 85 57 96 12 67 54 74 50 8 6 3 84 98 63 42 
47 25 3 73 39 58 93 7 20 67 82 5 5 54 84 34 52 15 91 38 21 1 21 87 28 68 76 42 3 43 4 3 46 67 45 71 83 65 98 5 21 91 70 72 6 92 35 10 78 59 89 78 31 86 9 20 61 26 4 13 32 48 76 28 24 89 78 87 94 19 61 17 35 85 41 4 23 78 49 55 80 86 87 52 31 46 89 6 55 7 73 13 48 79 98 15 73 98 21 53 
93 31 26 64 66 67 21 3 24 83 23 61 27 1 55 40 55 20 5 10 96 3 4 96 24 57 10 58 75 12 88 69 39 7 94 98 31 64 51 96 78 77 36 68 2 88 55 63 92 70 31 51 96 11 82 2 97 86 99 73 95 52 36 87 86 17 78 12 47 28 39 41 16 51 27 82 71 51 36 29 18 74 24 50 60 28 91 64 91 64 67 26 71 60 88 3 8 97 78 62 
19 15 80 57 69 69 84 60 59 56 49 65 29 46 86 91 35 11 24 19 57 36 17 89 99 24 51 17 7 99 48 90 57 20 76 82 81 75 53 56 61 1 50 68 37 76 6 77 18 41 24 50 81 92 83 68 86 96 48 33 73 91 64 72 75 95 76 46 23 15 27 56 47 46 65 48 90 84 53 18 13 31 71 21 92 95 26 77 38 9 53 75 91 23 28 83 38 18 69 49 
65 45 36 16 60 38 86 96 46 61 88 14 52 10 69 71 89 6 51 64 73 24 82 8 66 27 67 68 98 95 97 97 7 57 85 59 60 23 93 66 96 11 64 5 49 86 56 72 81 85 69 4 15 50 80 6 63 60 73 87 62 61 69 90 3 98 58 22 58 48 31 82 19 46 12 4 22 23 84 71 86 32 31 63 36 82 55 78 39 67 21 65 37 2 77 59 70 46 93 6 
62 71 67 22 20 58 49 82 22 44 32 90 51 68 36 78 84 93 57 26 47 57 15 17 70 28 15 94 46 63 3 21 85 66 19 28 75 41 57 78 30 46 19 20 53 56 72 42 89 15 5 30 84 90 83 26 38 35 7 80 64 39 63 12 42 86 90 59 76 12 26 43 54 58 65 17 95 31 21 27 17 56 76 68 82 35 41 37 63 1 10 92 89 75 15 10 13 25 88 34 
11 93 12 32 94 94 17 47 74 66 65 64 31 5 84 82 10 6 56 40 2 46 3 94 26 61 60 6 11 29 70 14 76 49 50 26 12 28 81 92 60 57 90 89 1 94 27 2 24 44 46 3 20 44 90 35 55 39 72 92 57 66 53 3 91 39 24 7 46 21 90 40 12 14 48 14 64 36 72 97 43 4 89 1 35 12 65 51 56 18 85 77 28 19 32 92 67 36 70 72 
57 47 67 52 66 93 91 22 59 21 77 44 55 63 32 11 98 44 40 6 68 87 75 14 81 17 1 28 1 67 78 50 40 88 78 5 72 53 77 40 34 60 72 34 31 47 81 5 49 86 54 12 52 4 77 67 97 72 76 37 36 28 29 53 20 72 65 12 10 78 77 87 80 96 24 37 27 63 38 1 71 4 33 16 68 42 6 20 12 5 48 55 41 28 50 77 47 62 5 60 
76 26 26 25 68 70 69 21 1 6 82 17 67 28 47 45 97 88 46 8 83 23 90 5 12 81 52 72 1 63 96 6 21 47 15 96 37 19 50 60 34 7 34 71 45 13 16 89 91 40 91 96 7 29 40 23 70 84 51 80 39 9 56 95 78 33 61 38 91 49 76 53 55 40 51 93 46 9 98 48 75 15 34 76 18 2 1 39 45 27 5 27 54 98 45 95 3 1 44 91 
55 76 39 16 41 17 88 95 57 68 9 88 86 49 68 38 74 45 31 34 91 64 12 69 86 96 34 96 44 71 81 80 40 6 60 60 97 69 51 98 44 39 67 47 68 49 10 92 73 55 26 20 37 87 61 66 65 4 21 78 49 51 22 67 22 19 52 63 13 95 24 78 8 27 32 54 2 67 11 24 54 42 88 68 51 99 43 67 55 69 62 62 65 16 94 10 69 99 9 34 
73 17 2 21 42 88 91 64 36 39 55 58 96 18 31 37 98 16 27 67 32 43 7 26 81 14 71 83 6 28 36 86 25 48 16 37 93 84 6 74 88 76 58 56 89 69 72 38 55 3 66 60 12 84 64 23 27 77 76 68 96 76 79 66 24 93 98 91 1 37 86 5 88 92 10 37 1 5 24 68 83 59 59 9 96 62 99 82 92 24 65 5 4 38 94 67 18 63 20 18 
96 7 68 54 61 45 37 14 11 95 29 90 56 27 71 30 68 8 58 28 88 16 55 45 32 45 4 8 97 6 33 14 68 37 60 45 24 13 3 66 44 41 78 36 12 81 16 11 27 40 57 51 5 83 70 30 87 42 49 37 48 17 22 85 98 84 57 19 90 5 72 15 31 28 36 94 80 98 78 30 62 63 92 44 68 76 47 23 67 6 84 19 7 41 37 59 24 97 22 50 
36 42 31 7 88 12 76 56 24 56 21 49 65 18 27 54 50 47 86 12 59 35 53 69 48 43 69 11 80 33 1 86 57 4 66 47 48 15 70 72 24 23 33 4 88 14 22 76 6 29 83 48 35 1 73 32 63 80 88 28 32 74 98 53 69 69 77 74 26 68 33 38 2 21 38 3 77 51 65 69 48 92 14 11 51 20 44 9 2 76 8 78 20 8 78 4 64 93 81 67 
21 6 85 58 78 40 93 81 48 44 20 11 33 37 16 44 97 83 75 47 29 42 92 13 90 28 17 17 81 66 8 71 88 46 95 85 47 83 33 16 92 69 53 31 20 33 27 57 40 92 19 46 34 17 41 21 11 75 13 39 62 2 14 45 21 43 43 29 16 19 73 82 28 81 8 53 46 63 36 2 26 43 91 59 43 93 8 82 51 44 71 11 36 32 83 21 75 64 11 85 
12 68 77 59 94 58 90 17 63 7 58 73 35 57 3 6 52 61 57 35 62 58 52 16 1 59 99 10 71 26 65 72 28 52 60 33 54 46 13 73 46 11 56 13 94 24 9 85 63 24 51 25 74 84 15 44 84 3 54 17 69 74 38 58 7 79 20 7 52 60 29 5 26 6 46 81 89 29 86 32 30 52 79 99 42 86 51 58 6 12 8 90 69 60 12 72 33 96 67 52 
35 53 60 96 47 17 14 6 3 54 82 82 58 80 85 48 95 49 18 64 24 57 57 39 89 50 68 34 80 32 15 70 35 68 59 36 44 93 73 87 60 18 44 64 5 31 76 86 70 14 3 67 30 37 89 15 44 73 41 43 64 3 8 72 41 16 91 42 29 23 53 11 93 60 15 66 20 94 72 31 14 30 95 68 13 14 40 88 87 46 48 54 56 80 57 87 79 34 9 79 
83 54 53 41 52 73 49 9 34 10 36 90 66 17 4 17 2 36 28 21 42 28 96 72 71 2 43 6 82 50 80 53 12 79 26 76 70 38 42 96 74 51 56 25 75 51 1 95 92 7 42 97 46 58 11 3 84 44 30 1 18 36 55 28 49 68 95 98 5 69 53 37 68 92 48 11 8 49 55 57 8 37 30 19 6 75 45 71 17 32 17 57 66 57 39 19 25 13 16 23 
81 47 83 98 63 85 26 3 14 82 89 72 72 83 36 90 61 78 42 61 51 47 59 62 13 28 67 2 73 64 29 74 74 66 53 17 26 62 41 68 63 62 53 21 8 8 56 78 14 30 85 15 34 7 98 26 71 18 32 89 35 3 57 21 97 15 37 26 52 79 83 62 66 50 12 93 42 61 95 41 68 90 28 49 77 9 73 34 6 42 26 42 43 23 63 8 94 51 6 7 
85 44 70 46 35 91 8 69 57 91 6 22 25 91 12 91 51 43 52 59 73 76 20 75 32 82 50 45 55 98 6 7 36 85 57 13 17 10 63 14 69 25 53 38 74 54 8 72 6 68 39 45 13 71 74 4 94 79 34 2 89 99 18 73 51 16 80 20 31 67 15 90 62 31 37 61 36 2 61 15 85 74 86 27 70 25 73 45 49 90 30 68 72 53 87 30 51 19 88 79 
13 31 40 72 67 45 53 17 30 50 79 59 8 65 40 66 13 8 69 58 75 98 21 11 47 73 70 66 10 81 28 35 75 96 40 7 2 23 96 52 88 1 39 30 92 13 64 98 29 88 31 13 78 14 67 39 92 36 77 57 4 69 47 67 25 99 46 94 64 94 43 98 25 8 4 79 11 85 99 79 40 70 18 95 43 11 60 80 72 69 58 52 12 20 71 98 75 65 98 84 
51 87 92 68 44 55 50 5 24 64 19 32 41 62 81 89 91 88 81 72 52 6 60 67 9 32 80 83 88 71 66 79 88 46 25 97 15 27 86 95 2 66 30 75 56 26 17 19 76 12 21 14 94 4 60 87 98 84 29 40 70 76 28 70 13 67 94 15 82 45 37 71 20 27 64 33 84 92 16 23 80 14 93 21 91 85 96 95 12 60 46 37 75 73 23 88 88 81 93 74 
45 16 83 72 51 12 94 27 26 88 97 69 49 37 86 1 40 10 67 14 13 77 23 49 26 88 58 51 49 25 65 27 10 54 74 95 55 89 14 52 6 46 60 20 15 93 5 7 19 18 99 64 2 73 18 38 43 40 12 32 80 80 68 57 60 94 61 91 2 77 12 36 43 77 45 73 7 46 43 16 50 1 5 73 26 77 96 98 33 88 17 51 78 78 44 50 30 80 99 30 
92 91 6 14 95 20 97 40 20 24 52 4 40 39 52 49 17 17 53 81 72 9 68 43 80 44 48 97 39 14 61 8 56 51 74 20 31 11 39 45 32 52 64 37 84 23 6 79 44 34 44 60 83 47 63 56 71 52 36 17 54 49 5 40 39 32 58 58 70 65 21 16 17 70 25 53 49 2 97 88 22 34 42 94 54 36 16 84 14 59 15 91 94 15 52 49 1 55 42 75 
67 58 33 25 17 44 71 30 25 67 74 39 88 53 22 81 25 7 70 70 78 28 53 14 23 11 89 21 77 54 94 8 1 66 77 99 7 69 55 44 66 12 55 12 14 64 21 7 55 37 21 68 72 78 52 80 30 84 49 78 81 5 86 52 77 47 90 55 68 87 39 10 13 70 73 13 85 21 1 43 78 48 3 67 13 53 39 44 41 31 58 34 57 82 97 4 96 17 97 32 
93 27 35 77 68 51 31 17 31 2 31 18 66 19 92 91 61 69 38 88 36 68 93 27 75 20 11 26 59 43 6 36 94 2 86 71 49 42 83 41 76 19 84 77 52 27 62 71 7 34 8 2 50 12 60 64 9 67 42 10 54 72 81 65 35 97 55 76 10 41 11 28 73 61 99 83 94 8 14 12 43 52 9 21 21 21 42 85 95 23 99 85 32 84 29 27 18 81 71 82 
8 75 98 70 86 4 87 88 1 64 33 22 82 97 78 9 74 57 3 79 82 63 82 11 40 63 42 81 56 81 17 28 75 81 1 4 35 19 11 31 20 98 39 62 18 32 10 31 77 90 35 12 64 66 72 75 17 24 79 45 1 58 70 54 69 51 75 97 17 30 90 94 33 18 42 39 65 95 35 62 67 55 13 81 63 56 16 63 96 84 34 75 93 4 64 43 11 17 67 9 
63 84 11 86 57 28 33 21 35 61 54 74 94 53 71 61 83 34 76 46 81 72 34 24 81 61 62 2 73 92 16 80 22 46 65 36 50 64 81 1 19 38 11 42 9 83 64 48 5 30 92 6 69 92 71 82 34 61 77 8 70 76 76 57 80 16 98 27 70 69 25 22 38 25 64 34 50 48 35 23 24 63 49 98 9 36 90 1 70 51 99 81 67 99 50 89 35 54 33 43 
35 76 97 97 96 95 14 74 31 34 98 17 13 62 93 65 76 46 1 14 16 54 84 9 95 64 84 56 56 65 18 32 17 68 85 83 87 11 78 40 68 63 87 16 63 35 4 16 80 80 29 46 42 8 80 17 85 79 97 48 78 26 48 78 17 46 33 68 34 14 96 11 8 90 28 33 68 22 70 3 97 51 25 41 43 25 61 19 22 94 19 71 24 27 16 99 22 10 56 78 
43 1 26 98 62 62 99 23 93 4 47 46 94 83 2 35 7 36 92 98 84 4 81 22 25 70 86 94 2 89 19 42 94 16 10 56 22 38 47 31 72 11 2 88 32 81 61 11 22 28 59 76 25 84 11 85 16 74 38 91 99 42 6 39 34 86 50 86 65 86 13 43 62 36 67 97 39 78 55 49 95 28 16 41 44 13 17 91 39 98 83 21 13 20 36 87 3 17 15 19 
12 60 69 96 69 60 40 98 73 26 47 98 4 53 90 90 46 24 56 81 52 62 75 51 94 89 77 2 23 79 47 20 23 19 80 29 65 59 44 48 73 75 26 47 67 22 95 3 29 85 59 55 54 48 18 64 11 38 20 66 92 87 20 27 79 88 34 5 87 50 96 99 33 54 16 14 82 12 32 5 12 18 70 45 60 11 1 78 91 26 91 70 44 52 66 71 89 88 60 70 
27 44 52 66 4 81 67 17 97 92 36 8 12 1 22 2 93 54 25 29 14 10 60 66 51 11 37 23 70 73 46 15 5 63 34 53 37 80 89 21 80 36 24 55 62 39 48 28 3 71 60 31 94 76 22 51 89 32 42 57 73 41 57 75 54 3 13 76 36 2 44 54 7 86 61 6 14 48 22 15 51 7 22 31 35 88 71 52 87 10 76 6 20 54 21 31 11 58 48 58 
81 13 64 50 4 71 36 89 28 65 63 30 44 3 91 31 56 21 35 86 93 96 89 32 15 50 29 50 14 52 19 75 28 28 20 2 44 68 94 90 99 30 12 73 98 47 55 60 8 34 31 48 70 91 69 21 8 17 35 61 27 6 31 56 30 61 6 2 14 96 59 7 83 46 51 6 52 70 3 59 53 58 7 64 40 37 33 56 99 79 34 19 52 8 51 88 62 98 21 62 
88 45 92 40 76 24 80 52 97 27 24 92 44 65 52 86 93 12 49 31 42 22 81 28 34 75 29 14 93 97 19 89 57 99 54 56 5 4 47 41 87 76 49 32 64 60 82 9 28 4 71 72 43 93 73 79 68 87 10 68 95 40 99 95 77 40 88 64 59 41 77 58 11 85 61 67 55 47 53 26 4 53 18 40 84 18 6 17 74 78 79 2 33 19 48 4 28 8 98 32 
2 34 15 92 97 69 57 71 80 81 9 29 63 21 30 25 94 18 43 79 11 48 88 33 91 80 75 97 18 35 46 18 30 43 25 24 77 99 79 90 84 21 75 90 95 3 30 52 43 70 74 17 92 42 3 92 8 81 34 12 3 55 66 89 96 88 31 74 73 20 53 11 38 62 5 91 68 51 61 14 76 12 60 39 63 5 52 44 71 87 64 82 48 72 51 36 95 78 51 76 
14 17 84 27 7 98 95 65 38 86 41 15 71 42 67 36 35 45 26 97 97 73 49 59 49 87 33 52 86 10 18 59 92 6 71 99 14 66 69 7 48 87 74 10 21 54 22 16 70 16 95 92 23 77 13 47 81 68 5 8 2 36 98 7 76 18 97 58 14 28 59 44 20 34 85 92 82 42 92 57 47 78 3 4 3 66 17 86 61 12 3 33 40 82 71 20 39 88 60 62 
71 50 61 87 59 55 89 89 8 30 68 59 91 49 36 16 87 79 38 27 84 87 29 9 84 44 87 38 15 30 13 53 27 46 38 65 10 13 34 60 91 83 14 8 49 47 41 66 10 33 37 90 62 22 84 36 62 46 34 66 34 3 14 60 81 52 32 15 94 31 84 56 53 54 59 41 33 25 48 67 13 36 47 76 83 80 63 63 48 54 26 80 35 67 87 43 98 45 31 38 
70 94 38 60 87 91 66 82 94 46 87 17 93 85 70 67 98 98 14 66 77 67 79 2 70 94 25 52 32 43 31 18 56 57 37 50 9 4 70 84 60 93 76 69 15 22 51 1 44 92 74 50 17 53 37 99 29 26 73 68 37 38 95 47 90 51 20 29 58 96 4 41 65 4 71 74 19 33 47 14 46 6 90 75 17 35 20 30 83 60 50 38 7 73 21 84 87 53 29 2 
65 23 92 13 37 18 83 62 33 88 69 78 88 29 71 86 24 38 69 50 93 79 56 23 46 37 99 6 77 69 90 5 91 68 8 86 52 13 67 33 43 28 82 98 22 38 18 68 75 26 48 12 78 87 12 39 48 86 69 59 3 16 58 35 13 48 51 40 64 95 8 13 9 63 36 15 23 9 46 89 64 96 7 12 26 55 1 49 96 30 83 19 12 46 38 39 14 58 28 91 
50 58 40 1 66 7 36 34 95 88 73 31 90 57 69 65 7 2 38 88 81 31 63 9 21 49 89 74 74 41 96 52 23 52 80 10 52 70 42 99 41 5 57 36 39 70 69 79 50 68 61 15 9 66 43 37 69 77 30 28 78 49 24 40 64 35 96 78 11 83 67 77 45 15 87 87 14 4 22 54 67 60 27 98 41 13 35 1 33 86 34 76 89 86 48 64 86 78 21 3 
6 9 25 52 31 94 83 17 32 32 4 98 90 40 48 67 1 15 46 73 77 37 1 53 65 78 95 41 36 8 97 66 7 97 69 69 35 28 70 99 33 95 64 28 70 22 28 48 79 51 52 87 65 67 55 9 7 91 82 21 68 94 17 80 2 97 80 2 55 83 48 62 78 99 48 7 29 66 67 56 78 80 63 12 19 27 64 64 68 76 81 95 79 1 9 91 42 72 34 40 
30 28 12 78 16 13 90 16 48 40 84 73 34 30 56 75 50 88 5 48 75 49 95 59 21 95 96 44 65 98 3 40 80 43 70 14 66 62 50 97 80 67 16 17 70 82 96 21 5 67 8 19 3 59 81 6 70 95 2 96 24 51 29 56 28 65 38 31 23 74 45 82 59 45 39 14 26 2 17 6 81 62 10 43 89 65 18 51 43 4 38 25 3 55 1 56 24 12 94 72 
