100 40
93 49 86 7 28 28 20 69 26 1 66 93 14 19 86 40 40 5 63 41 72 49 1 97 98 15 21 83 27 34 68 39 86 8 7 78 27 11 20 84 18 86 13 10 47 47 10 79 27 76 57 86 86 31 20 95 77 32 83 42 69 76 55 30 54 29 60 34 43 26 45 2 69 70 78 47 84 41 46 57 60 83 56 88 90 14 37 68 87 20 38 92 85 58 25 30 38 57 89 18 
97 41 57 27 77 22 44 48 60 84 20 29 69 72 83 62 30 78 38 94 69 50 84 21 15 84 27 90 96 30 72 3 47 87 27 10 99 10 1 14 86 1 2 70 46 15 44 84 15 58 41 14 33 91 7 68 41 23 58 8 81 15 14 46 97 80 92 46 36 83 18 23 44 42 10 44 68 22 95 28 61 43 98 45 73 77 48 18 58 46 73 18 71 25 4 70 68 37 73 53 
74 83 36 44 76 26 55 29 24 19 72 71 72 16 22 76 86 23 46 8 37 11 95 85 4 2 29 88 72 79 11 54 40 84 17 77 8 16 27 9 86 30 32 61 94 39 28 99 58 17 21 52 12 92 24 1 96 53 56 87 62 44 48 12 66 69 34 31 74 88 59 58 58 22 76 68 1 44 43 90 88 90 29 13 19 54 9 82 96 83 65 3 33 87 89 35 48 31 81 98 
26 82 82 82 55 19 81 88 72 17 24 80 44 23 69 74 78 71 18 73 18 84 10 70 47 76 23 47 88 47 74 75 6 87 23 15 98 78 61 14 8 86 26 12 13 71 90 35 31 78 67 1 20 44 9 14 76 93 6 69 37 41 87 50 73 89 24 29 3 30 23 67 74 45 32 17 82 4 37 16 56 66 63 94 66 81 75 70 22 85 76 49 70 5 10 29 98 56 56 93 
57 22 3 77 41 85 2 19 70 99 83 98 18 27 90 29 48 77 62 66 23 6 34 13 2 10 34 16 34 37 89 66 69 75 19 5 51 62 40 14 16 78 61 21 98 49 90 1 29 46 30 73 29 86 75 2 21 33 19 96 18 93 49 13 30 19 49 51 64 10 95 56 20 7 63 22 94 2 21 81 79 26 32 19 60 60 57 60 20 29 49 77 36 3 60 88 81 96 35 57 
78 73 80 1 15 55 40 54 96 76 70 34 67 41 77 82 46 83 44 73 31 62 30 3 93 63 72 94 84 99 83 1 29 11 54 98 31 61 48 90 69 44 10 10 99 77 57 11 55 8 87 78 44 6 72 22 52 71 60 79 41 28 76 14 50 27 23 15 95 49 79 98 67 96 99 8 35 2 17 14 43 22 37 11 13 42 47 22 44 72 7 96 9 51 56 12 60 43 7 68 
30 15 38 92 72 41 83 42 22 97 79 76 34 53 94 57 45 11 84 77 74 4 83 62 27 99 14 72 87 98 74 97 24 34 52 62 88 71 15 25 15 9 13 74 20 78 79 34 5 45 30 59 50 5 64 39 22 87 64 93 69 57 94 78 23 7 3 79 95 67 19 17 85 97 55 43 71 93 9 43 16 81 58 36 63 20 64 71 42 2 71 34 63 52 8 40 20 29 82 39 
52 53 3 88 37 52 82 77 60 3 6 88 84 37 14 11 81 52 62 98 40 8 22 68 62 28 77 2 64 1 25 44 77 80 78 5 44 81 64 58 24 86 22 41 88 38 6 55 25 47 84 66 33 84 41 5 28 87 72 64 38 58 88 3 7 60 14 42 89 24 87 67 58 41 63 31 97 69 7 45 7 30 99 89 97 8 37 5 99 53 28 98 51 79 95 42 9 63 76 67 
26 83 38 65 61 94 93 58 9 63 46 31 7 88 44 66 62 88 5 68 52 2 15 61 25 88 33 88 99 27 88 17 63 19 78 30 75 82 73 34 65 60 11 53 32 11 3 34 46 18 28 44 47 80 36 69 46 22 48 16 23 83 56 11 30 28 20 4 86 38 71 60 86 17 13 69 90 87 16 40 31 93 23 1 12 98 47 99 4 87 71 8 52 65 50 14 69 56 6 29 
32 20 91 44 59 67 69 11 21 96 49 12 91 86 56 51 93 17 64 36 4 72 98 73 49 35 39 72 8 90 14 46 10 26 5 6 38 29 45 66 26 91 17 44 58 4 58 55 70 59 55 20 52 53 47 57 42 81 24 91 32 42 29 44 65 34 54 41 35 59 45 10 87 19 99 78 21 19 64 76 83 64 41 36 76 61 79 89 52 20 83 71 14 50 7 19 17 64 56 68 
16 25 77 61 91 32 6 71 98 12 21 31 38 95 76 3 66 25 84 55 99 49 15 68 12 25 94 25 33 16 8 21 53 93 99 56 19 41 69 39 35 43 75 87 64 96 35 26 27 6 23 86 99 80 69 9 20 41 64 42 81 15 57 42 35 34 52 71 89 44 13 2 14 93 60 14 32 42 72 92 27 54 87 35 39 5 99 42 67 74 60 25 67 54 81 3 53 40 29 1 
31 6 79 92 54 57 1 16 6 83 20 97 72 37 94 37 32 11 70 69 48 37 81 72 77 85 54 60 62 67 1 87 36 29 23 47 20 60 12 72 26 87 49 33 52 76 4 41 89 32 34 46 15 98 87 36 96 58 1 38 88 35 99 20 39 89 98 87 79 22 3 84 35 71 4 95 18 16 84 44 29 74 15 91 59 2 56 40 88 94 56 28 85 88 54 36 8 56 77 81 
66 53 18 85 72 68 46 11 69 39 83 83 32 72 54 30 80 67 24 74 78 19 7 34 38 18 61 22 16 50 89 48 12 98 42 15 72 38 13 23 90 41 41 66 3 75 11 35 91 3 54 14 85 81 44 84 56 65 4 22 23 2 97 96 50 35 38 76 46 5 81 23 66 45 30 92 9 85 31 38 19 52 76 8 87 63 6 44 50 37 1 85 87 83 90 66 27 8 49 14 
53 89 68 83 73 19 10 64 96 53 95 47 85 5 25 56 27 62 23 92 34 88 41 35 49 27 60 38 39 92 84 31 96 80 47 22 43 61 5 95 26 83 45 13 17 70 78 10 17 21 43 99 53 14 4 74 77 2 53 99 71 16 8 19 39 61 13 52 16 23 40 96 58 59 86 25 54 7 76 86 17 79 60 8 82 65 16 91 20 32 48 17 19 21 85 40 99 52 86 92 
63 9 51 30 1 52 22 82 10 36 83 75 34 55 67 68 48 87 42 7 61 91 6 17 12 11 91 6 76 71 63 67 59 81 21 75 1 31 92 88 72 95 43 46 78 31 68 72 58 76 97 72 81 56 92 36 51 74 49 34 3 19 92 21 7 61 85 35 64 55 20 95 10 36 22 6 11 24 50 50 67 22 95 99 13 13 84 4 12 66 72 96 64 32 50 96 1 44 40 3 
36 54 34 10 10 82 38 90 9 75 47 25 32 90 16 6 43 3 66 37 69 99 82 39 3 80 13 44 98 62 69 99 76 73 30 68 21 59 35 25 78 74 89 59 61 93 61 74 46 99 83 88 72 94 54 33 43 91 34 54 28 18 48 12 59 15 85 79 32 41 99 45 7 63 8 12 9 68 90 94 25 53 94 25 10 30 29 46 77 26 66 17 11 80 46 9 52 48 68 10 
89 63 12 72 88 74 3 25 24 3 95 15 31 80 8 34 62 12 81 48 94 69 74 88 23 98 68 62 61 12 64 41 47 96 81 71 36 5 63 68 4 64 70 17 48 68 84 72 85 84 8 61 53 49 63 80 10 67 93 95 33 18 61 45 21 46 51 35 91 70 66 43 84 77 31 18 59 27 89 77 95 47 6 11 92 36 66 75 70 62 75 2 70 66 59 88 53 56 64 6 
37 36 65 88 88 72 18 85 78 70 75 87 64 80 22 48 9 9 43 73 71 12 29 21 17 95 66 97 10 21 47 64 17 97 64 32 8 87 11 64 50 6 82 75 16 18 76 32 78 39 91 52 12 40 29 4 92 40 88 10 98 11 74 42 7 75 92 24 1 10 47 32 61 38 49 92 71 41 6 84 18 46 30 38 87 35 33 36 68 40 29 11 50 47 36 48 26 89 69 84 
50 57 56 32 98 79 67 65 14 89 96 30 25 88 4 31 74 37 59 34 7 52 37 60 79 12 22 88 53 47 6 58 1 51 88 62 98 73 77 56 34 19 86 49 2 54 41 11 3 2 69 67 48 41 13 3 53 12 16 59 45 9 33 38 56 86 27 95 29 56 67 48 10 88 32 69 57 9 7 89 35 5 83 98 16 17 65 43 79 48 60 28 13 55 85 16 13 55 64 26 
17 33 30 39 72 16 38 90 36 60 10 18 54 65 35 38 11 20 44 60 30 99 6 80 74 72 25 85 46 92 50 48 86 6 66 35 75 44 97 97 31 32 8 78 12 79 99 8 16 87 16 8 79 46 35 86 76 35 78 42 22 21 6 63 70 61 14 26 13 3 39 94 81 78 59 25 47 15 88 60 19 24 81 34 47 8 31 67 17 58 70 71 58 56 70 45 35 70 41 79 
60 79 74 58 91 65 25 14 61 89 59 44 36 86 67 79 77 34 33 97 40 55 35 19 77 21 47 11 35 45 39 85 56 87 76 1 77 54 19 58 33 93 22 7 50 4 37 41 53 24 10 97 59 41 82 62 84 87 90 63 37 40 67 75 23 22 39 20 40 98 30 61 86 84 57 10 51 37 34 21 21 61 69 97 76 5 68 85 94 63 28 76 48 74 44 8 4 24 7 61 
15 15 95 55 2 88 9 45 69 13 76 9 34 42 28 89 88 57 68 56 2 65 80 4 19 98 23 54 62 19 33 56 32 12 21 84 2 91 77 40 25 97 65 53 30 95 28 76 21 80 83 92 80 70 27 9 66 12 30 59 14 76 40 5 34 65 82 34 14 4 58 59 20 43 45 23 91 63 96 92 47 70 45 59 80 94 97 46 63 95 37 98 41 58 25 91 39 95 98 23 
6 88 19 35 30 35 80 47 82 19 57 34 80 50 31 46 26 66 70 64 1 42 25 2 71 82 27 8 86 26 92 59 79 43 19 71 63 40 88 88 37 51 63 89 79 47 91 85 53 31 3 20 7 38 8 69 66 36 3 44 44 26 65 85 35 41 56 70 15 49 19 5 45 49 80 31 68 73 49 22 9 85 18 83 76 85 60 56 61 3 35 12 39 1 81 55 64 76 24 23 
69 84 16 93 55 52 75 77 4 33 22 52 89 50 62 48 5 90 19 61 53 7 29 50 54 15 43 37 38 93 26 10 54 87 55 18 60 4 24 77 34 16 39 66 62 59 22 29 49 33 7 71 10 3 43 65 77 95 92 46 95 5 35 14 24 86 58 30 35 61 70 24 17 13 88 86 71 90 47 73 12 7 93 4 69 38 89 62 87 26 9 95 23 73 43 17 48 52 95 1 
76 25 41 69 30 89 51 88 3 10 68 27 13 42 71 74 49 60 10 41 72 61 4 59 12 61 42 78 68 97 86 72 12 26 68 33 84 24 86 71 95 89 15 22 28 40 93 35 34 14 34 87 34 69 20 70 22 86 4 97 60 62 8 6 81 18 26 47 89 91 21 97 58 45 27 51 31 58 49 26 23 30 60 55 19 83 7 95 73 59 3 25 11 19 34 39 28 45 56 55 
89 83 73 7 6 88 56 31 54 33 56 53 17 81 56 11 28 1 91 48 74 57 49 7 92 21 66 33 72 60 33 71 52 50 90 70 26 62 32 79 37 72 2 51 79 57 94 35 2 95 59 87 1 67 95 64 26 53 52 22 79 37 32 19 15 4 89 16 36 38 29 75 98 29 8 60 12 64 34 36 33 37 68 69 73 38 22 28 96 62 58 81 15 5 91 2 94 62 87 62 
41 72 74 58 95 58 32 18 8 51 89 86 28 10 3 5 65 2 84 17 86 1 4 76 15 88 88 45 32 57 27 90 78 4 60 92 52 34 91 33 9 62 79 7 60 9 41 13 79 5 52 59 93 84 44 63 90 95 10 47 14 89 95 44 66 27 8 91 9 75 12 39 58 13 29 40 91 22 39 59 40 95 78 64 97 32 44 36 13 39 87 61 91 32 21 32 99 34 13 51 
97 83 64 7 19 34 94 42 16 55 11 60 31 29 73 36 93 77 32 87 25 60 27 68 32 77 86 72 13 68 26 34 53 10 52 25 30 18 61 55 9 49 37 77 41 98 53 78 71 1 71 89 31 27 44 75 41 90 11 44 13 42 2 42 44 72 36 52 23 10 20 99 28 23 52 46 24 19 17 94 67 45 90 85 3 86 36 98 62 67 7 53 70 51 45 8 38 40 82 58 
39 3 20 91 2 5 56 67 89 38 35 98 48 51 97 8 65 88 32 13 77 91 69 26 63 94 88 54 49 28 13 2 6 18 10 66 49 84 92 43 41 46 23 21 87 13 3 82 41 93 82 10 98 88 57 76 4 97 67 53 44 13 97 7 52 22 80 96 7 10 91 79 32 55 52 9 97 32 30 29 18 10 36 83 52 53 28 10 7 24 10 41 31 75 28 5 21 60 77 25 
88 89 45 49 78 61 5 71 15 78 38 8 9 75 41 58 92 62 38 94 30 27 78 68 10 33 40 7 44 19 25 12 77 4 62 65 75 80 11 22 34 18 51 18 73 63 92 60 43 40 73 37 15 48 53 10 91 62 23 19 99 36 98 80 92 99 21 87 52 57 59 8 84 92 9 88 23 64 92 51 29 8 58 94 88 36 80 94 15 37 61 3 48 75 29 48 54 93 38 35 
50 41 68 26 33 80 43 87 49 3 99 1 80 16 60 89 38 11 80 61 69 60 47 6 54 20 80 93 4 29 35 82 62 9 95 9 8 65 81 93 51 83 45 41 34 35 70 38 34 72 75 53 59 31 9 38 51 30 55 29 83 70 30 44 65 37 81 81 35 95 91 27 66 96 73 45 64 73 75 86 67 40 76 81 48 94 89 45 9 20 60 75 87 78 67 52 53 18 21 39 
20 27 85 1 53 94 43 94 35 56 86 20 54 37 12 82 67 76 82 4 92 30 24 21 13 63 26 81 75 58 42 51 90 12 90 7 34 34 55 41 46 48 79 59 28 91 76 82 48 17 19 43 37 91 45 91 91 93 57 87 70 19 24 10 96 75 73 46 59 84 2 4 9 84 67 98 62 25 92 65 97 70 65 50 60 98 35 12 57 4 18 28 61 92 92 84 8 84 2 86 
3 43 49 71 91 87 44 81 23 91 38 98 88 20 56 99 99 8 47 29 89 61 76 4 9 56 33 10 32 39 23 3 49 28 74 11 76 8 37 30 45 36 79 28 10 42 88 43 44 22 75 83 44 45 69 27 23 49 20 23 16 44 97 89 78 9 92 17 86 91 15 64 35 14 97 61 42 64 91 9 43 5 67 77 95 65 18 9 76 47 56 12 82 21 14 70 33 29 45 35 
63 52 46 90 55 90 47 41 85 71 9 22 99 8 52 95 42 65 97 79 61 58 67 40 5 55 87 94 23 76 82 15 67 91 80 22 92 24 12 88 52 47 5 40 4 87 93 53 4 21 12 56 14 77 93 28 93 37 77 98 6 32 1 53 16 44 5 23 89 10 30 96 92 16 20 10 95 99 19 51 68 50 74 63 84 11 34 35 15 72 46 13 37 79 62 90 27 29 36 15 
53 28 47 80 24 92 96 89 11 98 88 95 71 48 61 56 70 2 59 86 81 79 32 59 85 57 41 4 70 69 54 9 33 8 46 22 77 23 99 44 17 22 7 40 69 71 66 27 64 94 83 83 37 71 74 44 29 42 60 3 93 4 71 9 89 11 46 72 82 74 29 58 47 67 74 91 67 16 44 55 32 6 7 86 39 82 38 85 94 46 25 7 14 56 58 63 16 30 40 27 
34 39 7 4 65 54 28 12 74 17 60 46 37 31 73 79 67 89 73 73 17 72 11 78 77 50 68 34 80 82 74 70 95 18 91 5 31 92 23 43 36 34 13 82 96 58 42 8 39 69 30 93 29 61 38 3 70 16 64 86 6 6 46 87 19 91 61 37 31 24 25 52 2 40 93 43 31 70 59 7 57 30 56 30 58 26 56 88 51 54 71 47 91 97 51 59 74 30 85 69 
84 2 9 50 65 91 94 28 31 49 95 31 90 27 93 60 50 22 68 61 12 78 93 24 70 86 37 86 18 77 63 31 41 33 31 81 22 76 96 14 37 79 10 43 61 55 15 34 60 65 52 93 99 16 60 76 36 58 68 81 25 89 4 51 16 50 87 77 51 28 38 93 73 55 68 80 17 11 85 63 11 17 92 13 83 42 87 45 54 99 66 21 40 50 16 49 53 96 22 79 
3 36 21 18 52 13 10 84 76 50 71 47 16 1 8 95 85 42 98 46 76 79 97 43 58 43 38 55 74 92 27 77 47 11 49 35 74 9 66 74 32 25 16 74 69 24 14 34 15 94 49 85 73 54 91 81 26 48 83 7 29 46 47 67 17 45 77 1 1 68 51 66 66 65 17 54 79 14 3 79 79 16 12 82 82 2 23 31 82 28 94 21 49 77 59 72 30 58 27 33 
5 81 54 29 51 91 26 96 45 34 52 91 17 6 77 1 81 35 34 44 36 82 34 73 58 43 73 73 13 42 31 64 42 40 67 96 76 30 29 53 25 35 42 50 81 15 15 38 23 60 43 99 9 93 99 48 79 72 44 32 61 86 18 33 61 56 45 63 70 37 32 70 60 17 67 32 88 17 26 61 93 89 61 2 96 21 12 32 4 30 98 61 99 68 25 34 56 22 78 25 
56 52 56 62 63 31 93 28 49 14 29 61 56 67 87 82 41 21 8 80 75 65 43 3 43 60 59 65 44 25 38 45 90 46 74 85 10 73 77 92 43 18 71 36 46 59 91 51 87 39 90 36 50 61 33 54 33 96 98 31 46 79 81 59 16 6 88 91 81 39 41 47 96 5 75 11 28 92 41 27 59 56 3 9 85 15 36 31 16 50 35 31 75 9 6 15 2 99 66 48 
