100 40
71 7 72 73 74 72 94 31 96 23 85 57 98 74 4 41 88 40 55 66 17 24 87 14 81 32 97 58 25 59 25 70 35 99 55 15 46 42 20 54 36 69 93 43 28 61 1 34 92 91 5 74 44 30 21 6 41 42 5 66 90 86 59 87 41 21 34 99 90 94 21 25 78 54 59 82 91 42 33 87 61 93 71 47 66 41 50 68 27 13 88 49 12 31 51 87 34 14 50 71 
86 35 90 29 20 70 23 14 80 33 75 87 60 91 30 83 82 93 96 13 93 62 11 61 68 95 36 90 7 72 61 42 38 43 2 31 14 39 99 49 16 64 23 67 51 2 69 31 53 11 58 61 82 28 40 57 26 63 88 95 95 7 6 27 32 24 19 80 3 56 84 61 99 22 83 51 42 16 22 8 77 10 37 66 76 52 86 39 40 66 61 12 93 55 72 51 89 95 62 96 
15 69 40 6 25 48 15 31 23 77 66 41 19 46 46 39 55 24 38 12 10 62 59 28 89 98 61 41 38 50 27 85 27 20 71 79 66 90 43 22 94 30 24 98 84 87 28 73 43 95 3 96 7 69 27 99 48 9 15 97 71 92 11 87 13 86 92 50 42 36 73 48 63 71 95 27 9 5 36 16 50 31 5 26 85 27 44 52 50 55 29 71 10 59 67 44 65 63 99 12 
94 28 92 97 85 92 31 66 8 4 38 42 3 85 61 31 71 76 9 52 82 29 56 41 66 8 41 46 20 94 67 29 1 82 1 65 34 80 71 46 7 11 74 75 70 11 68 72 41 29 76 69 98 32 85 14 87 96 46 64 15 17 73 96 52 99 46 99 36 65 8 77 67 48 65 44 10 98 89 34 91 78 17 89 5 65 46 70 6 50 40 51 15 38 27 17 18 49 97 71 
93 77 36 21 81 12 30 84 96 33 4 5 74 96 27 48 67 33 86 53 50 37 93 28 17 79 77 50 82 97 86 69 81 1 92 4 70 67 85 44 24 48 76 48 38 61 96 47 30 98 96 41 35 20 49 99 11 55 46 65 35 7 99 49 4 46 42 31 36 13 27 64 70 21 28 71 64 52 38 43 97 59 71 44 67 64 62 6 95 62 65 33 21 15 55 97 3 57 28 46 
6 55 6 79 68 71 82 36 8 77 40 75 80 47 7 22 41 7 18 53 50 32 5 96 65 53 4 31 48 49 51 87 61 53 87 50 70 48 50 52 39 69 83 79 37 3 28 68 31 85 30 10 93 10 36 42 95 16 93 59 11 95 51 4 15 93 61 71 84 7 76 8 97 82 49 12 35 19 37 34 77 67 95 74 9 29 85 87 13 59 65 76 75 62 98 98 84 95 47 60 
4 68 11 56 96 56 39 61 60 83 68 90 5 58 88 6 53 46 98 26 31 70 6 29 74 13 24 49 27 13 76 79 39 66 91 72 70 28 9 34 87 11 73 33 65 84 39 92 86 77 65 94 40 76 24 79 25 24 90 43 47 23 49 43 20 31 93 92 64 66 24 61 10 4 48 78 94 75 82 32 62 73 50 64 66 46 83 80 67 97 22 38 33 94 12 56 39 56 10 11 
86 46 4 82 70 44 22 1 16 99 47 89 71 37 21 45 24 73 25 53 1 13 80 88 65 49 47 13 24 65 23 79 18 33 46 29 31 13 94 92 83 55 82 89 36 99 66 28 89 72 39 6 80 92 34 10 88 65 24 15 29 85 20 87 59 38 72 79 72 96 71 35 4 23 43 86 25 69 57 53 49 75 20 47 27 71 76 65 48 75 11 98 43 96 48 22 79 31 51 3 
85 82 91 24 44 47 61 87 66 81 84 63 31 56 12 69 11 86 89 68 74 34 56 68 83 4 50 23 97 47 2 32 70 60 37 38 52 86 78 33 86 11 44 49 14 67 45 68 69 34 90 16 82 33 82 62 81 33 21 23 85 48 98 60 12 37 5 80 72 5 24 36 74 1 36 24 19 20 17 86 6 2 36 13 26 33 58 35 69 44 46 32 20 12 56 29 54 57 38 92 
44 88 32 48 60 19 29 35 67 40 5 64 38 88 99 14 25 29 26 84 55 52 76 5 34 75 19 32 40 43 95 47 33 24 29 59 46 16 15 3 90 42 29 40 52 53 20 59 95 25 17 75 61 61 21 30 65 91 14 90 2 71 51 52 40 85 67 35 27 41 71 88 85 75 50 85 15 51 66 27 92 57 58 41 70 8 44 81 77 47 16 28 21 44 41 87 81 91 67 95 
54 31 26 92 47 33 76 17 20 77 77 65 83 88 55 56 31 25 20 39 39 77 63 94 66 68 63 39 55 56 76 21 31 29 44 19 1 9 90 47 54 51 23 53 65 43 30 15 90 6 85 44 68 91 44 85 20 86 43 18 50 11 5 50 46 16 32 27 78 85 11 22 1 37 12 46 46 22 85 40 36 22 68 78 69 53 78 67 32 64 14 49 90 37 60 94 94 85 83 11 
77 48 97 25 58 9 21 43 91 28 40 32 18 20 77 62 91 61 71 67 83 94 72 46 76 26 46 62 66 24 72 41 67 22 44 74 3 19 69 16 13 76 68 85 52 20 78 66 86 39 49 4 99 89 44 11 85 87 40 61 56 17 31 95 34 22 21 16 57 14 31 89 78 68 95 48 63 22 62 88 92 77 92 67 59 3 64 11 73 26 67 5 56 44 6 3 45 16 97 19 
69 26 3 23 12 51 69 49 76 23 47 44 9 42 89 98 20 37 20 22 95 50 33 45 89 48 91 18 26 18 32 13 99 63 59 20 76 13 47 50 90 12 42 38 49 28 60 33 27 48 88 9 71 81 81 59 97 54 67 95 94 16 42 52 19 35 75 83 97 99 3 63 29 21 33 84 81 26 46 64 93 66 88 36 74 11 79 55 3 52 10 98 28 99 38 61 70 84 94 59 
6 22 5 76 70 85 17 24 71 16 48 5 14 22 55 54 52 16 42 12 93 12 68 16 95 25 41 8 70 71 22 29 77 69 24 25 30 39 10 39 94 2 96 21 84 79 49 18 70 98 88 79 70 82 82 59 55 61 54 9 48 62 77 84 23 17 75 42 5 57 26 40 70 18 55 37 50 33 45 95 23 40 25 76 22 77 78 46 29 86 39 69 79 7 92 14 61 82 77 48 
92 29 17 78 74 24 10 66 45 61 26 54 61 31 73 59 37 31 23 9 44 66 98 36 13 49 84 82 29 1 21 98 39 48 9 41 46 30 4 75 12 88 22 75 53 77 35 20 48 54 73 99 31 88 26 10 92 54 38 56 84 36 14 49 14 24 16 9 46 16 62 64 5 21 32 49 70 51 58 9 83 30 35 92 41 87 14 61 95 61 2 79 62 96 66 24 9 48 31 75 
37 66 19 12 77 77 28 26 83 71 64 97 25 81 65 7 58 83 58 70 31 89 60 47 78 51 76 32 26 59 99 61 87 44 16 10 66 75 96 91 55 60 4 57 33 46 86 1 72 20 87 51 32 7 33 79 59 69 42 94 92 14 22 44 58 81 68 16 72 53 65 34 38 51 89 66 50 33 2 15 91 99 55 24 33 87 90 75 36 74 40 91 51 75 21 32 17 46 44 96 
50 13 97 10 81 52 81 91 42 39 67 64 14 84 84 61 23 94 7 13 41 71 52 42 84 12 86 69 15 8 20 9 41 46 6 71 16 12 46 62 36 81 86 82 47 29 17 28 36 24 75 90 37 29 42 57 30 5 46 9 40 6 57 24 36 81 95 75 34 78 22 31 94 36 46 53 24 91 22 3 72 75 46 32 38 15 65 89 61 32 68 22 30 43 89 68 77 61 9 64 
43 69 64 31 83 56 59 5 74 52 10 50 8 2 46 23 3 22 25 56 3 9 31 57 82 36 73 13 38 52 89 85 95 81 42 13 7 26 22 11 49 66 45 71 29 55 54 62 75 25 19 29 47 84 35 93 30 19 26 53 33 87 41 82 93 31 55 33 77 61 72 32 74 71 19 84 3 28 53 72 4 75 55 50 50 34 35 55 37 2 27 95 89 52 93 59 57 36 22 10 
52 98 23 3 81 5 20 70 63 22 15 76 96 98 97 37 13 71 91 53 76 53 52 6 84 45 67 60 65 29 58 66 83 68 80 53 34 11 20 37 45 86 95 13 77 10 61 60 26 75 2 41 17 62 35 3 9 32 13 70 95 29 18 56 2 80 67 53 84 95 11 38 37 68 30 70 80 73 40 90 72 69 89 26 2 97 57 81 90 81 59 49 93 29 40 2 99 29 78 95 
7 82 68 68 73 97 7 72 18 72 41 69 18 48 10 29 20 80 13 40 32 36 18 2 27 98 53 29 42 63 14 51 77 43 56 10 99 60 5 62 36 56 43 78 79 81 23 45 89 4 57 60 84 5 26 36 52 78 70 1 40 35 96 95 63 96 75 74 97 2 41 8 84 1 92 79 32 58 92 84 7 55 67 37 45 85 8 61 43 54 69 97 62 85 70 97 30 14 92 32 
78 24 58 61 5 13 53 56 72 50 57 24 23 75 97 63 17 99 19 44 35 1 88 7 80 30 91 61 72 8 37 88 55 26 51 40 90 44 80 37 60 94 94 70 68 80 80 3 38 71 47 66 13 12 24 64 56 13 58 69 52 59 22 24 7 4 2 42 44 70 11 8 10 52 77 75 68 15 52 69 6 91 8 83 29 88 34 84 64 80 42 8 58 13 66 57 77 3 56 11 
20 80 8 73 94 33 44 86 85 56 78 31 82 34 27 92 77 4 7 8 63 52 37 64 34 19 39 3 87 92 35 14 22 16 47 39 34 83 2 75 28 39 25 66 4 81 46 11 67 56 93 57 24 65 1 7 80 59 99 12 46 41 25 74 30 64 13 52 46 37 1 50 7 17 28 28 27 11 36 94 25 81 67 13 16 40 65 94 22 52 75 6 64 32 45 61 65 46 24 30 
64 30 54 78 83 69 12 11 10 99 7 57 30 80 54 79 40 28 80 98 43 16 17 91 51 76 4 95 82 98 89 3 64 32 30 66 32 81 88 94 28 9 37 55 2 36 54 72 12 43 27 31 25 65 51 68 14 97 29 86 61 92 71 39 56 59 95 41 95 67 29 64 84 41 6 38 36 65 66 50 71 80 61 46 18 86 47 29 13 39 89 59 1 55 62 56 32 6 46 96 
69 97 22 60 56 77 15 96 4 90 14 71 38 18 91 84 26 28 57 23 72 80 60 67 21 24 89 83 54 92 73 27 96 14 78 44 7 2 11 69 86 60 14 26 74 82 72 25 49 50 9 70 29 35 86 50 70 95 6 45 68 83 7 25 58 34 68 45 13 77 10 54 45 28 87 88 8 90 98 71 91 62 78 17 27 25 1 29 81 51 80 1 64 2 69 11 23 30 60 31 
7 71 12 72 72 3 39 90 87 84 13 49 23 56 30 82 46 2 78 75 20 52 45 55 3 82 10 94 46 13 48 12 1 11 32 70 9 86 27 81 10 97 95 96 38 46 95 17 25 78 77 87 93 87 90 98 65 13 77 85 55 35 76 30 74 85 22 57 30 36 41 39 23 7 60 92 51 61 97 80 6 12 69 9 74 11 84 32 40 60 49 47 81 6 64 98 72 38 26 74 
48 8 62 51 96 35 19 56 23 20 92 7 74 45 45 76 76 25 12 65 28 95 8 99 7 23 23 34 65 98 24 46 35 40 54 44 22 92 34 59 10 26 60 51 57 39 5 8 3 56 18 39 56 28 26 85 10 32 32 13 28 70 15 13 54 76 30 4 8 6 11 32 83 42 65 69 54 94 79 14 69 2 17 90 53 27 14 51 9 58 87 73 14 14 29 63 24 36 7 50 
80 20 26 44 33 48 3 20 52 91 60 77 12 16 38 20 67 15 60 86 60 19 33 47 12 90 43 5 28 22 65 95 96 43 51 90 88 14 40 88 57 27 51 25 39 8 87 68 54 16 35 18 4 43 61 7 74 14 20 1 32 84 42 98 27 45 47 32 94 19 35 64 50 62 85 92 92 62 67 48 3 42 27 92 47 53 95 22 71 84 86 63 8 55 98 79 67 18 9 62 
3 98 49 13 50 36 79 47 98 22 76 50 8 60 31 32 48 21 45 70 6 36 36 3 80 3 38 35 85 82 94 35 49 1 66 34 13 46 27 29 34 72 65 80 81 95 83 13 39 98 96 13 6 26 36 35 93 87 45 95 29 57 82 74 52 71 20 16 18 34 45 30 93 9 58 88 62 26 73 29 22 79 20 51 81 28 40 22 66 92 90 68 16 60 42 84 81 80 79 28 
46 12 10 25 98 7 45 63 22 85 40 50 39 9 81 83 47 59 26 79 11 38 96 75 67 68 92 29 23 93 80 19 54 76 94 43 8 99 45 20 3 68 9 88 25 5 33 9 34 56 37 59 57 84 9 41 94 76 7 72 14 37 60 95 55 91 69 71 28 85 4 79 12 86 3 23 57 80 78 23 85 75 10 21 86 96 49 80 22 92 17 83 24 31 6 33 92 1 76 52 
82 46 86 50 74 19 45 58 4 19 39 65 83 43 86 45 79 86 51 68 9 48 51 10 39 30 57 46 90 32 89 55 37 57 20 16 98 13 73 8 53 4 25 15 25 38 2 20 92 25 83 8 85 77 99 67 85 6 32 84 25 26 14 52 86 53 31 59 9 6 20 2 76 2 68 72 31 61 16 67 60 8 53 85 8 63 25 27 66 55 24 90 82 9 96 81 52 52 40 2 
73 53 14 43 3 61 13 73 62 63 63 78 60 74 76 55 60 19 22 3 85 26 26 32 17 35 72 61 91 93 3 15 7 53 19 26 16 79 76 36 30 39 93 93 20 12 41 56 12 82 52 86 91 45 15 58 2 99 75 51 43 55 40 53 75 30 71 59 13 47 87 73 31 39 69 8 62 47 50 79 95 19 26 18 78 10 46 55 18 83 22 37 74 13 20 11 72 74 64 36 
66 11 79 34 24 71 56 99 72 89 24 25 36 27 27 67 27 88 96 24 45 15 51 30 79 85 2 62 11 23 45 34 6 84 70 1 21 68 53 52 3 12 59 22 87 90 43 79 97 20 49 35 47 54 9 37 38 87 45 74 62 51 68 72 1 17 78 98 21 94 64 57 82 35 4 91 33 26 65 86 9 94 4 62 37 9 64 81 30 74 82 45 93 35 80 90 21 76 71 97 
90 17 64 10 46 71 21 16 57 39 2 12 73 74 56 27 92 28 77 84 54 47 4 3 45 72 20 96 96 40 55 75 86 83 83 44 36 30 25 3 14 2 46 45 33 18 56 64 52 89 12 45 73 27 14 69 46 35 10 13 65 11 90 48 70 50 93 43 45 44 2 59 21 75 42 54 73 26 88 82 22 72 59 92 33 84 18 27 19 30 73 26 36 69 80 24 86 60 39 49 
67 36 8 52 94 82 13 11 67 31 55 8 28 47 64 70 40 73 94 5 98 28 27 92 23 5 69 92 58 76 57 39 78 91 50 43 82 72 37 92 95 23 30 53 70 19 71 64 85 16 28 45 47 44 93 88 87 11 88 65 64 1 59 24 63 74 80 87 96 68 50 56 2 96 96 8 43 50 73 94 14 94 58 48 31 73 59 74 40 8 9 56 10 93 65 54 41 4 16 4 
43 39 64 89 72 98 1 57 80 77 92 40 5 38 20 18 15 27 91 53 14 73 53 93 36 91 81 65 50 74 84 82 56 2 7 37 90 32 22 8 17 11 37 54 36 63 95 19 79 99 69 27 13 11 65 87 34 71 23 92 73 41 14 14 95 57 43 10 94 46 47 20 1 12 98 66 76 43 1 54 16 13 87 72 46 74 30 90 28 66 28 63 55 8 18 27 52 2 66 1 
87 67 97 72 57 82 46 18 54 17 99 58 50 76 37 82 80 82 2 93 46 69 1 9 11 85 5 59 4 95 49 89 16 76 34 58 5 18 23 39 90 26 42 20 57 20 84 1 54 33 4 97 93 12 22 41 51 20 21 72 69 31 50 51 52 35 20 48 68 36 7 48 52 51 51 52 98 14 56 73 69 67 89 41 90 73 85 94 50 5 39 91 3 51 10 3 64 13 23 11 
51 3 92 10 53 9 49 67 45 48 53 8 23 89 38 15 6 77 56 39 31 22 81 3 58 6 8 97 65 81 49 88 52 72 39 7 38 72 33 56 61 44 5 11 83 21 50 15 84 8 85 81 65 78 45 96 46 79 85 15 68 24 83 61 94 98 37 31 7 59 60 90 6 31 93 77 15 11 92 95 77 65 37 23 55 32 24 8 33 17 71 66 15 98 20 86 24 25 29 27 
99 94 23 9 26 47 69 77 72 57 75 5 15 67 89 87 29 74 65 71 94 26 56 55 91 20 19 88 1 8 11 72 5 92 89 61 88 26 16 57 39 15 52 19 43 16 61 52 89 38 10 17 71 39 62 25 78 33 88 36 7 81 58 66 50 1 41 80 8 55 12 95 76 63 44 80 56 94 15 54 51 70 99 89 62 62 79 11 95 95 34 90 57 45 45 56 56 38 98 86 
38 7 56 55 13 61 41 45 58 77 5 30 90 14 39 24 30 86 44 98 6 72 28 81 55 3 7 60 23 69 6 79 62 19 54 41 34 60 92 5 5 55 68 89 52 27 37 70 60 54 60 81 20 74 10 14 32 83 63 17 3 35 8 97 47 39 37 20 89 64 53 8 60 38 66 41 97 44 92 59 48 25 59 56 66 80 97 86 14 67 50 63 62 4 65 54 86 60 99 87 
53 37 48 57 51 90 78 31 57 42 40 72 28 77 84 35 58 68 1 61 82 78 16 83 72 59 99 23 41 50 56 89 39 82 33 82 56 74 15 90 23 32 24 89 7 54 25 46 15 27 18 18 94 23 45 46 31 9 86 66 47 35 61 2 9 46 26 61 18 71 79 48 16 33 57 51 83 38 36 50 41 86 28 12 47 66 87 92 99 52 8 40 36 10 20 88 32 95 94 62 
