100 40
68 75 79 66 9 70 84 20 27 62 98 9 44 75 35 26 15 17 41 41 29 74 95 14 5 23 10 80 96 17 28 63 89 93 30 67 5 74 24 78 91 63 53 69 36 46 94 90 54 92 56 78 97 55 80 52 49 68 41 13 24 50 45 44 70 2 33 14 71 5 77 71 39 27 83 49 22 17 91 62 99 7 70 9 84 10 26 71 23 25 94 13 92 32 45 79 4 93 81 1 
70 6 12 24 45 55 23 28 80 60 49 77 75 30 44 13 91 84 28 87 55 61 84 69 56 10 58 40 47 92 62 94 48 88 71 45 41 88 25 14 71 1 25 38 49 42 40 72 49 49 2 80 11 70 4 44 35 65 7 56 88 13 35 27 4 3 75 77 72 39 79 44 56 40 63 78 75 38 6 44 19 81 52 20 36 29 10 98 43 56 51 86 18 51 12 6 4 19 91 90 
1 84 29 37 14 1 44 89 8 58 77 98 10 32 38 1 66 67 60 2 45 80 95 76 33 57 16 72 38 54 15 7 87 98 6 64 30 88 21 5 35 89 16 54 90 40 62 11 6 48 57 43 11 92 14 90 56 22 67 60 11 55 73 32 65 82 8 56 31 61 66 52 39 24 65 10 41 69 41 88 9 69 51 21 33 63 72 8 28 62 2 20 26 50 58 98 78 76 79 56 
25 70 58 49 3 44 96 61 55 13 34 92 3 39 13 8 66 38 82 23 68 78 90 8 35 76 86 79 91 5 25 10 64 83 56 21 83 86 37 87 80 39 23 35 85 16 72 40 35 47 45 32 62 11 2 90 5 38 6 48 2 13 21 88 92 68 13 46 19 89 50 7 24 16 1 11 53 34 35 45 51 86 26 53 68 63 46 26 52 10 72 10 54 20 79 99 28 41 48 43 
52 72 17 47 20 36 82 43 2 19 92 4 34 75 12 88 61 22 13 18 35 31 77 67 15 32 92 71 68 15 56 22 71 25 72 70 7 65 53 22 66 98 18 45 47 45 95 61 57 80 20 52 11 40 36 57 29 18 93 73 44 64 52 55 92 87 79 15 20 54 49 23 79 87 43 7 34 71 52 53 51 45 74 6 8 6 16 66 90 9 90 93 89 67 19 5 8 53 30 75 
68 23 12 30 72 95 5 33 39 95 3 89 37 96 19 90 75 59 7 19 1 35 57 43 99 63 1 23 97 73 9 8 58 82 88 34 85 97 89 28 22 16 97 6 48 21 39 72 86 87 79 22 95 79 23 35 75 48 13 85 61 36 31 33 33 72 99 29 5 77 79 11 32 59 68 7 9 15 7 35 67 32 70 1 82 86 78 99 62 42 84 17 59 53 85 24 62 63 13 84 
15 55 15 1 51 92 34 95 60 62 7 19 26 66 37 68 25 49 27 86 31 3 71 62 15 63 62 31 38 13 86 71 62 77 27 8 41 31 59 10 25 90 58 94 58 18 90 21 83 23 20 95 35 58 6 69 46 23 1 39 41 61 55 47 43 63 13 80 70 64 15 71 34 42 94 96 42 25 84 81 97 81 10 92 1 29 91 45 43 29 46 96 16 87 85 53 3 56 17 63 
40 80 80 86 69 29 65 1 61 14 55 67 18 23 63 64 17 73 82 95 14 9 81 92 40 97 4 14 5 37 71 43 91 50 83 91 63 85 14 97 56 18 14 24 85 51 11 62 42 15 10 29 94 62 91 69 85 76 14 51 37 67 10 74 45 68 89 60 85 42 42 59 7 76 30 48 37 86 93 30 78 14 50 36 13 27 91 20 96 19 90 66 61 12 90 83 19 54 17 9 
90 21 4 8 7 38 40 73 22 77 98 62 82 27 96 4 19 5 28 59 44 64 74 23 54 91 96 21 28 4 40 13 27 51 33 91 94 20 85 81 59 24 92 41 30 15 29 61 1 73 55 65 45 15 12 10 24 87 24 84 75 72 1 10 27 81 31 43 82 63 87 70 33 94 28 12 51 88 90 22 91 89 96 86 92 74 51 24 75 55 41 86 43 73 37 58 82 7 90 57 
58 12 91 51 5 12 74 32 75 55 5 59 95 65 40 62 4 26 50 34 53 88 21 33 12 68 52 77 58 41 54 55 89 52 57 16 14 5 99 70 55 71 39 97 49 86 42 40 49 48 94 3 19 19 92 54 39 25 48 29 2 58 86 25 16 73 47 4 3 88 84 91 97 87 65 78 50 16 71 18 24 86 98 28 97 73 57 91 63 16 71 55 26 18 79 28 7 46 32 84 
14 35 83 95 57 40 78 65 94 19 51 92 87 18 25 59 67 6 90 68 36 71 9 44 66 22 14 30 99 85 7 88 49 14 62 6 98 74 22 85 99 57 99 52 78 72 79 51 27 50 17 49 11 42 34 31 64 18 27 3 91 70 61 90 69 9 71 42 42 67 64 24 26 97 14 24 8 72 69 48 43 83 45 27 59 44 29 8 54 89 79 58 93 71 22 68 17 65 55 48 
42 88 74 91 54 97 35 74 89 46 83 60 42 60 17 50 56 66 78 46 30 93 66 53 11 72 30 76 98 33 70 23 45 9 38 2 52 34 39 24 75 45 27 99 21 80 10 44 46 79 45 72 59 81 43 1 23 30 66 46 49 68 26 30 99 43 88 73 92 2 69 98 93 90 36 30 22 62 9 94 47 66 57 19 91 58 6 32 28 92 27 66 80 25 46 52 27 14 42 24 
23 22 60 49 99 34 80 42 53 19 23 37 90 38 98 77 73 64 72 13 24 77 71 3 20 63 77 12 98 18 31 15 55 42 31 92 41 49 34 35 67 55 52 39 1 87 60 11 67 79 85 62 51 72 16 14 93 18 97 94 93 71 34 40 8 98 84 95 52 73 68 13 98 75 62 50 77 94 2 77 77 26 77 68 44 74 39 6 82 53 96 82 52 80 13 95 74 84 14 53 
2 27 59 42 51 57 77 47 89 94 5 8 30 44 76 24 77 51 14 34 25 99 32 18 54 13 30 91 35 52 99 13 29 20 21 76 84 54 61 17 41 36 79 10 24 83 23 66 50 53 26 39 27 41 14 18 46 84 1 34 92 57 90 56 39 71 74 92 46 82 34 90 66 79 39 36 38 94 50 54 89 97 14 10 41 97 69 7 96 42 41 86 55 18 47 31 99 52 89 61 
91 30 28 48 90 63 78 85 36 70 50 8 39 20 52 52 57 71 40 54 92 84 12 43 91 9 14 45 47 94 36 78 97 83 14 60 26 15 28 2 61 21 6 9 76 32 18 82 92 71 80 21 71 59 57 16 26 11 55 54 9 36 27 21 21 40 70 91 10 25 29 41 64 85 92 38 23 14 93 47 66 95 13 28 21 16 74 33 59 49 49 16 1 69 50 19 6 44 40 84 
71 5 59 9 99 89 48 12 92 52 22 79 94 13 11 96 76 68 75 23 37 90 3 94 98 29 4 24 14 12 18 1 59 40 11 91 39 93 75 38 83 29 30 60 50 77 20 53 22 49 17 89 9 29 19 19 49 79 52 65 5 39 68 32 66 23 45 96 49 23 86 15 97 7 25 18 80 22 17 15 94 86 48 89 61 2 30 4 31 40 97 94 79 54 18 78 10 70 79 44 
38 50 17 20 97 53 56 16 37 63 90 77 19 17 22 58 36 36 83 93 13 23 43 5 9 62 2 93 16 24 91 44 58 58 79 24 93 99 62 84 11 65 73 59 34 56 75 63 18 52 66 97 52 21 76 41 56 11 67 61 85 51 35 4 27 56 7 99 98 24 46 62 56 33 45 86 81 46 31 52 95 7 63 20 47 45 34 34 22 70 68 22 35 77 26 93 36 41 95 42 
69 52 30 33 96 28 82 46 23 30 95 70 38 32 65 62 93 22 52 91 9 2 80 43 63 88 39 14 4 12 79 17 39 17 20 77 43 60 38 37 54 16 81 50 72 69 57 85 65 21 39 24 61 86 63 63 54 93 31 15 3 85 8 2 29 19 21 64 19 64 65 55 22 7 96 40 53 45 37 1 90 92 72 33 76 76 51 45 17 38 86 59 82 32 57 15 9 28 3 62 
36 68 70 94 60 12 87 34 47 38 42 52 78 54 55 64 60 38 64 60 16 38 30 96 88 71 30 3 44 28 66 76 68 65 57 87 65 13 44 75 61 70 88 49 2 9 70 88 53 66 91 45 3 54 74 38 57 53 60 59 43 15 12 69 9 59 11 99 22 79 62 53 69 37 87 1 62 63 32 85 27 62 58 20 14 7 51 87 91 40 15 42 51 74 74 6 1 94 76 74 
40 31 82 4 50 58 36 6 8 58 65 98 18 53 49 56 86 21 71 6 23 86 15 24 36 31 65 41 36 82 10 39 37 24 36 49 53 89 36 56 99 62 99 95 94 80 21 55 56 32 93 73 6 56 15 41 64 44 83 1 57 39 96 45 8 34 57 19 44 77 67 21 94 64 31 96 88 45 54 48 58 21 43 26 35 42 8 33 55 14 58 24 54 90 7 5 70 80 65 33 
42 39 79 32 3 9 20 94 84 31 36 18 47 62 67 15 62 19 63 53 7 74 81 61 67 60 84 25 36 64 46 85 14 35 46 45 11 76 72 61 43 50 21 51 35 77 93 89 20 37 4 7 38 63 69 93 36 51 17 97 71 51 82 25 7 73 9 37 13 84 44 57 71 11 49 62 67 34 88 90 95 93 36 36 60 90 73 51 71 79 90 46 47 74 84 87 14 48 59 3 
4 23 46 7 70 74 66 51 47 42 64 52 32 4 36 56 62 25 10 98 14 59 58 3 2 51 91 81 81 34 56 38 45 29 42 63 25 46 75 39 93 86 22 32 60 38 86 4 74 80 14 98 26 79 86 56 41 92 27 1 87 63 96 48 71 27 95 1 37 8 63 51 67 16 78 83 86 55 58 67 56 15 59 63 78 74 77 20 92 4 47 76 77 59 43 59 51 88 76 84 
85 68 73 46 62 1 50 47 43 6 46 89 57 4 62 38 27 60 92 9 69 86 28 57 97 37 56 88 22 15 56 52 46 65 6 41 67 80 76 94 82 97 37 98 81 99 48 83 48 14 68 24 63 14 51 40 4 17 44 99 40 88 92 14 38 36 35 38 61 15 6 74 65 25 35 72 4 11 47 22 23 63 62 63 67 17 97 77 73 53 63 95 77 98 65 89 7 25 6 79 
88 8 47 57 14 92 96 49 31 81 52 23 63 61 3 5 13 48 11 46 57 80 20 27 50 27 45 53 23 80 82 55 82 61 3 92 14 18 51 51 77 22 54 41 10 73 11 3 26 1 97 98 14 55 69 23 42 18 56 91 54 94 63 49 68 18 75 68 83 47 51 45 70 68 28 5 80 94 19 97 39 64 12 2 49 44 74 20 90 25 48 83 18 26 53 50 64 93 84 2 
91 43 2 99 8 96 96 28 9 60 73 73 57 9 7 6 94 51 59 22 49 28 71 55 29 12 69 70 26 11 62 65 16 63 41 71 54 41 78 50 84 49 34 1 27 26 44 49 89 41 34 59 60 97 7 26 11 33 52 75 96 16 40 68 53 46 25 98 3 60 42 92 47 26 12 8 71 42 36 35 45 41 1 2 19 90 71 62 28 88 99 8 87 66 20 61 99 87 47 78 
3 84 62 31 89 89 99 60 57 96 86 26 96 67 96 49 15 30 17 15 29 76 49 71 73 62 8 31 94 6 24 71 55 92 39 32 31 69 12 19 10 48 15 99 96 5 31 8 10 79 62 41 79 76 23 59 52 63 39 88 87 73 53 18 60 1 22 99 57 8 14 52 81 18 15 57 49 19 23 59 90 64 49 68 49 70 20 57 83 18 76 64 66 51 73 91 84 78 78 4 
75 61 34 88 97 67 23 18 88 28 93 51 43 96 50 27 24 48 67 6 65 77 87 68 71 2 26 15 17 55 66 67 46 93 65 65 73 95 47 72 86 56 8 69 39 92 13 58 58 42 97 61 40 63 70 23 51 34 8 5 28 52 55 91 79 36 32 85 81 25 25 13 83 78 92 16 3 76 63 60 28 18 36 32 18 23 79 35 2 33 32 95 79 8 5 59 20 30 77 92 
8 49 62 35 36 80 49 66 35 23 13 1 56 36 58 25 6 83 42 26 41 27 72 93 70 32 7 19 53 66 56 93 2 96 84 13 78 93 5 71 98 28 81 66 28 73 34 95 84 4 28 61 38 94 86 63 9 25 78 7 70 72 30 94 45 19 14 35 10 46 57 36 91 38 37 6 69 79 84 56 72 58 80 1 83 62 56 52 36 81 96 28 15 9 39 45 57 35 68 22 
26 82 95 3 57 44 88 39 40 73 90 25 81 10 63 28 43 1 24 24 49 2 47 97 77 74 68 40 66 90 77 52 12 28 25 40 66 73 17 20 40 21 19 14 3 72 53 53 81 38 99 76 59 34 96 31 78 87 41 69 40 30 86 55 1 5 45 57 76 58 85 54 41 48 35 32 25 38 79 81 19 2 61 7 67 19 82 16 77 76 99 24 10 70 30 58 85 5 48 49 
99 5 29 75 31 91 78 71 39 84 90 72 42 67 52 9 48 65 42 48 53 39 26 98 45 92 59 6 96 65 85 55 73 38 41 71 27 29 45 18 1 97 12 98 26 41 41 53 22 93 22 64 98 33 34 51 54 72 45 72 75 65 13 26 40 5 81 49 14 22 87 19 50 87 55 48 92 11 97 93 74 42 16 47 19 66 3 41 34 14 38 48 22 48 91 77 71 75 22 78 
29 27 14 5 17 51 99 97 87 37 66 21 72 48 91 60 47 38 98 92 33 60 58 94 97 61 83 33 52 82 35 75 54 63 18 80 8 35 82 4 60 26 24 96 6 60 84 6 81 57 50 71 72 30 53 31 9 87 69 17 64 37 21 56 58 75 77 72 57 1 50 82 72 2 98 99 58 66 25 34 16 74 79 88 92 3 55 62 81 24 92 50 17 5 76 43 84 8 37 25 
22 42 39 67 65 67 62 11 21 77 29 27 34 67 20 22 70 4 42 78 28 34 30 54 27 80 43 85 17 41 69 84 72 91 20 41 94 84 36 18 12 47 84 59 79 86 57 81 78 82 75 81 17 94 83 29 29 56 54 73 74 80 87 40 43 53 10 28 47 41 72 16 29 84 55 58 54 99 62 86 17 82 27 7 39 3 8 5 65 9 88 39 70 23 83 49 54 46 28 47 
52 51 43 57 69 26 55 53 56 91 8 92 64 49 43 43 72 82 32 53 96 57 81 57 83 22 28 68 12 9 45 87 96 32 36 93 80 89 37 51 44 62 19 8 97 13 83 90 85 85 66 15 83 12 35 73 2 1 91 45 82 48 68 90 2 31 34 53 66 9 86 59 17 24 57 19 28 3 14 23 7 54 51 46 90 67 3 47 52 19 30 65 96 63 29 24 61 41 31 30 
5 53 59 95 98 1 64 29 61 14 82 83 23 81 1 80 77 9 71 58 83 14 10 66 64 31 96 68 8 5 74 45 63 96 51 87 46 81 1 3 36 48 57 12 75 99 22 50 71 52 58 66 95 38 94 23 83 1 24 96 34 99 2 80 10 9 49 77 40 16 51 9 16 20 55 7 91 39 73 19 88 1 84 7 89 48 28 45 42 41 9 25 58 49 95 49 15 59 22 35 
34 93 53 40 48 99 35 32 63 75 10 43 70 12 54 22 79 67 65 89 23 72 57 35 51 26 67 19 37 1 53 72 70 36 91 95 66 44 80 61 55 6 37 10 92 72 1 54 49 68 28 76 20 83 98 29 19 81 12 35 80 96 87 86 58 31 65 49 28 58 4 56 84 23 85 11 43 39 9 88 40 91 96 33 32 36 89 60 94 96 49 56 25 69 57 75 39 20 16 45 
88 77 60 48 71 81 95 11 66 65 50 39 12 61 88 65 50 56 78 78 25 87 88 15 79 43 90 65 61 64 55 71 19 43 57 25 99 22 70 70 56 97 73 4 40 17 44 72 7 76 61 75 11 27 7 64 11 70 64 41 63 59 19 58 31 97 55 23 74 41 62 89 57 99 29 68 45 30 45 20 5 45 5 54 4 5 2 35 12 26 30 76 1 71 88 46 43 59 74 60 
61 33 81 39 53 64 67 51 26 25 89 39 18 22 15 16 73 23 18 50 47 51 81 71 1 90 94 65 2 78 56 75 29 14 72 4 65 52 55 8 5 6 29 8 46 47 20 76 99 5 67 47 80 64 15 10 12 71 16 15 26 28 31 66 61 94 28 30 67 88 83 26 96 85 81 36 14 20 13 95 88 82 78 2 99 23 85 7 34 48 48 21 84 22 90 14 54 68 43 12 
96 3 69 71 85 84 44 47 8 86 23 71 40 37 28 94 98 57 20 55 38 55 97 80 54 28 99 88 77 62 4 84 82 35 27 65 78 11 25 14 17 42 91 4 87 72 63 98 18 34 11 48 76 48 46 94 68 24 22 66 40 61 28 81 77 48 92 50 3 62 84 67 78 70 11 20 8 26 19 81 31 75 93 17 29 52 59 79 19 77 79 12 61 63 57 43 51 11 34 95 
28 18 84 52 5 67 23 70 96 93 1 80 24 86 60 69 5 82 43 70 51 60 83 60 70 46 12 62 67 10 54 45 40 69 33 23 81 83 62 54 80 61 56 44 23 53 21 41 88 57 59 42 51 17 67 84 82 19 40 57 47 96 65 88 7 29 27 56 18 40 3 81 31 99 68 31 94 21 93 17 50 64 42 97 35 35 74 74 82 83 47 96 21 6 10 57 72 43 10 95 
53 34 78 51 73 61 15 68 99 83 19 95 27 37 3 55 30 81 53 97 58 7 34 99 41 27 84 65 79 84 22 22 55 46 41 28 25 8 10 65 21 89 75 44 53 39 61 99 9 31 67 94 49 66 69 18 16 72 20 85 23 3 48 39 65 38 61 48 10 85 40 8 4 79 44 40 68 78 10 93 3 70 49 43 83 67 49 89 61 11 77 62 65 67 73 15 99 28 58 30 
