100 40
49 44 83 32 27 25 38 46 92 62 36 29 16 29 38 19 98 76 37 36 74 42 59 83 11 45 62 46 8 87 40 93 99 55 16 76 51 15 45 29 60 18 21 68 60 96 64 94 14 68 31 89 19 32 10 19 5 68 22 32 35 43 22 58 4 3 95 12 41 78 63 90 6 82 77 72 93 11 24 21 31 43 20 80 77 41 17 79 25 47 99 29 98 89 82 21 57 78 17 33 
34 87 43 84 78 29 47 15 62 52 61 82 21 99 77 64 48 27 47 46 5 4 87 30 16 16 80 34 68 59 72 86 17 47 71 32 75 7 52 30 27 76 51 52 15 13 70 84 48 82 76 29 99 69 98 98 7 69 31 22 69 93 30 43 52 66 20 18 85 27 86 18 62 28 78 27 39 36 11 45 37 32 61 84 42 12 73 72 3 84 52 50 33 72 69 73 11 14 58 11 
23 35 44 43 97 34 48 57 76 27 77 17 55 59 15 30 55 49 64 72 14 84 50 92 90 23 16 10 65 93 27 12 37 94 68 58 28 95 46 76 76 35 84 68 44 24 31 2 13 41 50 18 83 37 30 27 77 32 77 10 38 18 19 17 26 55 2 70 25 75 95 61 37 81 86 52 86 44 83 74 18 6 17 33 92 80 34 97 97 50 5 14 35 69 20 94 32 60 87 23 
8 36 68 72 61 20 80 54 23 83 52 21 72 50 89 96 89 94 97 56 56 42 86 27 58 71 63 88 79 13 41 70 7 46 31 54 29 6 49 74 37 73 10 16 21 86 31 14 75 33 32 57 93 50 34 86 73 29 57 91 13 12 26 17 10 92 66 55 65 16 5 52 83 77 69 8 68 28 90 68 24 65 98 36 59 42 28 62 81 60 13 51 3 74 88 58 34 91 93 90 
2 97 43 74 77 96 14 19 59 65 66 78 77 57 64 10 74 85 75 29 98 18 79 9 7 82 61 81 63 64 14 36 41 6 39 19 19 9 45 35 85 32 49 47 36 90 76 74 75 59 58 95 13 70 35 47 69 14 55 22 70 36 74 72 51 44 56 7 55 1 72 93 32 27 2 56 39 1 32 79 44 60 58 3 20 99 81 24 47 70 15 99 18 83 74 45 27 7 87 31 
88 77 95 59 72 41 8 84 93 16 43 40 8 60 99 1 7 21 14 34 21 31 62 92 22 16 59 22 20 87 60 54 62 50 57 11 38 94 83 3 74 99 11 30 36 37 49 81 28 63 47 36 95 28 95 59 21 65 20 9 27 4 87 30 74 56 5 55 63 27 17 10 34 9 6 6 64 84 96 44 71 24 51 16 13 87 69 1 83 26 91 66 19 74 97 71 91 63 7 63 
63 93 67 50 76 68 76 54 66 24 52 94 38 81 23 90 92 10 12 7 23 21 36 55 22 73 10 91 75 71 41 17 63 63 34 77 64 44 87 65 48 51 97 17 83 72 52 17 33 35 38 90 54 17 36 13 1 37 21 2 20 63 63 20 56 6 32 78 49 21 86 30 33 12 85 75 38 25 79 58 87 54 19 70 5 36 45 47 3 55 96 68 93 39 7 61 84 62 6 97 
33 57 29 18 41 23 15 65 56 83 4 30 90 39 21 97 32 15 67 84 44 63 21 30 68 62 36 2 22 20 43 92 1 66 50 25 73 60 42 43 88 87 77 23 69 59 94 62 17 15 7 89 8 18 5 57 95 60 55 45 10 60 2 59 58 62 63 33 24 38 38 25 66 84 97 22 21 25 92 35 3 13 48 6 99 23 68 97 77 60 31 4 80 56 93 43 26 66 87 61 
88 71 38 16 65 96 53 82 90 69 16 23 58 23 86 11 47 25 11 54 16 74 13 94 8 3 4 6 48 75 74 93 45 90 99 96 90 79 37 88 59 4 27 73 6 61 93 88 71 80 42 6 77 24 61 27 30 84 23 88 18 92 81 59 10 6 74 42 61 19 22 70 9 57 27 12 70 80 74 66 50 78 34 68 31 77 56 81 81 33 75 6 52 36 10 72 76 10 57 45 
72 99 61 43 53 61 40 19 38 16 12 8 85 20 68 73 68 94 15 43 74 24 71 10 5 56 69 27 74 5 58 16 13 46 97 60 63 20 65 7 84 33 48 67 47 52 52 20 37 12 93 2 54 9 6 18 12 3 32 38 38 21 34 91 75 51 86 77 79 47 75 53 20 26 4 46 81 69 88 42 61 22 58 94 73 94 59 21 43 59 47 1 10 55 97 78 29 83 94 63 
35 62 83 44 51 75 64 99 79 35 76 71 52 60 15 14 74 91 41 2 18 88 91 31 28 32 68 17 19 22 47 93 74 79 72 20 50 45 58 70 72 82 91 42 35 72 28 53 5 16 93 39 17 38 83 59 79 79 65 91 68 5 76 34 31 96 24 5 85 58 84 42 18 16 7 8 87 12 10 79 24 12 80 57 23 1 79 62 56 84 34 33 61 87 45 33 49 56 82 41 
16 9 15 3 64 60 36 80 49 43 39 80 25 42 78 65 94 43 58 94 14 34 36 34 92 3 20 47 88 43 70 2 12 45 98 65 26 3 68 8 45 13 93 1 33 72 40 17 9 79 27 30 40 34 23 17 46 38 48 55 1 95 77 24 25 11 32 3 94 90 89 75 37 43 76 25 29 76 71 38 99 5 5 99 32 38 58 98 56 91 65 27 58 81 12 73 73 25 33 34 
69 42 93 60 86 86 87 49 72 82 95 69 32 89 24 59 23 76 35 65 64 20 53 44 32 3 57 57 59 17 83 76 37 63 29 79 16 48 45 53 2 86 44 91 59 3 94 95 12 27 23 76 39 96 13 51 80 60 7 45 31 70 6 90 45 90 66 30 35 89 5 12 68 46 94 92 74 45 66 36 37 79 10 15 1 51 71 10 64 68 55 8 88 49 25 5 87 18 1 5 
53 15 98 27 94 78 42 54 13 71 74 99 5 81 14 48 60 39 69 23 55 13 37 87 57 9 3 43 22 74 42 31 91 95 18 31 3 95 83 63 75 39 82 84 23 28 44 92 45 5 89 23 32 50 28 52 62 82 58 94 4 62 67 3 15 87 31 69 39 94 17 27 14 60 77 45 62 99 57 34 97 66 88 42 22 53 94 57 27 93 84 7 93 59 59 56 89 60 8 11 
73 78 23 15 92 47 71 39 20 22 65 89 90 90 35 25 81 36 56 4 18 39 52 76 68 71 89 90 48 6 79 87 16 4 79 7 77 29 92 78 82 34 68 33 29 71 97 93 55 87 22 78 50 23 23 2 44 15 31 72 14 94 22 97 82 90 14 74 18 26 73 99 32 18 10 64 83 80 80 54 76 21 86 50 59 45 73 30 27 51 34 64 18 33 6 21 18 82 69 62 
62 13 97 60 88 10 41 88 18 63 10 15 3 3 47 33 26 32 22 11 92 35 30 94 37 70 91 7 19 74 57 46 26 58 99 87 71 11 23 83 94 98 53 62 61 61 46 30 66 19 82 66 28 65 71 32 92 73 46 59 32 89 67 62 47 40 23 26 63 26 28 18 33 23 22 76 34 88 72 20 73 51 73 44 81 19 45 18 19 75 34 89 69 83 15 81 45 77 86 96 
10 95 49 36 57 18 67 28 3 62 19 73 51 13 53 73 43 36 50 11 53 82 26 52 84 84 27 47 77 57 32 26 2 98 55 4 62 91 41 79 96 97 68 31 73 64 48 23 95 21 25 2 98 80 74 93 50 38 7 13 52 70 64 52 37 39 22 89 72 87 87 84 57 42 3 79 24 13 41 1 37 89 8 56 95 49 43 37 29 48 19 17 2 27 40 54 9 10 44 86 
14 72 86 52 81 23 88 85 50 97 71 95 44 7 64 73 51 71 63 24 23 28 27 65 74 27 78 30 87 34 4 64 4 27 54 29 32 98 44 99 45 55 54 64 77 19 26 26 30 24 66 2 68 19 48 22 18 67 6 33 73 45 38 92 90 45 10 75 88 72 47 66 53 45 42 69 34 96 51 98 41 75 92 82 53 43 50 66 10 73 73 7 17 57 72 75 42 97 23 58 
4 90 34 50 2 89 84 83 1 90 98 49 56 72 68 38 44 85 2 8 59 48 31 89 20 52 9 83 60 57 6 60 39 93 14 61 33 63 46 95 40 37 35 47 76 57 33 66 82 35 14 76 16 53 71 69 54 64 20 8 98 90 92 24 66 27 44 23 98 35 50 77 56 50 6 32 18 76 27 1 84 86 48 68 77 28 26 89 38 14 38 90 28 31 79 65 29 34 68 80 
34 51 31 76 92 64 97 18 18 69 87 49 73 52 41 7 26 46 1 75 43 39 8 92 92 68 9 47 46 24 48 79 75 47 75 82 54 31 40 97 57 18 92 23 62 7 84 3 46 43 71 36 90 27 9 72 76 8 54 15 85 89 65 15 4 24 3 76 18 18 30 57 14 28 8 63 82 62 5 56 13 80 84 44 99 94 16 90 35 68 70 10 16 15 18 66 38 2 31 78 
8 10 80 13 1 51 87 26 33 76 39 29 65 39 71 33 62 53 30 3 99 87 69 62 59 71 50 94 32 89 42 39 16 87 22 92 16 65 74 12 46 82 91 10 28 56 74 57 91 62 30 83 73 33 76 74 18 59 36 74 77 88 40 87 15 28 29 72 95 41 50 48 97 50 58 88 5 34 16 29 9 32 93 60 9 37 70 32 12 5 32 50 34 44 73 81 98 24 96 46 
76 56 28 13 50 94 94 99 59 33 7 20 85 32 42 2 49 41 16 64 12 1 83 18 73 38 39 59 71 71 16 75 84 5 84 41 29 34 59 22 61 45 87 71 75 10 61 33 5 91 7 37 24 41 92 7 43 98 25 51 16 94 49 69 30 48 51 50 16 65 54 70 42 45 21 95 15 71 52 82 81 21 90 75 28 56 16 7 77 30 46 1 93 86 41 67 80 55 96 9 
60 54 62 17 18 69 28 93 27 97 70 12 36 80 11 59 90 5 67 71 30 3 52 28 89 52 72 55 99 77 32 23 87 45 30 48 72 71 60 91 71 13 11 60 97 74 66 6 56 7 7 27 51 5 8 64 79 8 40 8 34 3 67 89 4 19 53 88 71 34 52 29 17 69 16 78 15 91 92 54 34 13 24 14 39 90 47 63 91 28 94 53 46 72 96 79 53 19 74 82 
41 98 8 79 77 42 69 51 60 10 48 30 25 99 42 51 81 34 23 78 16 64 43 97 93 67 29 24 54 45 83 1 14 28 87 94 67 71 97 99 82 59 47 38 9 1 45 56 66 31 79 30 57 14 11 59 56 37 80 72 17 18 5 22 67 96 74 88 15 44 60 79 41 53 8 30 5 49 38 97 42 77 51 71 66 14 23 62 63 61 4 13 1 47 24 87 20 25 86 80 
7 53 44 75 5 82 44 99 93 51 4 96 82 82 46 79 59 30 79 92 98 82 91 17 56 60 57 64 71 16 30 78 65 36 49 37 42 39 35 51 90 77 90 63 78 36 4 50 61 31 42 20 72 14 59 14 32 66 89 7 41 5 51 7 83 78 44 52 26 67 52 17 19 87 41 6 94 84 61 58 69 38 42 46 40 62 1 71 87 2 33 72 77 35 19 19 55 73 23 13 
90 89 25 39 40 8 96 51 23 1 38 90 64 66 55 12 4 64 70 34 95 23 21 41 7 31 54 79 19 42 35 59 28 75 41 57 45 13 64 12 92 1 11 25 10 48 2 66 47 31 69 66 72 86 62 20 65 19 44 86 20 92 88 90 44 39 88 19 61 53 48 24 7 93 84 22 33 83 31 90 3 9 34 75 94 21 55 84 3 35 67 88 33 30 61 25 7 48 38 93 
39 81 43 1 33 18 74 22 80 98 9 22 49 50 22 14 72 18 60 29 56 71 38 20 77 95 42 58 81 99 29 37 86 11 26 70 78 77 30 91 14 68 8 54 22 73 97 31 99 1 9 19 16 80 18 31 9 61 74 3 87 15 97 88 31 32 76 66 87 22 71 30 79 17 11 96 95 67 95 3 95 46 97 6 12 45 56 82 44 76 83 30 64 73 60 66 15 87 39 31 
22 68 80 10 94 66 28 76 86 52 82 52 10 45 7 82 30 66 18 17 63 40 81 2 77 89 17 87 91 41 93 27 77 23 33 73 56 62 10 80 3 91 48 6 42 43 25 8 52 50 66 44 61 48 54 78 50 74 18 71 51 66 41 88 46 65 57 94 70 12 53 58 12 50 65 48 8 25 82 35 47 82 45 89 72 69 46 87 76 36 29 3 2 34 88 12 47 16 70 94 
32 75 4 34 5 46 36 34 1 93 49 41 24 54 99 20 34 72 3 42 50 98 30 90 49 94 13 53 66 26 39 27 91 69 55 15 76 8 64 29 29 32 29 90 14 42 68 27 55 42 60 74 34 48 39 73 89 83 97 78 18 75 87 47 74 64 17 45 71 94 52 49 78 20 18 40 25 3 94 9 96 10 24 53 37 21 4 78 47 18 87 99 86 95 90 37 73 53 82 21 
39 22 89 83 78 41 5 48 81 35 60 30 49 74 30 43 75 65 73 39 40 55 42 11 14 32 76 89 56 20 4 43 15 82 44 82 28 25 3 54 22 89 76 46 12 56 50 84 4 47 97 34 89 22 82 98 52 78 57 22 64 55 63 86 86 29 31 15 69 16 78 65 51 70 16 38 59 87 40 72 12 99 38 46 15 78 85 74 63 37 47 15 42 24 76 62 24 30 17 49 
88 60 36 3 44 72 88 79 36 20 37 70 20 85 82 83 90 47 69 17 94 79 89 68 18 51 78 29 96 26 20 85 10 63 38 20 80 17 8 10 81 39 46 28 25 73 15 42 74 61 23 16 34 39 25 9 55 38 19 73 36 83 49 59 16 99 5 12 84 2 21 70 72 4 78 70 58 13 2 42 65 32 62 12 62 60 76 99 61 91 5 24 24 14 55 95 52 14 78 21 
15 44 35 47 5 52 65 17 7 35 43 4 73 94 58 22 82 10 28 63 39 35 94 96 74 3 28 66 46 21 25 93 38 73 7 77 62 23 23 92 56 7 50 89 82 40 89 96 34 13 71 18 26 93 51 34 4 25 10 4 36 30 57 59 22 5 27 12 82 23 82 48 69 35 11 33 59 68 27 7 54 26 73 84 84 88 18 62 7 13 54 8 4 32 4 67 83 55 15 66 
7 6 60 83 19 15 84 42 22 84 94 87 13 62 76 33 19 78 50 75 1 46 67 94 53 60 14 53 3 2 9 94 9 30 3 49 63 89 78 25 92 9 53 18 53 96 76 3 37 46 30 39 68 33 30 69 2 16 23 18 28 35 89 92 67 16 45 83 76 64 33 63 43 69 35 89 86 4 61 1 60 24 57 18 51 67 1 45 77 55 2 71 91 89 3 65 77 58 80 79 
19 11 56 10 1 17 94 9 75 60 89 68 11 66 62 45 34 72 99 10 38 33 51 48 80 14 31 57 83 95 18 52 31 75 54 58 73 60 46 18 23 73 64 86 58 54 42 32 20 51 79 38 15 32 39 4 11 74 47 38 43 73 93 68 9 35 35 33 70 82 88 86 53 50 38 96 47 87 30 44 7 60 76 26 49 44 52 51 57 33 96 45 78 31 12 44 21 59 65 1 
43 37 93 87 30 82 91 65 74 84 26 85 38 5 43 67 4 74 11 3 75 95 19 55 74 40 74 56 47 51 7 8 55 40 65 83 83 91 19 27 37 58 56 51 40 63 89 40 39 3 48 47 98 38 82 98 4 6 64 87 62 11 84 80 99 28 54 12 62 3 5 87 19 52 90 83 55 61 82 47 79 86 74 94 19 55 78 12 24 64 29 57 61 81 78 58 21 44 3 14 
68 74 73 60 6 97 46 39 59 57 71 18 29 46 74 92 14 9 83 10 19 44 25 65 46 98 30 9 2 72 30 41 94 17 57 15 31 36 47 33 24 82 36 51 83 64 60 76 24 38 60 66 59 14 77 32 8 50 52 35 86 62 31 87 17 13 57 54 18 17 79 53 14 41 46 49 28 6 7 64 88 79 13 68 21 84 19 84 55 94 79 85 22 34 51 97 53 79 92 98 
15 67 99 26 30 1 34 33 76 73 3 26 86 91 69 13 5 18 5 62 81 74 89 98 73 39 10 5 48 49 60 21 79 99 45 45 48 41 73 35 43 85 63 5 63 1 42 24 13 11 43 24 5 1 9 92 59 12 88 74 5 43 38 72 79 51 25 48 25 52 22 20 94 17 8 63 48 77 73 15 53 21 15 65 84 93 35 65 26 99 47 22 67 2 71 1 9 18 35 26 
18 36 3 45 82 66 42 1 53 97 1 77 91 45 83 11 97 11 37 23 11 88 45 28 9 60 30 26 11 97 53 8 71 59 16 53 88 96 60 31 94 45 63 98 64 34 44 3 11 79 60 80 86 86 8 56 80 49 22 43 25 51 78 44 87 65 89 53 76 54 9 49 39 67 28 5 62 44 76 76 70 15 26 15 29 96 84 57 40 95 1 29 48 10 60 47 33 23 90 14 
67 16 34 59 28 19 11 93 92 30 26 14 3 62 44 26 97 72 28 85 13 61 35 93 77 76 17 92 17 11 22 75 51 3 92 75 96 35 68 74 63 36 81 99 58 80 61 22 83 87 33 57 35 21 16 69 5 90 24 64 82 52 68 95 49 7 55 62 82 98 83 6 58 20 51 17 44 7 49 29 4 41 63 20 96 50 77 17 78 5 67 88 98 25 7 50 3 71 64 62 
31 46 52 17 90 93 59 32 22 19 57 43 31 64 64 82 2 3 79 10 93 32 73 12 43 75 97 1 64 84 77 16 44 37 15 21 50 36 90 11 26 12 60 4 88 22 56 43 35 50 87 3 38 7 40 81 45 28 74 3 83 77 31 19 53 46 25 8 34 48 47 74 80 28 66 50 24 55 28 93 74 25 53 87 15 61 40 44 7 13 63 99 89 55 73 20 76 91 99 94 
