100 40
48 43 28 93 38 81 5 28 15 11 12 62 88 59 81 23 66 3 45 80 49 58 26 53 35 92 43 4 16 13 12 37 78 76 43 9 7 83 41 15 78 78 8 1 67 54 38 53 41 46 26 8 65 36 55 43 99 50 10 83 97 63 67 99 10 90 99 8 82 96 74 66 54 88 56 83 63 20 3 9 40 91 69 39 11 45 4 18 98 72 51 30 19 7 52 10 86 29 41 34 
57 39 2 56 33 41 87 51 14 43 40 35 42 77 15 24 38 98 45 65 95 92 40 30 88 68 84 16 65 63 40 50 51 40 46 82 48 88 19 92 34 26 49 83 65 94 5 88 73 64 32 63 66 32 52 93 28 19 62 89 21 74 38 89 82 75 30 58 28 24 66 84 47 48 51 86 8 5 65 8 55 74 66 20 10 67 88 18 68 17 43 26 5 86 15 94 70 64 70 99 
85 16 47 7 25 34 61 98 52 76 90 67 16 34 51 46 50 28 42 98 72 16 48 22 80 85 32 46 56 57 44 33 64 86 14 78 53 59 56 12 51 95 67 92 73 48 27 16 15 2 97 8 53 75 23 28 52 19 33 69 54 17 37 57 86 86 29 48 60 75 85 34 67 67 66 39 83 77 12 18 68 52 47 62 60 72 80 91 85 53 3 62 51 39 86 61 45 10 87 10 
55 30 45 15 73 12 20 43 35 22 69 61 81 98 65 13 65 44 94 9 55 23 57 19 35 65 69 82 2 65 57 99 64 81 66 36 48 35 51 19 92 13 83 43 49 63 48 65 86 3 44 7 84 8 83 52 39 22 95 51 58 50 19 18 66 64 11 29 99 98 39 26 10 51 88 16 62 84 55 66 37 26 50 12 26 66 2 50 38 59 46 44 94 25 39 18 32 46 47 63 
72 46 24 85 67 44 57 64 25 16 76 88 84 86 82 21 56 4 43 42 20 33 99 54 26 60 62 77 93 92 13 54 16 58 1 48 53 4 47 41 36 97 45 36 68 28 57 56 20 3 14 45 35 51 18 68 25 22 43 8 74 84 33 69 36 30 99 77 33 66 29 78 60 25 73 36 81 56 58 38 32 32 78 88 16 43 98 15 10 1 54 64 57 36 52 4 76 4 66 20 
44 52 73 75 63 41 14 55 24 50 57 61 11 92 87 85 59 87 41 21 56 53 7 63 41 11 24 7 5 81 84 51 87 89 30 95 84 60 55 40 41 21 8 88 53 98 82 44 69 24 30 13 89 28 51 2 65 45 97 20 98 8 72 78 45 54 32 87 10 21 83 62 52 48 83 17 79 75 44 68 53 46 25 35 86 5 41 37 42 95 56 93 36 65 86 30 35 64 99 70 
48 96 27 54 12 11 85 13 19 63 9 67 28 71 60 13 54 58 59 52 73 57 84 98 17 9 71 70 73 60 14 94 92 68 63 5 78 95 30 45 95 15 80 65 63 4 39 24 62 50 89 85 28 50 72 26 55 5 85 26 96 25 86 74 62 30 87 70 20 45 61 17 95 4 37 27 72 49 3 22 91 30 5 31 54 4 44 89 15 36 82 42 89 99 40 40 50 75 91 44 
97 55 33 48 39 68 36 94 71 94 34 36 75 8 28 38 22 17 6 7 67 71 47 85 60 60 18 57 38 11 74 44 26 89 61 8 38 4 15 49 78 97 57 6 40 54 99 58 6 96 46 23 46 87 85 56 21 29 98 55 78 58 52 52 59 58 6 23 88 44 6 79 83 74 87 74 49 46 77 97 80 94 87 79 61 93 21 89 62 56 71 35 48 37 20 64 66 27 35 63 
21 76 84 25 49 89 19 22 16 90 80 77 61 72 9 61 70 25 84 34 72 35 36 54 44 82 36 74 6 42 3 45 23 86 1 8 8 81 39 3 16 88 72 65 51 65 98 23 59 64 64 4 33 34 60 25 12 16 20 5 77 48 27 52 59 66 6 75 31 97 28 75 12 68 12 49 66 95 18 87 4 96 54 80 80 79 74 10 96 52 75 53 96 14 2 84 73 60 41 73 
15 74 37 20 60 4 56 91 7 45 67 84 41 60 43 22 73 86 83 5 44 36 15 11 16 1 90 91 80 46 89 78 57 17 20 77 89 32 13 73 48 88 29 24 33 59 53 67 66 93 98 16 98 18 4 58 9 35 36 61 1 25 85 66 4 43 71 94 75 21 40 41 99 69 62 78 85 72 38 54 71 92 90 94 20 69 73 2 21 17 62 53 91 28 64 6 73 70 10 90 
35 38 94 49 40 66 35 82 86 51 82 33 39 34 42 56 93 37 52 93 80 66 83 65 59 12 38 79 27 43 53 21 10 17 97 63 68 69 72 59 96 21 12 45 19 73 85 40 94 15 90 47 17 12 62 50 8 16 66 17 26 62 99 99 61 66 95 30 37 30 17 25 7 34 61 82 61 44 59 86 21 10 72 99 40 61 96 69 5 12 60 28 35 58 24 86 84 81 82 42 
87 77 92 15 41 2 85 74 76 75 79 75 96 88 85 91 72 44 79 8 36 61 2 23 83 70 55 52 76 17 10 23 41 62 96 76 65 79 13 70 3 56 18 72 71 95 35 68 52 14 55 56 89 40 29 48 94 19 73 69 40 10 69 62 63 83 62 79 67 27 59 90 16 41 33 77 40 41 22 37 34 54 26 80 55 24 11 31 26 7 5 29 32 73 1 27 24 10 56 91 
98 94 63 59 64 84 79 20 77 49 8 88 99 74 47 61 12 15 13 5 18 97 42 54 39 20 93 18 19 46 46 70 20 15 95 60 27 33 62 4 42 78 85 90 90 98 24 77 16 12 56 92 83 8 83 36 79 43 26 75 7 49 24 50 92 25 37 71 82 39 48 18 43 33 58 40 61 17 88 58 43 70 81 63 16 46 99 18 27 64 25 51 46 18 61 67 59 67 32 37 
97 11 32 46 60 81 64 99 70 60 17 73 24 61 61 33 19 51 70 96 51 46 19 32 24 17 81 59 38 84 37 51 95 21 64 29 3 50 44 69 66 48 59 97 93 42 91 91 93 11 29 82 79 83 56 49 62 44 63 27 56 24 39 96 78 10 76 96 45 37 68 14 75 93 9 86 91 20 95 6 13 8 24 13 65 98 96 2 72 87 12 18 62 21 73 58 63 94 86 69 
96 39 79 12 41 93 22 78 80 51 41 33 31 24 32 43 16 78 96 29 66 44 44 72 20 4 92 11 23 98 67 42 30 31 2 18 5 57 36 51 15 92 20 11 39 12 10 25 63 45 69 77 80 81 72 13 91 68 97 31 6 10 33 90 39 69 74 8 18 66 26 57 73 79 97 70 45 44 11 38 82 54 89 7 41 62 71 83 84 75 96 30 83 63 17 67 18 49 90 75 
61 51 67 32 40 41 31 49 83 81 61 39 56 14 16 13 59 70 92 72 34 70 28 6 63 24 96 93 65 29 13 4 99 73 30 91 65 32 42 5 96 72 79 76 72 49 12 33 6 5 51 86 53 72 44 40 6 74 80 83 96 21 85 98 97 12 26 54 19 37 6 9 11 73 71 10 60 89 4 94 96 40 25 88 85 71 98 7 33 18 22 52 83 2 37 19 23 36 21 87 
28 28 31 89 62 42 11 28 48 70 20 61 40 60 86 85 90 7 35 41 45 47 83 16 45 66 47 40 27 92 34 91 23 3 49 91 61 15 93 10 63 94 62 58 49 53 45 94 30 46 30 23 16 75 96 91 10 86 22 95 13 71 77 74 18 68 32 13 15 59 47 41 89 71 80 34 23 78 85 14 90 99 11 44 63 96 1 39 8 80 93 54 85 5 24 90 54 69 23 96 
96 63 31 20 76 93 95 67 54 9 93 46 94 34 53 23 41 27 80 91 10 66 56 71 97 62 39 7 74 48 63 73 89 84 41 67 67 59 59 17 9 87 83 73 91 8 54 16 71 89 89 50 76 25 83 8 16 35 6 48 74 66 5 55 11 92 5 42 64 15 5 46 46 58 82 32 48 76 91 92 38 48 62 44 57 81 1 33 27 9 90 29 42 88 91 30 78 8 40 60 
58 29 39 31 74 84 26 96 84 22 5 5 54 21 55 25 29 91 40 60 38 78 5 45 94 57 79 49 92 39 74 72 12 65 84 49 11 12 86 45 34 85 41 60 9 28 90 27 42 13 60 10 28 46 59 7 41 68 77 48 37 49 90 98 58 95 54 53 28 44 9 42 50 66 75 26 17 64 61 1 96 75 52 92 45 67 22 63 1 42 21 5 82 35 88 44 93 13 42 39 
43 62 22 9 75 42 1 28 10 60 57 79 52 94 80 98 23 88 73 85 58 50 53 5 6 50 51 84 30 23 11 17 7 69 92 58 28 51 70 29 97 97 29 14 37 99 71 61 78 12 14 84 68 54 83 59 69 12 25 27 57 32 96 91 20 25 68 23 63 68 28 54 4 2 72 81 73 29 18 65 17 18 91 33 96 1 36 72 84 74 6 36 69 98 71 42 52 98 17 72 
85 16 52 4 64 17 63 96 89 29 73 40 32 86 62 53 34 42 83 72 8 69 57 57 34 60 78 86 67 30 8 59 29 14 78 94 13 64 94 33 83 57 31 33 73 88 29 76 87 72 6 63 99 45 43 15 56 63 98 72 70 4 96 97 28 62 32 71 85 56 71 96 69 22 51 96 74 20 76 14 68 25 26 11 88 38 46 72 41 76 54 1 5 78 39 20 27 5 56 76 
24 37 5 43 76 45 82 36 56 32 89 44 6 47 23 46 24 45 27 19 55 78 2 42 1 4 96 98 11 77 12 70 86 59 2 43 82 9 71 2 4 89 74 34 8 62 21 31 2 94 69 81 46 52 30 78 54 4 65 17 86 18 89 90 59 67 67 98 38 24 17 38 41 62 7 10 38 58 56 16 49 90 38 59 47 37 74 44 56 78 40 79 52 98 62 70 61 79 20 28 
24 22 46 37 64 99 71 1 16 56 44 51 40 84 76 11 53 86 41 9 30 68 66 82 4 47 39 75 64 46 3 42 60 97 61 41 98 40 73 42 42 22 58 21 15 97 90 62 93 30 5 57 19 89 91 5 83 55 1 13 41 13 39 97 4 57 70 80 39 90 20 93 74 21 65 74 93 67 46 70 39 55 59 36 11 17 57 33 65 93 51 30 21 35 13 7 48 96 68 48 
76 43 82 55 92 69 73 85 64 34 88 89 77 89 83 60 5 25 99 32 9 67 69 77 40 85 15 10 41 85 44 79 41 13 58 76 57 52 45 30 98 28 80 9 61 2 32 20 31 77 55 10 84 93 94 64 83 32 83 7 82 12 43 3 23 89 87 53 36 63 16 1 42 70 18 26 51 84 73 48 60 21 49 27 58 33 4 61 21 13 81 85 14 92 18 78 90 42 38 54 
39 65 67 4 61 88 59 65 41 20 20 66 38 47 57 20 56 56 22 32 45 26 12 7 1 31 70 39 62 43 84 25 16 28 88 51 92 45 60 2 68 51 24 55 64 99 48 86 49 35 49 65 33 1 84 56 74 35 60 20 76 70 28 12 86 34 82 81 98 50 65 77 51 38 61 39 28 11 5 4 59 79 70 5 19 47 82 68 27 15 7 17 50 78 57 70 96 27 92 40 
74 69 5 82 44 21 49 34 78 57 59 78 61 12 57 61 1 93 88 6 34 90 30 11 23 64 79 53 57 55 67 86 51 78 45 39 49 27 94 17 18 69 23 2 54 53 63 54 78 98 75 10 41 7 47 78 16 51 90 51 5 83 47 92 35 34 81 44 63 8 88 25 69 84 86 29 61 25 22 29 73 61 67 72 67 8 22 82 30 49 12 63 75 52 88 90 45 58 33 19 
9 29 39 73 57 78 48 41 9 88 82 23 14 63 84 90 59 89 30 95 61 37 29 75 69 56 21 47 67 84 81 14 71 37 19 57 29 17 71 46 22 6 12 30 65 70 47 41 6 59 15 94 22 6 87 89 29 23 67 6 70 8 92 9 25 43 32 44 4 89 89 41 50 93 98 13 43 84 30 54 89 73 81 43 34 55 89 39 50 6 19 87 46 86 69 14 63 39 74 28 
86 26 28 52 30 51 47 86 75 66 70 74 68 77 2 54 19 5 7 77 3 82 19 11 57 58 32 35 84 93 7 43 52 67 65 44 90 67 96 60 94 98 52 28 22 81 48 98 95 46 62 35 3 40 41 17 94 24 90 37 86 72 84 3 56 75 57 33 47 34 10 65 67 66 6 46 87 3 74 40 43 88 7 23 33 82 60 87 21 59 55 38 35 4 76 93 65 20 71 88 
69 22 50 59 75 57 35 84 26 63 46 66 88 7 36 33 52 26 79 84 28 28 71 86 43 92 26 78 49 67 78 69 16 72 84 38 33 95 20 35 12 98 79 78 84 10 80 60 2 30 59 40 34 29 72 48 75 49 97 85 38 1 33 25 53 66 95 7 75 95 23 43 77 13 75 18 52 10 30 81 15 49 86 57 98 64 65 40 58 58 4 91 70 5 64 46 28 47 26 10 
86 80 94 74 60 33 17 37 34 38 91 32 39 22 75 87 8 59 26 80 72 79 5 38 69 61 71 42 37 35 88 24 11 85 21 66 34 45 35 6 46 1 96 27 90 88 76 69 13 98 44 23 59 71 71 28 77 97 33 77 17 22 4 16 28 40 59 40 64 96 80 95 79 92 44 83 30 75 35 53 71 48 33 7 64 62 25 98 67 24 96 34 44 87 35 69 57 62 30 14 
71 42 30 92 70 13 89 86 72 59 34 79 67 42 82 36 53 82 61 81 38 57 9 96 36 1 65 21 68 7 84 49 66 25 24 38 67 65 51 99 17 93 40 4 69 34 73 79 84 69 42 12 33 38 42 44 90 38 81 79 43 25 73 75 82 13 38 50 9 72 7 79 31 32 15 94 64 78 8 86 34 56 39 5 69 68 67 54 12 75 63 99 8 93 2 62 13 98 66 23 
80 96 30 33 92 78 98 56 20 90 85 21 3 27 77 41 25 73 99 23 6 4 19 59 6 82 39 34 23 60 4 17 94 80 93 70 99 71 32 44 52 53 78 77 8 34 32 97 60 13 33 22 44 75 57 56 30 97 23 97 29 43 85 28 92 68 39 23 11 14 18 43 10 12 94 40 58 84 82 56 63 41 32 19 70 81 33 49 63 92 15 52 66 53 46 27 43 29 33 58 
54 17 18 11 81 92 43 76 3 69 50 71 66 65 11 12 19 43 93 57 1 11 61 14 47 23 73 34 91 77 83 13 58 20 41 92 70 38 90 61 46 67 72 51 95 89 21 39 29 28 67 49 48 54 37 49 52 84 52 53 35 80 28 20 85 48 77 55 87 40 7 7 22 54 18 71 64 32 11 87 83 61 75 42 45 76 4 66 12 56 76 35 39 23 73 70 77 48 69 40 
42 48 97 37 67 31 55 51 67 2 72 38 80 37 1 63 21 39 68 16 81 38 78 14 28 87 13 1 5 69 28 47 33 94 59 50 11 96 17 32 10 37 87 44 82 6 35 63 56 16 99 90 32 10 98 58 92 55 25 21 92 47 48 62 66 6 16 91 24 79 50 44 51 43 51 83 11 96 94 98 42 66 34 4 62 9 98 43 63 3 94 84 15 55 3 23 61 1 83 81 
61 52 63 23 41 42 77 21 47 84 59 14 6 94 2 58 29 23 81 44 8 52 56 96 19 95 70 72 20 3 47 59 52 53 94 79 39 60 3 89 89 71 44 74 91 65 77 57 17 53 39 90 23 80 51 59 46 25 19 83 8 95 29 15 12 36 51 37 45 23 39 69 75 65 29 60 56 4 38 92 23 13 68 83 91 1 5 80 64 6 13 65 23 3 43 53 36 95 28 89 
1 4 78 56 4 92 58 86 86 83 14 22 69 49 1 41 92 22 87 83 5 3 58 57 73 52 9 30 76 97 53 37 8 30 15 74 75 4 35 6 1 39 65 55 20 17 74 14 81 85 45 36 50 56 72 39 3 3 65 6 33 66 49 81 46 48 61 77 61 17 54 67 14 3 93 89 51 3 60 47 35 75 47 7 43 45 64 98 65 97 33 17 6 86 90 21 83 27 86 33 
40 38 28 2 95 1 14 16 75 95 80 43 35 14 41 9 96 65 80 57 54 81 51 55 72 11 78 87 85 26 58 61 99 17 53 2 89 96 2 56 99 96 7 91 47 68 46 96 19 85 66 77 69 40 82 62 27 45 83 99 87 35 25 58 20 63 35 28 61 4 13 16 20 51 25 53 74 20 12 89 72 44 80 95 34 81 10 60 49 6 51 96 75 14 24 34 44 22 18 24 
95 46 31 98 88 11 73 81 73 29 28 60 2 38 48 48 81 74 42 58 70 77 68 6 76 88 35 7 60 49 6 80 36 5 92 45 66 1 61 23 67 82 27 37 5 1 57 12 98 4 72 72 18 44 42 47 85 76 90 65 74 54 91 57 9 34 69 56 65 74 3 93 72 35 19 8 9 76 98 34 6 62 75 10 47 56 30 77 66 24 99 78 48 33 69 54 31 52 78 50 
12 84 60 92 99 49 27 82 62 15 90 7 9 1 65 63 8 31 23 55 84 41 93 96 23 72 64 9 64 74 79 19 9 5 44 63 12 29 17 87 88 19 19 42 12 57 25 87 13 30 71 91 79 36 47 29 57 79 6 83 50 70 52 45 21 31 54 14 87 87 34 95 28 76 72 6 78 41 10 65 30 31 42 5 35 8 25 62 1 36 69 83 94 91 47 22 41 56 84 38 
90 48 23 49 13 84 46 43 20 85 62 61 50 31 29 79 30 40 91 9 76 69 88 3 94 15 42 50 78 13 68 82 13 37 68 68 68 2 37 16 9 60 52 73 83 3 87 25 33 61 99 97 86 5 38 55 60 43 40 2 62 23 32 78 89 33 30 68 25 98 38 90 45 84 50 7 11 94 49 14 76 74 7 51 81 4 83 93 58 5 30 59 25 39 84 3 89 5 75 17 
