100 20
7 30 62 56 7 7 48 90 35 94 40 58 69 71 11 13 4 14 48 56 41 96 45 30 87 79 92 15 45 9 78 18 6 3 73 70 47 54 32 21 24 16 84 28 61 99 27 56 52 70 18 64 46 34 73 9 47 39 59 26 5 64 82 35 10 16 89 28 86 18 56 63 87 12 85 59 85 44 95 89 71 63 20 75 41 11 94 81 97 21 59 6 38 8 43 77 50 61 65 47 
13 13 89 1 12 38 91 57 26 66 14 8 9 68 41 55 90 19 16 41 45 69 14 17 65 14 7 13 21 59 34 6 38 94 72 88 61 60 4 38 24 11 80 84 19 94 99 79 64 11 69 67 72 86 76 50 24 43 57 58 28 63 65 20 98 61 39 27 18 51 73 9 8 18 85 96 99 80 85 92 98 68 43 41 58 81 61 94 45 68 37 84 7 85 38 90 46 76 66 7 
5 12 28 39 20 74 92 32 18 4 58 51 70 78 96 84 34 6 84 23 90 69 47 4 94 73 2 55 15 83 4 44 76 72 86 12 10 64 10 22 86 76 99 9 73 64 92 11 67 66 83 24 40 44 61 39 89 30 63 90 74 70 8 96 62 65 47 3 73 18 7 29 23 74 28 9 67 70 16 39 45 71 78 18 21 20 74 90 32 75 55 94 30 63 7 2 23 14 98 62 
17 50 8 73 70 27 91 5 2 18 1 57 99 55 63 64 64 30 35 79 35 10 17 90 4 60 71 43 34 59 43 55 83 22 80 39 17 13 48 20 30 68 51 51 67 16 50 36 37 90 83 47 34 55 83 43 58 20 94 87 30 57 94 69 14 26 13 21 32 85 46 34 87 18 81 83 80 44 12 43 27 43 58 4 80 74 83 92 45 89 15 95 1 58 63 68 17 82 38 63 
11 21 59 17 88 94 91 29 23 44 52 10 60 72 56 21 33 76 48 18 45 40 94 38 75 28 80 95 62 79 1 79 5 4 53 41 52 70 36 92 96 5 39 97 73 84 36 67 46 28 82 53 7 91 5 40 67 63 98 42 54 55 17 93 97 98 70 44 35 36 16 53 92 16 54 83 90 87 19 93 29 93 74 31 84 61 10 31 4 2 28 2 96 1 44 28 32 11 79 56 
79 7 22 83 73 15 82 25 75 52 46 52 12 48 21 44 19 94 64 28 14 25 48 55 66 73 30 63 64 48 19 49 80 3 46 36 48 96 37 41 22 74 70 49 54 25 59 75 55 57 10 36 71 65 95 21 45 96 24 54 89 25 6 73 57 14 23 87 4 89 1 55 60 7 69 47 5 20 43 17 25 50 77 70 90 54 48 34 22 94 13 22 57 8 82 9 24 69 91 92 
84 7 63 26 68 5 32 72 62 41 29 4 18 7 80 11 49 29 49 45 78 17 77 57 76 1 28 46 11 82 30 98 83 71 23 35 82 34 1 53 18 36 54 72 70 84 14 75 34 74 96 53 59 30 47 50 95 50 83 4 39 49 39 94 73 7 7 83 12 4 84 60 44 72 15 84 82 38 36 31 96 59 17 33 67 78 6 24 23 59 74 85 88 36 61 87 26 50 13 34 
55 17 86 59 25 82 30 80 89 98 18 10 56 95 86 32 46 86 49 18 16 84 9 53 72 23 81 49 94 73 15 65 52 64 3 31 22 2 11 56 10 82 89 57 65 22 95 73 7 62 10 85 33 1 54 34 46 2 17 37 70 20 62 14 68 15 56 96 63 73 82 56 54 28 61 15 37 71 69 67 22 81 55 3 54 37 63 18 30 33 49 40 18 7 96 43 75 50 43 67 
46 67 26 2 68 29 21 75 25 75 6 53 90 28 58 59 18 16 25 77 23 74 19 44 88 38 14 39 52 30 35 79 1 63 54 19 63 27 82 33 9 85 67 20 35 67 82 91 64 64 24 66 41 22 3 64 16 33 39 2 51 34 55 80 5 94 70 88 30 16 95 88 68 22 25 13 39 52 30 58 40 57 53 78 33 93 4 79 47 15 49 11 63 66 11 62 14 79 56 54 
39 58 88 80 5 56 50 52 48 70 17 35 62 38 31 45 10 48 92 87 95 14 31 23 38 35 69 37 34 75 94 10 28 24 28 84 82 68 90 35 47 61 75 34 24 90 14 25 41 45 44 87 18 88 85 10 33 24 96 52 98 63 54 22 22 98 18 35 79 66 96 93 83 21 21 45 49 1 12 59 68 95 47 92 72 20 31 56 6 76 62 88 90 30 6 21 1 71 59 48 
70 55 20 36 4 26 78 88 11 61 49 3 95 22 51 91 34 37 96 10 9 43 29 89 59 33 70 91 24 94 62 45 85 59 12 91 11 40 32 30 97 81 91 59 19 99 52 24 62 27 17 54 79 53 70 14 26 76 26 41 8 38 66 93 23 71 89 93 4 47 52 68 66 11 12 94 47 33 73 46 54 50 30 33 3 7 9 46 66 4 14 6 17 36 69 95 67 43 65 18 
43 14 24 66 3 34 12 63 38 1 37 31 48 24 28 90 73 40 64 52 8 40 88 37 24 77 30 91 88 96 23 9 80 46 22 49 13 98 26 52 48 70 92 64 18 39 57 50 44 62 56 16 54 98 39 26 3 24 93 22 86 49 58 41 69 44 48 37 93 51 66 97 4 5 28 59 66 52 77 34 83 73 6 22 14 92 71 32 94 7 17 99 55 98 89 8 41 54 61 4 
43 90 86 78 54 77 99 65 1 66 30 55 50 92 42 97 63 42 41 88 88 47 63 70 50 80 74 22 49 50 56 52 51 91 7 94 82 60 30 3 25 28 33 41 8 77 17 79 3 91 71 90 15 50 67 36 83 26 55 68 65 71 54 20 38 22 45 95 88 79 68 72 8 15 16 87 85 56 23 34 4 85 65 55 28 31 50 37 7 60 12 5 58 77 4 12 70 12 92 38 
69 32 60 69 81 56 20 86 86 57 40 99 69 63 36 61 69 67 18 71 57 92 57 46 1 67 58 90 30 87 25 61 14 90 28 41 21 20 79 3 94 96 93 81 18 87 64 43 81 72 25 50 57 14 24 33 63 28 90 58 31 50 6 97 79 5 65 95 78 74 56 41 23 67 21 30 93 89 26 41 36 9 33 2 21 26 65 54 16 46 78 31 55 42 28 14 8 27 36 13 
38 33 52 86 62 99 72 36 3 81 18 90 50 23 95 59 92 90 83 98 57 13 72 49 58 30 8 83 38 30 39 44 10 1 58 96 4 66 44 64 12 37 9 76 26 48 39 11 89 8 42 41 33 35 86 71 24 11 48 92 10 18 54 15 56 81 25 17 99 21 20 90 83 85 79 80 6 2 68 34 61 19 24 36 86 50 92 61 3 16 80 15 59 89 91 73 78 40 77 33 
2 25 10 6 85 18 71 35 3 65 90 7 3 12 57 55 20 10 7 28 95 31 40 3 94 90 41 11 25 63 96 51 57 4 14 12 41 63 42 88 27 11 86 2 82 48 32 17 13 34 59 64 77 98 61 53 12 63 68 96 43 60 62 26 12 51 93 12 86 43 7 80 87 13 51 36 2 21 7 75 4 30 96 11 73 30 12 83 14 47 26 88 74 72 13 89 62 73 70 39 
10 86 21 20 99 37 30 91 27 62 31 34 28 13 13 79 69 58 95 32 48 80 26 54 81 71 65 62 2 23 90 22 51 22 84 41 75 43 26 61 15 47 91 56 2 66 43 21 52 7 23 67 59 37 50 18 88 81 10 1 70 19 50 41 94 70 76 57 4 96 43 50 86 92 46 4 73 77 21 73 26 90 33 80 38 85 73 10 20 24 50 97 2 67 85 31 20 74 5 35 
30 26 63 60 71 83 62 67 75 80 55 12 72 49 3 8 64 24 15 1 92 7 30 40 7 37 74 48 30 61 40 87 35 1 46 31 7 20 9 27 13 96 16 74 73 89 85 84 29 8 47 56 7 80 97 40 96 22 80 8 10 4 49 22 57 23 34 8 13 71 18 15 80 2 99 90 70 99 63 49 60 48 48 39 67 2 17 12 17 52 25 90 12 97 89 39 99 9 55 31 
42 61 71 78 87 18 54 41 12 7 21 83 76 25 16 46 95 67 58 43 78 74 84 2 73 75 92 12 14 29 85 64 59 71 14 1 40 58 23 50 99 6 94 79 42 39 88 32 73 34 91 75 43 58 55 42 91 21 43 74 93 9 76 68 1 38 71 19 82 91 90 59 76 66 80 9 27 16 20 17 30 93 58 4 78 97 66 6 5 15 74 20 23 63 18 46 76 35 81 32 
58 63 41 15 74 15 19 98 56 36 88 52 35 54 45 73 4 98 57 27 33 18 78 53 92 4 72 96 66 3 27 16 76 43 75 8 96 46 13 25 75 50 18 94 50 25 69 36 71 94 67 81 16 53 49 93 12 85 8 82 49 85 14 29 8 73 33 99 67 16 43 65 34 44 54 24 53 75 27 13 30 27 93 35 51 37 73 71 99 85 91 4 74 10 1 30 10 25 97 87 
