100 40
32 10 10 66 67 86 99 82 95 36 86 38 90 41 51 94 86 94 30 23 75 95 19 2 6 52 70 18 84 78 95 64 76 98 64 44 6 43 2 66 50 51 92 49 50 68 78 17 2 48 60 4 57 55 96 50 30 57 1 5 88 32 48 26 60 66 69 75 31 53 53 27 42 93 46 61 96 95 54 65 52 77 39 34 24 63 20 72 87 85 77 90 75 83 45 9 75 7 18 53 
77 6 63 51 50 5 3 71 70 2 11 13 5 4 75 77 8 57 68 7 24 47 57 79 87 99 91 17 21 76 17 75 35 80 61 52 31 55 47 84 98 79 82 47 18 74 67 54 55 98 86 60 67 49 19 56 2 64 30 74 92 20 72 86 64 31 91 1 30 51 20 66 91 74 79 71 41 33 79 42 58 98 22 45 14 81 94 85 64 31 76 7 59 36 34 92 34 24 24 64 
69 69 32 34 19 91 42 7 48 79 12 33 27 10 7 61 69 49 40 33 36 65 68 85 32 17 96 52 6 59 70 62 56 44 84 37 22 17 77 96 90 20 33 55 94 88 81 22 9 57 95 1 57 51 97 93 8 94 52 95 71 5 69 95 9 95 6 81 22 75 62 34 61 47 84 30 19 13 66 40 36 64 43 34 97 92 98 72 33 83 60 14 17 17 2 11 72 68 40 13 
32 40 40 94 88 93 98 84 64 71 16 81 93 33 14 8 37 14 40 61 80 25 69 18 38 56 5 30 49 72 74 26 80 15 32 11 25 3 58 66 2 31 63 51 57 71 79 98 65 70 68 22 23 55 17 8 58 25 41 22 22 57 80 4 92 9 2 71 78 8 98 20 9 63 92 19 43 59 30 17 67 55 83 37 91 89 55 79 56 75 69 21 25 3 80 17 88 39 67 94 
7 64 85 8 85 29 22 25 60 69 64 50 36 20 61 32 51 94 91 3 78 92 68 76 20 94 37 51 14 64 76 7 29 49 96 6 68 77 43 94 68 62 90 3 95 99 50 41 51 65 64 3 69 21 7 67 17 11 86 92 92 61 45 22 30 79 54 81 91 60 22 79 78 76 87 7 18 85 22 37 76 30 30 28 48 31 51 19 63 94 53 32 82 12 42 72 3 51 53 29 
30 47 32 22 62 7 17 65 54 29 10 19 20 63 35 16 41 74 79 2 61 42 92 38 87 57 90 99 93 27 53 74 13 73 21 66 47 30 4 91 61 46 71 80 82 85 59 80 3 25 66 48 79 55 57 57 32 82 59 96 46 24 63 65 69 15 25 80 15 2 63 70 58 47 64 79 42 25 73 64 70 26 4 97 12 53 30 64 99 25 93 64 31 72 97 12 66 41 12 33 
69 25 76 15 52 86 4 20 36 45 51 34 37 92 68 57 91 88 27 61 57 63 21 86 10 20 60 44 47 28 79 16 88 29 30 53 71 36 86 79 53 32 43 85 15 67 12 34 53 66 28 60 88 22 46 65 61 98 42 24 31 29 9 79 78 17 63 48 3 39 42 12 27 38 99 28 90 30 14 21 56 99 79 85 6 4 16 88 42 68 60 66 85 88 68 25 81 33 20 41 
12 25 76 23 85 4 50 8 87 19 86 29 85 9 30 75 50 63 25 88 54 24 22 60 70 82 67 33 74 84 15 4 44 25 16 17 56 52 25 72 91 64 97 20 31 13 90 60 58 98 64 47 57 77 76 84 15 53 91 29 19 83 72 86 58 75 82 19 23 90 90 36 7 40 64 98 3 86 73 23 8 45 88 72 17 81 82 66 31 14 31 71 48 12 9 8 72 95 94 48 
65 92 64 13 88 46 20 80 68 12 23 80 87 18 33 92 36 50 22 59 11 53 63 77 20 28 45 2 74 33 57 45 97 87 2 80 19 64 86 36 74 96 27 97 9 76 48 10 76 51 79 76 36 27 62 56 57 68 44 67 15 96 78 85 94 92 29 45 87 91 66 37 91 91 68 11 17 43 23 72 77 59 23 87 95 8 70 78 4 15 76 26 39 65 56 68 49 2 37 2 
90 98 56 51 79 2 9 98 50 11 86 42 1 54 84 81 69 50 36 2 36 5 13 78 16 12 25 78 65 57 25 53 78 14 1 47 89 44 80 92 71 98 33 9 37 20 65 7 36 36 21 85 60 65 85 34 37 18 83 29 37 87 76 36 65 62 67 13 69 16 97 1 35 13 45 36 86 7 31 39 86 39 13 23 39 41 87 88 85 33 90 25 7 24 99 11 22 13 27 15 
29 74 80 2 77 30 98 99 21 44 5 78 94 95 8 61 30 7 10 21 52 46 10 72 81 29 2 77 36 12 75 44 27 2 14 22 61 46 97 10 42 41 2 50 65 27 96 31 26 89 48 85 12 58 17 92 6 12 59 75 87 70 27 5 32 1 67 92 8 16 23 1 79 72 30 35 9 73 23 43 50 66 29 24 55 47 72 16 69 51 70 8 34 65 39 29 86 18 87 58 
63 6 37 73 34 40 70 73 34 94 43 43 27 47 82 95 53 2 91 73 31 85 51 44 52 57 18 3 86 98 24 69 82 19 79 93 61 54 71 47 23 67 62 33 43 48 92 77 76 11 76 34 51 97 8 84 72 78 56 36 24 49 66 20 64 29 60 99 28 69 38 59 29 43 74 14 55 53 22 2 71 27 9 90 20 20 40 73 20 13 96 68 64 13 38 24 27 56 98 11 
96 43 5 73 63 4 17 76 46 97 13 69 2 45 65 63 67 99 29 4 67 48 42 68 4 9 27 66 64 33 84 41 20 6 4 69 23 45 53 60 10 99 84 53 97 54 33 25 88 23 17 81 68 56 36 64 1 33 73 44 38 70 96 27 13 14 54 53 39 42 76 92 15 70 80 48 23 43 62 59 27 38 2 94 72 66 63 56 88 73 91 79 89 34 16 33 68 58 48 18 
97 54 7 66 79 9 12 30 82 68 70 72 74 21 32 40 37 23 60 45 67 90 34 62 73 7 45 30 79 17 97 52 25 33 14 95 61 28 27 92 54 41 85 38 84 74 51 90 45 94 1 75 46 32 24 79 10 80 27 55 70 1 26 17 81 15 54 44 6 9 59 83 22 34 1 40 24 6 54 86 17 3 9 60 23 68 65 60 75 10 43 51 26 97 71 61 35 68 96 81 
74 66 24 46 75 84 76 35 86 10 67 71 81 29 81 29 7 50 76 99 80 3 78 97 89 32 85 55 89 10 65 27 10 23 53 86 47 80 60 29 71 14 63 68 19 71 12 41 1 25 24 99 93 63 89 23 49 97 68 5 86 59 89 62 96 99 55 32 38 90 34 71 42 25 67 56 12 14 67 85 16 90 15 76 97 9 61 67 68 40 30 17 10 79 13 3 76 41 71 26 
74 50 78 89 31 65 8 35 39 44 77 95 66 14 8 20 32 97 67 61 7 25 78 72 14 25 15 9 27 27 2 26 70 64 14 82 24 70 80 38 14 80 80 53 22 32 45 91 80 64 57 17 71 15 51 94 30 28 13 93 44 45 78 81 50 12 38 29 39 74 32 9 52 80 52 93 80 79 42 60 70 23 96 84 18 62 63 44 68 53 39 20 23 50 75 93 31 12 72 47 
91 56 14 36 4 57 26 38 13 34 5 82 96 46 79 57 88 60 40 58 81 53 31 91 25 8 57 68 27 14 80 8 53 72 19 38 27 87 51 95 30 75 13 22 1 57 94 70 36 64 50 98 90 33 85 73 77 11 69 69 66 49 24 69 85 12 32 63 21 65 34 50 17 88 26 34 73 65 65 30 51 88 64 58 67 58 94 49 96 82 83 39 71 78 20 74 82 68 46 6 
73 12 28 2 1 15 14 89 23 50 32 34 12 3 22 66 26 98 13 57 14 3 23 15 14 17 59 87 51 85 17 62 41 88 81 65 89 48 28 62 89 23 18 56 24 12 6 90 65 53 31 48 72 24 24 51 97 39 6 58 78 55 83 70 43 64 55 26 10 1 8 3 83 37 17 17 59 83 47 25 23 91 52 21 46 50 75 39 92 87 48 52 13 70 92 73 48 7 17 52 
2 81 72 19 47 73 38 74 10 95 72 58 77 18 11 61 85 2 36 70 13 9 75 67 84 93 99 31 69 7 27 32 83 91 21 39 87 90 90 17 87 39 87 23 35 69 12 11 26 7 8 31 2 73 64 28 51 87 17 40 6 61 45 5 43 2 75 51 86 14 77 6 5 93 68 88 11 38 9 18 65 33 6 5 70 65 11 56 78 14 22 73 82 54 81 56 23 56 78 97 
52 56 46 47 74 63 55 44 70 80 37 82 70 42 60 9 33 54 23 43 42 2 47 85 9 47 81 9 70 28 2 65 91 58 12 82 62 29 39 65 1 9 39 93 49 40 94 25 79 45 14 93 87 21 33 11 97 42 12 62 58 56 40 13 48 93 33 3 69 56 31 48 52 24 2 43 51 54 41 58 51 79 70 38 61 11 35 7 17 33 12 64 80 10 1 86 41 81 28 26 
86 6 58 59 78 99 45 94 76 50 55 60 73 50 74 19 96 81 19 16 5 4 42 77 90 61 26 16 80 82 87 25 30 76 77 79 32 35 75 40 10 36 99 48 19 36 94 29 49 76 44 88 23 81 59 20 94 59 87 93 52 97 8 67 16 69 31 79 39 30 4 52 8 18 2 88 41 54 36 77 91 41 50 88 42 67 20 74 11 99 54 70 48 92 93 95 37 79 14 52 
45 23 36 11 95 15 35 33 71 79 43 98 31 84 74 5 94 11 8 65 47 53 83 8 39 21 10 72 83 38 57 15 58 40 59 5 4 78 16 25 26 21 87 73 94 44 3 61 44 43 51 14 71 24 88 70 39 11 33 85 72 37 68 26 62 53 41 74 61 23 62 27 88 25 7 91 26 50 14 93 20 5 87 71 80 10 94 77 81 97 66 75 62 18 97 48 26 32 49 88 
90 36 76 27 62 1 24 20 61 15 83 76 12 50 64 29 56 49 93 80 60 25 21 4 8 59 17 42 3 8 70 9 70 91 91 87 55 7 10 33 24 17 77 69 61 57 64 92 74 31 63 65 88 16 83 26 51 55 58 77 30 67 40 97 12 36 2 33 4 19 35 98 34 43 53 83 52 6 90 44 25 73 99 7 43 85 56 71 15 48 54 6 69 41 8 48 58 13 51 7 
49 92 22 8 5 76 70 51 92 20 15 72 17 71 85 20 83 31 15 94 98 49 35 48 72 30 80 84 15 27 88 60 38 47 95 80 54 47 41 4 80 38 66 41 32 78 15 54 28 81 28 54 86 12 54 9 31 83 38 31 82 65 30 91 67 74 78 8 10 81 38 51 39 8 59 44 82 27 98 62 71 64 12 29 39 95 57 22 19 49 94 71 45 5 85 56 56 92 91 9 
19 36 47 7 8 84 99 11 21 4 16 93 17 72 85 37 61 28 2 81 28 65 67 27 98 36 93 28 63 50 98 99 19 75 9 14 69 39 57 1 29 23 86 46 19 69 46 96 65 77 92 54 7 4 92 81 86 64 18 95 56 30 50 74 76 33 78 51 14 60 97 19 45 58 14 27 51 31 37 83 26 41 89 54 65 7 96 62 78 6 96 88 77 72 30 72 86 2 50 12 
67 79 35 39 19 46 62 18 10 32 27 46 18 19 49 25 61 77 92 44 96 68 59 84 19 40 86 14 63 32 56 90 4 71 85 61 52 73 32 62 61 44 92 17 22 77 2 41 63 58 34 36 56 57 5 95 8 38 64 1 64 50 6 21 14 33 60 15 80 17 95 33 29 19 24 11 63 46 90 76 25 93 83 44 95 48 28 19 97 82 90 94 88 60 75 54 67 35 25 69 
92 41 44 5 85 23 68 66 58 19 26 61 41 76 68 33 58 87 44 73 31 92 95 16 74 72 61 43 99 57 76 81 14 19 67 2 17 79 60 20 8 1 74 1 77 94 25 49 14 15 21 20 99 63 69 10 14 84 70 63 29 70 20 68 14 56 11 59 34 25 28 16 47 4 54 62 10 63 67 68 70 23 40 50 75 45 41 68 65 38 32 28 75 55 72 80 38 95 17 23 
89 26 45 17 92 68 5 99 17 76 94 81 99 75 64 75 54 16 41 22 69 75 27 85 12 56 2 58 23 90 21 59 24 36 17 34 8 74 98 54 49 17 52 18 96 99 39 51 74 86 99 6 85 67 47 58 8 59 73 15 97 4 49 6 84 71 17 89 79 58 98 50 64 86 93 98 3 6 75 73 32 91 95 38 66 47 82 82 96 1 39 24 90 8 47 8 92 51 64 3 
17 42 76 31 42 79 36 96 88 18 79 52 77 18 91 96 10 70 43 65 70 98 83 22 27 61 47 66 31 48 52 29 15 81 97 74 95 18 65 1 71 44 23 37 24 83 16 46 19 88 77 23 4 47 20 95 7 78 41 27 44 36 21 9 9 4 20 70 81 99 83 68 22 76 41 96 76 17 2 81 70 37 60 78 16 87 92 80 3 49 57 10 9 38 97 23 91 2 37 10 
61 46 70 52 70 98 55 52 48 17 14 50 80 82 59 35 64 41 25 60 12 2 52 40 50 37 2 57 19 86 44 55 72 51 67 43 80 96 71 94 25 53 70 44 2 13 92 95 22 36 82 12 10 43 95 22 6 22 3 20 61 20 89 63 44 53 53 72 34 99 10 33 28 2 83 93 33 65 16 68 73 62 64 35 86 25 95 35 23 53 94 72 49 10 58 20 44 20 97 8 
22 30 99 34 88 63 30 76 96 7 85 59 7 3 84 62 46 16 17 86 14 33 40 50 78 58 84 95 80 18 49 83 28 56 4 94 3 42 88 29 53 60 13 11 1 19 59 80 37 44 78 2 22 83 90 55 87 6 88 46 36 98 34 96 39 71 58 50 39 51 65 72 50 88 28 45 53 51 89 74 4 31 62 84 24 37 32 22 9 99 51 50 22 68 45 56 98 17 8 47 
91 72 93 16 58 48 33 45 17 66 22 21 46 36 40 29 75 70 16 57 84 80 33 94 8 81 24 29 29 89 73 54 82 21 20 62 57 94 49 48 92 32 2 9 77 55 69 41 54 87 94 45 17 54 72 21 11 82 47 73 32 99 17 4 29 36 32 20 2 24 91 29 2 95 48 38 32 86 6 59 46 31 20 4 52 69 97 84 6 38 95 18 18 80 26 20 48 38 49 10 
31 76 75 18 91 42 11 65 98 15 98 64 79 82 71 76 18 37 16 77 59 80 81 44 2 22 70 66 7 76 47 39 87 71 30 66 21 37 99 59 38 15 89 36 28 51 94 25 40 4 66 60 77 35 15 84 6 18 6 47 44 30 65 9 72 59 75 33 28 99 76 94 4 56 68 75 53 37 7 64 86 61 5 58 70 55 35 63 32 53 27 92 54 95 68 65 79 34 4 11 
20 6 70 12 39 77 78 38 16 65 70 82 73 84 88 56 27 89 67 6 76 73 27 22 15 67 79 29 22 44 24 93 67 15 50 22 10 27 36 57 95 71 48 82 63 73 43 20 38 2 66 31 34 61 52 16 55 97 23 14 95 93 92 4 35 72 62 4 47 96 21 68 89 67 50 94 13 25 18 18 55 47 82 11 43 54 89 86 94 3 75 96 13 88 65 33 93 47 74 25 
89 5 82 8 82 51 44 64 94 44 23 49 82 95 74 48 50 16 1 43 48 7 46 10 69 70 5 20 53 98 14 42 84 83 54 39 93 9 54 66 57 55 87 79 93 99 73 26 71 13 73 50 1 61 98 90 38 6 3 82 85 5 84 55 91 10 90 34 48 69 10 38 92 27 79 84 10 19 78 84 27 80 35 43 18 41 19 63 3 23 48 42 45 48 84 70 56 30 36 36 
80 38 33 91 25 20 88 76 18 58 29 73 38 10 21 2 90 4 59 55 9 49 62 4 50 28 79 94 2 4 82 53 72 11 72 78 3 63 74 47 56 53 43 15 26 46 58 10 28 85 25 39 8 91 76 85 37 60 72 11 13 65 99 49 59 56 69 15 28 58 21 95 94 76 21 60 65 87 60 49 69 49 58 82 63 93 60 55 32 29 39 40 85 42 91 86 59 93 44 19 
85 86 1 17 50 2 9 66 40 49 42 43 88 39 74 71 60 62 13 61 53 94 96 4 97 92 96 71 58 97 19 22 30 32 1 95 43 3 13 14 58 98 58 82 70 90 73 89 8 33 26 6 31 64 20 84 32 4 87 63 37 54 97 60 5 2 50 79 28 15 78 3 30 45 47 1 68 26 56 23 33 75 35 2 47 92 50 55 66 59 97 81 78 43 8 61 5 89 43 61 
59 66 46 14 38 63 31 17 66 38 55 63 92 25 76 69 29 72 13 63 52 40 49 89 3 5 32 5 87 55 74 81 72 95 52 6 92 43 5 75 44 30 36 7 88 2 15 25 50 19 72 74 19 54 6 10 48 97 75 1 54 49 6 33 20 26 83 4 89 58 63 25 73 90 60 23 45 81 55 39 41 2 93 26 63 39 82 54 79 93 96 6 17 80 72 75 71 28 10 76 
35 49 43 31 56 93 70 28 16 9 60 89 94 98 30 30 92 38 15 33 31 71 70 53 50 14 72 17 14 51 20 20 2 38 28 27 17 2 34 74 82 39 97 69 41 15 94 89 55 68 25 80 9 5 7 60 6 3 78 17 70 10 99 8 46 45 50 61 99 95 29 77 14 22 58 25 94 53 76 42 68 87 45 39 80 94 45 95 97 17 79 62 7 62 67 60 14 13 53 79 
55 28 73 74 50 40 42 8 98 88 33 87 88 80 11 73 13 77 43 75 61 91 98 57 30 83 46 30 15 70 56 62 11 17 4 69 18 42 61 20 36 14 7 34 67 55 16 84 15 36 68 93 83 82 45 37 80 69 29 40 13 24 3 81 90 25 53 89 25 3 65 47 28 39 29 86 15 67 34 91 2 72 71 97 5 91 36 92 44 13 21 15 39 74 23 55 14 69 40 56 
