100 60
33 25 13 71 37 81 49 4 26 38 60 22 88 63 83 31 99 10 70 99 73 76 40 16 25 59 38 48 21 10 92 98 39 93 69 56 23 40 31 59 39 9 87 47 35 34 59 19 91 90 27 86 79 46 94 35 22 15 39 76 41 20 70 6 22 45 87 59 67 90 32 68 49 33 49 17 70 78 40 97 21 22 18 69 30 96 67 11 24 41 98 76 84 45 3 59 4 12 12 37 
52 55 43 47 80 88 71 10 58 73 7 72 67 11 23 67 17 35 61 51 25 97 10 89 97 45 87 32 11 3 24 98 90 53 38 58 96 22 25 10 5 55 32 66 80 1 45 33 70 91 63 90 77 27 86 74 40 49 92 59 22 33 22 36 83 59 53 96 71 99 92 14 92 97 48 22 2 50 13 99 78 86 48 49 11 54 64 80 73 94 99 89 15 27 2 41 30 33 14 48 
38 66 83 65 22 87 62 80 84 31 52 58 40 22 67 31 32 58 56 60 40 11 10 32 89 35 63 70 55 77 8 44 69 76 91 66 25 74 29 8 84 20 9 99 86 79 95 40 50 34 39 1 81 96 79 33 81 11 53 74 51 59 3 54 96 69 76 3 39 23 41 52 16 56 84 46 90 73 23 47 58 45 6 39 52 21 25 38 48 33 18 93 73 4 77 1 9 48 53 99 
52 83 88 49 78 7 63 57 27 1 90 19 36 93 68 58 98 68 68 20 96 87 65 97 31 32 69 64 52 25 54 4 92 70 94 44 99 77 91 85 62 95 7 35 47 47 92 36 26 53 25 98 10 70 31 31 77 19 25 74 9 16 36 29 17 4 42 88 76 84 97 70 55 50 68 47 49 13 61 78 9 35 54 41 73 66 31 61 2 67 9 44 3 45 69 8 67 86 95 12 
78 72 62 8 78 69 72 89 30 26 57 82 1 95 43 74 39 93 18 45 36 50 88 17 78 68 36 14 5 82 71 16 62 9 91 17 63 8 38 80 43 35 51 97 11 4 27 39 12 34 73 15 80 13 66 30 98 53 6 39 50 43 71 7 75 8 81 57 32 63 47 38 48 74 28 69 80 9 88 6 66 95 57 88 86 78 78 6 17 76 72 44 83 36 88 48 24 87 65 76 
78 1 6 86 37 56 90 25 52 75 42 90 68 68 55 19 54 44 36 91 71 98 79 10 69 86 53 81 53 11 76 98 76 1 2 20 15 90 1 54 52 7 38 38 55 43 57 19 64 44 60 37 66 90 92 4 79 74 16 87 36 81 99 90 58 75 94 32 47 78 18 30 57 50 33 82 79 69 30 46 26 19 12 22 7 60 66 31 13 23 58 2 98 77 1 47 59 23 44 46 
23 42 7 69 83 57 2 11 34 49 14 77 81 60 42 3 22 40 33 30 50 51 84 15 68 73 49 40 86 14 49 12 33 8 72 73 62 31 86 8 54 2 39 46 27 88 70 71 43 18 13 27 9 75 2 21 88 18 82 35 9 78 11 28 59 68 65 42 6 89 51 13 95 35 5 70 57 99 3 50 17 84 69 95 95 4 76 65 20 87 55 42 28 95 4 35 76 15 86 88 
13 91 28 38 41 78 11 72 11 64 28 27 99 40 81 94 43 30 1 11 72 19 73 93 39 87 76 68 53 40 9 4 9 40 20 38 20 37 42 16 47 1 25 15 33 51 62 80 31 89 23 53 37 31 87 4 21 34 74 63 57 34 72 51 58 70 73 14 4 24 3 47 69 43 49 33 66 75 97 70 62 2 60 5 21 66 8 60 29 7 99 70 26 86 18 13 41 25 94 33 
2 25 35 18 39 36 65 65 50 48 42 1 71 98 87 10 45 85 54 15 76 21 88 30 91 85 84 21 90 91 40 58 9 32 14 72 66 41 79 15 30 49 84 9 68 39 5 10 4 2 4 59 75 92 82 42 90 90 43 42 83 50 40 99 67 58 39 66 97 95 70 60 23 84 89 26 42 54 29 88 61 90 59 10 51 92 38 42 1 33 75 89 75 12 81 62 73 11 29 31 
78 99 22 11 73 48 27 90 68 43 81 48 29 89 21 72 57 84 58 40 71 2 62 89 86 68 41 10 98 50 24 14 65 31 38 26 82 95 97 61 72 9 78 5 61 96 1 93 59 30 11 3 46 4 64 19 46 20 5 27 18 65 45 89 25 97 50 27 27 24 17 3 56 80 57 98 96 17 76 2 71 77 56 81 18 79 38 74 72 95 98 62 52 38 38 55 32 35 55 73 
12 73 70 18 1 66 59 32 58 24 72 34 59 38 84 97 54 69 50 20 77 49 12 20 57 90 7 54 16 90 71 17 79 43 48 45 84 34 93 33 83 60 81 27 49 26 12 40 84 52 15 57 24 87 59 38 46 6 57 26 75 20 72 52 88 83 22 44 22 99 88 32 78 25 21 52 33 77 45 56 37 45 69 17 30 85 85 31 37 38 82 31 85 27 49 86 2 71 79 14 
77 54 92 17 64 60 73 11 58 73 87 85 50 3 81 16 22 97 6 80 78 71 51 89 78 40 76 18 64 46 42 37 96 95 40 45 80 87 24 97 2 44 42 42 56 42 70 44 79 46 38 23 79 37 65 80 69 46 89 33 95 83 1 44 71 70 68 52 9 73 75 6 44 30 50 91 78 84 95 68 2 17 22 96 26 75 76 68 17 7 77 43 26 88 41 74 20 58 18 43 
49 35 64 88 10 45 81 35 22 15 38 32 74 57 43 63 12 67 42 24 90 79 65 76 35 22 94 4 92 72 10 69 93 18 52 71 4 9 77 99 80 13 12 91 35 76 10 89 79 75 9 94 88 75 86 25 58 87 17 72 55 23 27 57 78 49 50 83 14 48 87 99 89 71 60 49 33 94 66 31 28 78 39 54 70 20 99 93 22 12 17 48 71 95 62 94 87 24 64 45 
87 57 29 53 51 2 69 50 89 18 93 52 11 60 63 23 99 93 8 73 2 73 7 51 3 32 71 15 9 52 25 18 29 53 84 92 58 73 40 26 54 46 40 46 24 87 67 98 99 71 27 33 26 15 20 80 33 57 29 34 27 44 2 34 65 6 27 47 38 38 17 45 53 86 93 91 13 26 62 18 99 42 1 7 53 10 31 76 53 81 12 54 2 60 11 66 6 87 90 14 
7 90 4 21 6 70 67 18 78 94 96 40 86 79 70 91 78 94 11 33 98 69 85 87 94 97 21 48 20 46 3 82 43 61 82 39 52 70 88 54 64 94 26 59 28 51 86 82 30 59 56 63 3 50 17 49 33 68 57 8 61 81 76 35 95 84 89 53 13 10 37 25 67 26 87 57 95 52 49 6 23 58 66 82 71 76 38 63 63 2 15 92 30 3 9 87 17 25 98 50 
71 88 79 37 88 36 81 16 14 58 86 19 49 63 39 48 44 25 99 83 22 15 67 19 19 33 17 94 7 39 29 23 30 83 19 26 35 41 70 61 2 38 67 58 72 86 23 45 88 15 10 81 17 97 96 90 81 89 73 91 97 54 86 25 1 96 69 92 78 93 72 81 2 27 93 98 56 12 13 1 72 30 22 28 59 61 52 32 33 14 14 10 49 54 17 33 36 42 13 79 
83 87 2 15 27 77 90 77 17 25 89 7 73 6 89 84 47 22 36 1 71 63 93 9 25 63 90 86 81 54 84 84 67 25 15 92 24 74 58 85 54 71 86 86 87 9 24 23 30 57 98 77 23 29 4 49 2 25 54 10 46 97 37 56 42 6 73 69 35 67 73 71 87 20 90 80 33 76 79 66 37 78 52 7 48 55 34 47 57 79 21 50 52 23 32 60 75 12 71 53 
98 11 37 64 59 34 95 19 9 13 17 39 90 74 44 43 92 1 6 93 29 5 97 77 22 19 63 88 82 68 75 8 89 58 18 83 77 53 66 15 8 55 68 31 61 90 29 73 10 87 84 77 3 60 91 54 47 83 4 68 89 84 55 23 94 14 38 41 30 34 88 43 45 94 65 31 53 22 33 69 14 88 38 66 10 7 97 55 33 2 75 73 66 95 64 47 60 87 69 71 
42 37 85 1 14 4 97 67 49 69 31 27 61 92 44 45 84 97 26 6 85 79 98 15 68 10 24 10 82 41 14 62 25 17 31 89 51 76 97 54 78 59 3 73 92 13 6 28 55 2 46 63 10 6 47 2 84 36 23 41 5 34 82 68 94 81 42 61 83 6 24 97 17 84 68 59 54 54 35 37 83 16 14 43 23 39 30 10 29 73 46 99 1 48 75 14 89 82 81 92 
33 83 7 20 35 7 46 3 82 52 35 17 5 21 99 44 57 33 5 53 48 63 88 31 77 68 93 12 62 20 95 11 72 33 39 56 56 5 62 16 78 35 36 34 45 68 87 59 40 16 36 76 52 92 26 37 10 47 51 94 9 91 93 29 47 36 49 84 54 15 62 97 21 23 55 26 34 42 61 86 6 77 54 79 4 85 79 25 85 7 87 90 26 93 62 23 51 46 54 83 
89 50 93 45 22 67 87 66 13 71 87 11 87 73 49 46 98 87 37 73 82 89 72 82 15 71 99 7 68 96 35 80 67 60 25 94 46 40 4 55 3 56 47 36 56 28 33 38 4 26 93 44 76 34 70 75 94 99 77 47 26 94 49 26 38 69 3 85 61 11 91 62 36 95 62 15 78 48 11 73 29 98 38 4 14 36 7 59 96 65 99 37 40 67 71 36 58 47 9 12 
70 83 4 50 28 30 90 4 37 12 10 31 38 23 8 66 8 76 61 99 40 89 55 66 31 59 63 24 55 47 34 32 52 60 66 40 2 32 92 60 10 3 63 57 89 1 23 21 40 27 95 54 29 32 62 50 72 97 47 78 21 22 93 59 33 95 50 51 64 88 46 27 42 26 79 60 52 71 91 2 16 10 56 65 73 28 51 5 66 92 47 97 14 37 87 25 99 37 65 56 
58 10 86 46 75 95 70 26 71 93 54 4 13 70 95 83 54 90 94 71 40 29 94 83 15 70 91 50 28 18 38 25 39 2 53 89 24 81 25 61 84 56 17 94 51 67 78 95 90 8 44 21 12 26 49 85 70 32 25 73 80 7 15 37 14 4 74 10 12 61 79 9 87 2 34 41 36 44 73 12 36 6 73 29 59 11 54 8 77 96 87 83 65 18 5 10 10 56 98 71 
16 37 55 82 28 20 60 12 45 77 83 75 56 17 26 13 77 47 80 83 88 8 68 92 61 2 71 23 91 27 56 67 29 5 16 62 13 16 90 14 97 27 7 32 86 24 4 63 63 46 68 19 25 11 63 8 8 50 60 67 26 40 68 95 95 33 71 80 69 85 51 33 71 96 26 19 20 29 75 85 66 51 79 99 21 59 41 74 90 14 22 1 3 71 76 79 42 12 75 53 
96 75 60 14 39 54 53 32 86 1 86 42 34 36 62 83 30 85 60 79 25 31 95 86 38 70 76 56 5 73 57 88 36 34 95 90 78 34 13 30 63 92 42 92 68 26 93 38 72 3 3 58 10 1 93 30 30 60 30 75 51 47 73 12 18 99 39 18 56 93 54 78 31 94 11 50 2 11 24 14 79 56 88 28 79 4 33 90 84 38 80 92 94 19 98 72 85 30 59 75 
43 86 18 4 50 66 79 78 98 88 92 56 55 75 1 5 39 60 46 95 7 69 44 83 30 8 69 87 79 31 36 74 8 35 74 39 23 34 21 84 80 42 92 5 54 53 67 65 25 23 73 84 59 53 61 15 90 67 89 23 98 96 9 74 94 59 35 10 99 42 38 31 27 80 20 79 61 42 95 19 45 6 77 15 53 44 51 16 79 5 61 39 14 91 91 46 28 45 45 26 
78 65 74 43 49 63 40 88 25 7 17 10 77 77 26 67 55 15 64 33 82 26 12 1 67 92 33 91 11 75 89 57 9 23 40 90 61 71 51 31 78 61 3 65 84 34 92 42 27 43 43 73 81 60 9 40 58 78 81 1 7 24 96 97 25 55 41 61 63 75 57 17 33 36 48 92 10 42 88 24 40 61 27 61 52 27 94 73 55 48 8 58 51 11 77 46 38 89 18 4 
28 47 35 31 89 82 51 61 77 58 27 90 89 21 51 15 85 25 84 4 13 58 97 26 45 80 96 83 7 47 59 44 9 43 61 72 77 19 13 57 86 13 84 48 88 89 42 81 45 70 78 19 61 59 40 69 11 81 64 28 73 10 6 4 65 95 71 50 64 5 47 99 50 42 35 92 28 91 79 9 63 36 1 97 16 99 26 12 63 73 21 37 39 44 19 24 62 33 54 19 
5 9 1 40 21 77 7 51 27 90 78 72 50 45 35 94 13 67 71 62 97 62 17 33 94 73 90 27 65 41 57 91 94 55 84 49 46 13 99 59 22 73 44 72 18 18 30 88 77 3 96 8 51 16 69 95 49 32 11 30 4 75 80 62 16 65 90 74 23 82 63 32 44 19 83 44 45 36 59 16 89 24 73 6 96 50 45 84 97 25 83 88 91 51 42 76 3 82 76 85 
48 33 18 25 72 18 53 47 77 81 66 8 52 6 61 2 84 98 29 95 42 79 29 7 47 60 72 87 65 25 98 99 83 13 61 4 90 98 5 35 59 73 52 85 31 27 79 87 87 28 99 92 45 7 47 54 24 35 53 8 37 8 31 52 69 23 56 31 56 65 48 16 70 87 49 85 98 88 10 5 22 98 66 12 2 57 24 94 59 94 38 74 53 18 93 84 65 85 89 54 
30 17 60 38 20 93 24 43 64 86 30 9 39 39 69 13 2 40 68 82 2 33 97 4 81 21 76 23 85 70 75 56 67 23 31 93 93 96 44 9 51 94 87 60 55 9 19 2 51 31 77 88 27 54 95 80 12 83 6 49 90 35 45 86 4 52 59 10 57 2 14 67 26 89 96 44 61 58 26 70 1 1 55 25 67 59 81 44 80 40 49 27 62 11 58 40 41 16 69 26 
96 30 72 44 82 29 89 12 49 11 14 84 79 17 53 28 65 22 96 58 49 66 44 75 48 89 38 88 87 59 95 56 34 2 39 8 23 35 26 81 93 1 84 54 16 92 37 70 28 89 40 76 60 87 10 49 73 28 56 30 82 33 13 52 96 33 66 77 43 1 92 22 1 80 83 89 33 20 81 7 17 2 8 46 77 76 95 65 14 89 20 33 34 17 30 63 88 91 82 44 
2 55 68 40 37 12 82 98 56 14 43 11 66 95 52 91 51 65 12 7 20 63 80 33 68 15 29 11 35 89 2 2 55 55 64 45 18 37 67 13 22 69 99 69 35 57 43 23 43 29 32 85 17 92 7 27 57 94 72 32 60 72 51 57 67 15 45 87 25 16 84 88 39 31 89 68 33 32 26 30 4 68 59 31 74 18 12 35 56 45 21 71 1 59 90 91 56 67 55 25 
7 1 78 42 48 99 57 84 97 94 74 84 42 23 25 29 27 91 6 67 46 61 99 91 18 27 57 18 69 97 76 70 16 79 84 58 43 57 20 60 85 74 13 6 15 15 67 53 13 82 40 74 56 87 26 34 2 20 33 72 58 39 71 83 77 48 28 3 31 78 51 78 88 71 32 64 6 59 83 90 99 44 24 52 34 81 56 86 97 61 51 56 87 88 27 29 89 65 32 60 
79 43 7 34 30 57 4 46 26 32 31 20 84 66 99 61 39 20 43 83 49 15 24 18 4 44 36 21 31 76 16 76 3 64 49 7 41 50 70 75 24 69 76 93 92 63 30 29 55 75 63 9 98 68 89 29 86 22 5 56 74 45 96 41 9 78 50 18 38 1 51 12 15 39 97 49 7 68 2 60 99 24 98 85 3 6 50 84 57 81 55 37 45 98 51 57 87 86 23 91 
46 20 90 50 3 2 24 77 13 88 6 12 28 82 19 20 95 77 53 29 85 86 43 47 25 74 94 5 31 92 15 78 38 2 50 26 33 13 9 16 80 12 98 60 63 93 56 44 6 92 77 58 6 14 48 30 72 63 78 55 50 82 32 26 51 75 55 66 91 44 14 63 18 16 17 93 38 76 56 59 56 2 31 17 2 87 81 12 59 83 22 4 4 21 68 3 26 45 73 1 
5 33 2 78 94 26 11 98 74 83 58 35 85 30 89 88 37 37 95 40 67 80 74 99 99 95 87 69 96 37 12 93 15 30 1 16 65 28 37 40 68 70 89 81 8 40 72 27 89 15 96 87 95 28 32 55 43 22 56 64 39 9 17 39 36 18 87 59 89 63 20 8 13 91 4 34 35 39 20 5 56 93 3 63 5 45 87 85 90 42 73 35 65 53 78 22 76 18 94 54 
16 57 38 88 64 58 95 98 82 20 62 27 85 3 20 81 40 4 94 47 54 43 44 72 52 41 30 44 59 1 10 75 78 86 8 83 79 13 4 68 72 15 11 99 93 39 58 94 84 20 70 98 74 60 51 70 60 16 61 58 88 75 5 83 39 39 5 23 99 5 87 88 56 44 65 10 66 88 13 14 44 7 54 8 42 88 40 56 29 24 29 71 74 85 71 83 31 12 89 30 
45 85 32 5 5 1 19 30 38 36 48 1 81 86 45 97 52 41 67 96 50 90 12 78 70 31 21 31 5 71 89 60 51 38 68 91 17 84 74 81 28 94 93 20 34 90 90 35 14 37 10 5 81 49 87 60 95 99 54 91 60 24 42 54 37 24 91 74 48 77 57 60 81 46 14 1 98 76 62 76 44 10 39 65 44 86 15 50 20 56 11 21 90 77 96 83 80 31 2 67 
42 76 64 90 67 76 11 25 1 85 66 80 72 60 58 81 13 24 77 35 81 4 10 68 99 56 69 52 80 1 28 38 63 53 48 86 41 52 12 98 91 94 52 49 14 65 88 17 53 68 52 14 36 57 22 18 99 68 53 6 25 51 8 82 66 98 90 13 83 80 74 52 71 70 35 79 93 83 81 25 14 2 88 7 24 8 24 55 77 18 85 53 23 10 28 58 29 55 95 38 
65 9 93 46 65 89 6 63 99 4 78 53 79 15 50 66 12 28 82 81 53 54 19 54 68 61 33 79 84 35 94 44 50 27 20 84 86 22 27 43 50 84 96 23 84 22 25 47 78 34 81 11 21 76 64 40 57 12 58 51 48 69 85 97 22 97 71 38 36 23 91 82 25 7 32 54 66 98 48 45 30 95 16 71 38 95 89 28 17 57 60 49 59 53 10 61 77 27 68 39 
75 61 58 80 1 11 53 99 97 94 29 37 12 33 22 17 66 78 83 87 34 93 57 1 26 35 66 88 70 36 86 51 91 84 39 36 95 4 58 16 48 39 85 74 55 33 41 85 49 9 11 94 64 54 24 97 22 97 38 29 9 94 16 34 60 6 12 58 43 78 47 22 32 28 97 8 94 22 67 35 72 55 79 47 59 38 47 90 87 72 63 93 4 35 76 52 55 60 75 8 
20 2 61 90 92 13 31 92 46 36 45 96 65 45 78 50 94 65 76 14 56 87 61 56 47 67 34 71 51 35 84 76 39 97 96 25 83 53 52 6 56 87 42 56 41 88 69 63 36 46 55 74 62 62 45 97 68 56 18 14 38 71 87 80 93 80 15 38 8 92 8 14 5 57 33 33 66 75 18 22 44 1 60 15 58 48 32 60 9 1 87 25 79 15 66 7 46 26 4 32 
30 17 42 8 36 33 55 53 6 38 89 97 77 46 7 88 17 48 11 16 49 40 80 39 91 53 2 21 81 87 2 54 14 41 71 99 65 43 6 14 29 82 32 77 46 43 37 32 36 31 5 9 29 8 44 57 94 22 21 81 77 40 87 68 23 76 17 18 12 26 32 77 92 94 38 71 10 33 52 31 38 62 37 28 9 13 30 6 48 48 74 9 3 99 54 14 71 1 21 65 
20 85 37 64 19 81 75 1 44 78 81 7 13 18 37 37 86 6 47 44 27 80 91 34 49 56 87 23 81 89 39 94 20 30 97 55 84 79 16 89 78 45 8 18 36 98 98 51 91 31 89 50 23 10 5 77 17 33 53 57 20 88 86 29 99 9 49 7 94 26 40 31 74 31 64 30 98 27 96 73 66 87 28 26 78 10 29 9 88 77 5 53 64 8 48 55 41 16 1 36 
33 71 24 11 71 76 37 50 74 33 92 62 98 29 21 60 15 96 53 44 90 2 12 85 69 17 86 7 57 9 17 63 98 16 72 24 59 33 35 52 8 89 81 87 98 30 62 29 48 1 84 13 24 24 90 94 16 84 44 32 29 9 6 65 53 46 20 98 53 50 90 80 45 61 66 87 80 84 21 1 26 75 33 92 42 17 69 5 71 4 64 30 13 23 4 92 6 34 3 33 
27 2 28 16 41 74 28 23 93 54 3 49 83 18 63 51 84 79 49 31 53 4 37 39 37 7 45 84 75 63 39 38 14 17 40 37 3 79 33 97 8 44 65 14 14 85 60 71 34 72 23 45 15 67 42 14 38 38 97 60 36 61 70 80 89 29 45 91 38 55 18 31 85 83 2 71 5 90 33 22 48 93 77 36 49 58 39 16 29 1 61 22 8 1 39 74 5 99 18 66 
77 34 75 92 49 56 84 55 99 66 93 10 20 65 4 23 80 63 67 75 70 1 15 4 20 86 88 22 41 27 73 59 51 55 29 89 8 68 18 59 39 48 43 26 76 6 70 80 82 1 68 87 86 79 34 9 13 5 27 39 13 86 97 35 94 13 22 51 58 81 30 62 24 33 39 4 63 77 83 97 31 31 48 84 97 45 95 57 78 34 2 88 66 12 83 65 61 21 33 19 
78 1 83 22 50 73 4 29 60 49 58 26 63 79 14 16 30 35 80 1 1 61 72 32 50 32 58 72 33 10 23 48 48 99 17 6 92 7 21 72 15 89 94 5 77 21 37 53 6 41 43 13 50 13 56 80 40 82 28 12 38 31 75 78 99 32 32 23 29 11 8 14 32 95 47 6 77 79 80 91 49 70 83 61 4 52 33 55 26 40 62 26 88 34 20 88 2 78 22 78 
17 45 44 62 43 79 1 20 97 8 11 74 86 56 1 62 98 39 17 99 85 45 13 64 46 14 25 79 3 20 58 90 86 52 66 51 18 96 32 1 87 17 47 48 35 38 96 50 36 21 39 96 77 52 87 88 41 19 88 22 85 92 7 63 29 11 7 40 25 57 31 15 49 44 81 67 78 91 4 79 71 10 66 12 50 82 41 88 82 45 86 78 63 67 28 70 92 32 38 65 
82 95 22 24 83 27 82 39 4 61 78 22 70 44 76 17 21 73 63 77 12 8 44 65 27 67 54 62 79 43 62 71 20 4 79 27 44 98 61 97 97 69 19 95 81 50 22 81 60 79 5 70 66 1 75 38 8 73 19 29 75 77 5 60 45 19 95 28 87 37 48 16 75 11 23 98 84 62 89 50 5 67 36 49 46 59 69 84 42 37 27 64 57 66 77 17 94 92 34 5 
94 71 4 10 96 16 10 80 15 45 31 96 55 96 38 45 84 67 81 38 66 40 20 42 90 22 53 10 99 70 54 12 28 27 99 67 28 47 99 77 3 33 33 51 36 62 73 44 25 22 23 83 12 38 46 2 15 10 97 68 56 34 52 21 98 44 41 94 73 38 79 56 12 9 97 33 77 74 74 45 97 15 68 37 91 97 44 7 6 12 12 42 43 96 50 45 95 77 44 69 
76 41 93 17 19 80 87 36 50 57 2 84 81 64 20 57 40 87 23 67 21 59 38 7 50 17 1 97 35 56 6 49 24 92 69 20 60 11 77 63 41 28 50 94 72 44 93 41 23 1 56 97 86 38 85 87 30 51 85 15 56 43 73 24 58 84 30 50 74 68 65 83 47 69 67 19 74 92 61 16 72 39 65 52 27 55 47 82 51 90 80 93 42 59 1 60 37 86 59 3 
90 7 4 85 63 7 98 85 63 65 12 61 62 90 39 76 1 46 40 93 77 37 23 52 29 85 22 54 10 18 81 43 74 40 36 85 56 24 91 53 55 86 7 2 10 68 74 55 85 20 4 84 55 81 98 91 76 59 43 88 76 16 76 77 33 42 83 36 52 45 66 95 55 25 32 23 54 60 70 1 39 86 38 12 52 76 38 18 76 25 99 39 10 27 63 41 52 59 57 9 
28 12 23 43 11 24 20 73 66 28 58 67 5 56 33 86 10 28 69 83 47 55 22 10 65 53 87 16 7 40 7 67 14 47 71 40 31 28 33 36 15 56 6 82 40 41 73 42 4 27 99 21 34 2 28 67 93 6 91 85 88 34 21 39 72 44 46 58 54 63 6 42 5 93 53 71 61 18 61 9 34 7 30 10 14 24 93 26 76 37 22 11 92 15 33 28 29 41 96 60 
84 76 81 53 36 52 58 74 7 1 8 48 1 57 18 13 91 94 5 59 51 54 52 63 81 79 39 16 46 44 72 58 99 85 15 8 25 35 21 92 55 51 64 81 13 46 73 16 37 22 57 40 17 1 39 35 20 52 91 46 26 31 59 17 57 4 1 19 12 79 9 84 89 45 50 37 30 92 93 21 39 54 40 35 20 28 54 63 8 15 99 6 1 48 63 11 85 22 93 2 
38 99 81 58 68 10 13 66 4 64 92 48 28 19 54 25 62 22 98 82 26 65 49 36 86 47 7 77 18 21 11 37 60 55 88 38 71 92 17 52 85 99 76 57 68 29 9 94 74 71 71 21 4 16 93 68 56 3 35 99 88 80 40 64 72 64 94 55 47 87 82 63 80 64 40 38 18 41 18 37 48 52 29 87 52 82 10 42 62 16 77 33 17 96 83 29 20 81 70 92 
69 13 67 10 14 34 77 49 67 96 48 26 39 2 87 5 31 99 36 92 19 70 48 16 32 9 75 5 35 1 42 73 12 8 33 1 41 48 69 13 82 75 93 63 57 63 50 16 27 85 64 22 77 94 27 9 98 7 71 51 64 82 60 63 18 5 61 71 50 65 33 98 80 40 2 46 40 74 47 75 49 65 80 86 6 39 26 3 58 33 4 48 92 81 11 33 12 89 2 32 
74 81 86 12 52 39 21 15 28 50 72 73 96 87 77 35 15 73 37 47 4 82 20 66 55 53 69 61 42 88 13 24 21 68 60 69 36 50 22 50 33 76 2 54 58 84 15 16 67 9 86 22 33 88 62 16 49 74 11 7 38 35 34 74 57 59 70 71 3 71 4 39 19 26 64 3 5 23 43 86 17 12 91 15 77 93 30 19 81 33 54 47 3 60 41 65 97 80 55 68 
71 38 45 17 19 96 80 53 58 74 3 35 94 86 77 94 34 92 81 75 9 24 35 57 11 19 36 92 25 50 88 34 57 61 33 70 68 91 81 53 2 13 44 29 18 56 64 74 27 48 49 21 14 36 98 90 75 24 37 28 50 3 49 28 49 80 4 69 83 15 91 46 4 42 52 95 25 11 9 35 57 14 94 87 43 14 90 19 82 83 51 62 67 29 36 55 12 25 47 68 
