100 40
19 65 63 77 70 18 78 23 16 55 70 72 60 91 97 64 63 42 69 42 35 22 46 46 36 51 41 20 79 48 17 12 31 35 88 65 7 35 25 32 74 71 44 61 52 71 15 4 13 61 61 15 77 71 54 47 21 32 20 59 69 75 34 8 97 35 26 53 37 47 73 56 66 47 9 79 19 75 14 87 76 70 23 46 74 75 23 23 99 32 49 86 90 85 92 8 37 82 92 59 
85 96 67 70 75 24 81 74 9 65 80 8 58 26 90 3 53 19 94 2 80 65 35 54 86 91 10 18 73 37 77 58 3 43 51 47 92 63 5 66 21 57 68 5 20 92 30 58 83 43 36 32 61 94 90 36 60 36 55 92 47 67 48 28 45 93 49 78 35 32 91 86 56 2 68 5 6 35 31 90 37 68 87 12 64 49 6 42 56 29 8 65 42 70 77 70 8 42 53 56 
9 77 9 19 42 97 62 49 89 32 31 56 98 91 30 96 5 29 64 69 32 36 29 8 95 40 8 86 97 13 72 20 32 61 85 60 77 32 97 99 6 13 48 68 76 29 66 37 36 43 69 14 25 60 64 47 67 22 48 24 79 11 6 70 65 46 10 51 20 88 26 71 25 37 4 73 53 29 87 40 64 42 5 92 10 90 77 92 27 31 12 38 44 57 8 67 79 2 50 60 
82 13 62 74 41 34 71 4 46 30 93 95 69 3 49 74 27 47 3 60 81 56 64 69 42 19 88 10 59 17 76 87 32 29 73 5 4 28 70 56 63 82 5 34 45 58 56 25 28 14 54 11 36 4 69 70 41 77 21 74 57 82 70 91 45 57 26 86 11 39 42 17 6 58 18 36 26 43 96 94 14 15 69 36 57 89 69 1 86 81 76 24 82 97 18 37 65 41 64 64 
38 38 58 34 29 93 75 86 28 68 83 47 79 56 64 22 57 31 28 98 58 41 13 39 9 12 81 81 58 45 23 41 86 20 55 10 98 90 21 57 25 89 88 26 24 25 54 39 79 81 42 94 3 20 1 67 31 79 6 7 29 73 60 43 86 93 91 79 22 7 57 96 78 58 37 53 26 67 42 81 61 33 6 92 10 28 90 74 19 3 84 90 66 85 3 80 56 77 86 61 
86 39 28 45 34 76 42 32 98 42 1 9 44 53 61 57 68 8 10 42 1 88 70 13 5 59 94 98 75 68 71 16 41 45 19 59 62 3 90 8 33 37 71 26 81 28 79 57 65 36 65 31 78 5 15 56 45 62 42 27 23 19 96 20 4 67 62 94 12 81 54 92 2 22 18 38 63 29 36 40 19 26 22 87 24 21 20 55 64 2 12 97 63 43 8 54 71 98 53 46 
72 4 59 65 66 4 7 85 33 31 61 28 82 54 88 93 87 56 20 96 83 33 47 65 71 95 29 43 18 68 87 86 51 90 9 66 63 15 43 68 14 9 4 89 21 52 70 44 72 41 84 59 17 83 52 76 67 4 45 50 1 39 96 49 60 39 6 58 51 71 35 74 41 15 12 9 66 61 25 86 24 21 32 47 74 13 49 46 45 74 61 49 26 55 14 38 69 18 20 10 
37 26 98 90 80 96 60 54 26 24 63 19 55 89 73 24 71 41 77 81 93 2 82 70 65 61 15 43 49 80 23 21 27 91 75 94 3 96 58 26 98 67 81 49 59 45 73 65 48 45 83 47 50 49 81 39 68 10 55 53 30 52 18 74 77 69 96 57 78 27 44 26 19 57 31 74 3 68 47 68 58 33 7 43 32 97 40 5 90 78 98 30 22 61 57 63 34 4 7 23 
61 45 48 82 45 72 32 91 24 87 44 50 90 78 5 48 40 83 33 24 68 93 51 69 73 50 83 27 54 48 54 91 13 31 91 8 51 96 23 74 73 92 78 40 85 19 89 6 94 27 89 23 10 20 13 95 41 52 94 79 99 30 74 81 1 11 90 59 58 4 84 23 89 69 97 35 12 22 75 8 45 23 61 7 12 88 5 47 34 85 52 96 36 34 55 76 44 3 66 55 
52 86 80 18 33 36 31 2 86 36 44 65 19 61 51 88 40 44 93 6 69 73 19 12 34 97 83 58 67 21 51 54 14 9 92 66 23 79 86 20 53 15 22 97 69 49 91 41 47 78 1 47 67 54 57 73 19 87 81 33 99 45 98 98 15 53 42 98 76 96 55 22 6 15 87 14 32 8 94 76 90 33 43 70 25 5 6 16 88 95 63 88 41 37 4 23 48 16 25 11 
19 34 2 97 79 30 16 40 15 32 40 31 30 96 24 48 70 74 56 59 18 99 64 21 94 98 15 77 61 86 15 63 21 67 8 3 10 34 78 7 8 67 49 78 32 39 82 7 40 10 78 72 26 29 79 44 26 33 62 79 13 51 46 24 99 98 89 16 38 80 87 78 20 92 75 26 74 18 29 62 70 28 61 78 17 86 24 56 60 42 11 65 87 36 51 66 24 95 15 7 
78 54 31 89 68 95 56 97 56 20 24 74 3 58 18 46 68 85 20 87 4 23 6 17 59 37 45 96 78 39 6 37 99 84 50 92 58 77 33 62 83 63 9 90 99 36 25 69 29 33 25 34 86 38 45 64 82 79 21 87 24 30 81 74 12 11 50 43 44 85 47 54 13 64 86 17 5 2 80 82 4 98 32 50 86 1 44 63 29 98 12 10 98 30 27 24 59 76 75 86 
72 18 85 72 22 15 9 37 68 13 93 68 12 49 54 91 28 89 81 61 72 24 41 57 74 72 76 83 40 77 9 75 53 11 34 91 73 71 24 18 37 81 31 66 58 93 78 76 24 84 70 15 3 58 86 72 36 45 82 68 43 3 90 48 20 14 20 83 38 88 55 73 47 64 60 42 72 5 72 41 17 98 7 50 56 63 57 72 49 42 89 39 25 3 51 10 91 43 61 66 
65 27 51 13 38 35 9 56 41 53 46 58 16 10 66 88 83 67 60 51 50 22 99 81 3 98 38 48 14 59 13 54 36 96 45 33 7 37 36 52 44 38 73 13 50 93 24 46 11 26 40 20 94 92 56 31 50 84 87 12 12 24 36 27 95 66 83 72 1 1 94 79 8 48 19 9 83 63 86 58 74 31 11 54 11 73 89 58 6 42 3 65 54 22 11 1 37 32 60 26 
85 24 62 66 84 8 41 79 85 84 52 20 76 88 14 27 56 17 56 6 39 29 26 24 51 51 82 14 36 73 1 71 50 47 67 57 61 90 85 94 56 85 71 73 31 77 54 45 99 74 79 27 86 51 5 98 34 45 3 7 94 58 60 57 38 56 76 25 47 68 67 46 18 89 61 22 60 76 99 17 1 52 42 60 77 3 56 45 42 76 29 28 62 90 58 32 20 21 58 40 
52 25 25 20 43 98 19 33 82 58 74 68 38 7 17 63 46 65 44 75 12 78 21 82 12 8 85 83 95 38 45 96 78 72 76 60 49 34 28 35 65 69 19 1 55 42 36 55 18 37 40 20 23 60 59 36 9 37 92 63 85 13 11 82 33 55 53 96 2 49 31 26 12 3 25 14 54 43 85 22 91 18 34 33 53 94 62 50 42 60 33 95 30 26 77 16 60 19 99 71 
39 58 57 68 8 57 91 71 90 74 41 16 2 6 23 76 13 54 8 28 41 20 15 49 61 6 18 18 93 19 40 16 15 63 57 26 51 49 97 30 80 84 38 15 32 80 11 67 86 51 96 75 77 11 30 29 88 73 93 21 56 58 27 44 66 82 16 91 60 68 1 62 26 38 73 51 7 14 76 60 95 22 4 90 38 88 2 42 31 43 67 22 23 14 50 33 13 34 50 85 
53 55 30 50 23 72 8 74 79 6 2 54 45 87 38 99 2 55 2 30 86 56 34 68 94 44 35 49 81 81 64 13 59 38 35 10 95 90 22 93 19 26 56 32 14 38 27 94 25 26 80 63 50 99 22 26 51 76 13 76 42 80 75 20 97 44 85 66 50 8 81 37 90 19 55 56 64 34 58 61 77 17 2 92 94 38 51 3 36 78 32 47 79 23 27 93 64 68 76 17 
14 40 54 86 61 30 3 92 58 65 39 34 5 87 83 47 89 77 45 9 92 54 22 32 81 77 2 70 13 45 61 17 32 94 66 3 76 1 70 98 67 79 18 15 21 85 42 99 37 12 64 40 9 89 95 65 15 92 35 38 26 29 72 66 99 50 86 92 85 43 43 1 18 37 98 12 24 96 98 88 18 30 77 31 3 81 59 77 73 34 54 7 11 11 66 37 85 74 84 25 
85 48 41 38 50 70 48 95 26 21 30 4 53 46 28 83 20 86 24 48 56 79 48 6 41 57 76 63 94 47 26 20 85 72 65 70 27 50 3 7 77 93 94 14 40 13 43 73 64 10 93 62 43 86 39 52 17 35 16 11 71 47 8 99 35 7 41 78 84 94 89 98 40 87 71 10 67 56 51 55 79 66 37 73 31 80 83 1 26 56 91 66 11 45 4 93 77 94 13 5 
37 55 87 31 59 33 82 30 81 68 45 46 95 77 57 63 23 57 27 39 9 78 87 8 26 88 1 81 73 13 54 47 76 52 61 70 88 85 64 92 88 65 28 29 81 24 48 76 99 68 45 5 2 82 64 60 72 27 79 68 24 39 92 29 94 32 28 18 49 96 40 90 79 99 8 75 3 84 39 80 63 71 64 88 34 56 44 59 12 12 65 28 20 88 39 10 10 13 6 92 
47 99 36 25 9 93 18 3 90 50 78 73 94 99 63 82 57 53 48 58 46 8 44 13 62 39 91 40 39 10 67 18 43 61 78 5 74 23 65 45 64 2 3 63 78 89 96 68 16 62 86 51 5 76 44 85 10 73 74 29 28 76 15 21 86 90 37 83 49 6 42 22 10 92 68 24 96 7 83 62 68 84 89 88 20 47 21 40 76 95 45 36 97 18 62 78 73 80 6 53 
87 37 30 3 94 88 64 54 8 57 96 64 28 78 36 51 19 3 52 43 10 90 81 87 92 22 22 43 23 85 39 82 23 87 58 93 75 48 71 76 29 98 35 48 97 88 68 36 57 77 55 85 48 42 42 54 76 72 43 12 10 70 33 46 81 55 52 55 88 58 4 54 92 25 56 69 18 16 42 44 54 5 57 34 54 79 62 10 36 41 81 54 80 8 4 65 33 9 80 57 
18 84 70 28 74 8 62 94 94 35 49 39 18 78 1 81 1 22 14 16 24 16 1 4 85 84 95 79 6 21 53 46 24 88 48 76 98 21 77 15 13 23 54 77 65 69 16 46 77 4 18 77 91 41 37 96 68 68 69 99 88 41 33 51 57 84 64 87 94 94 22 17 44 39 82 15 70 55 46 28 54 49 31 74 2 98 74 43 36 52 38 90 1 29 99 45 62 15 60 7 
51 13 87 87 11 51 67 96 39 83 5 5 15 57 55 9 19 70 73 60 32 74 18 58 37 71 46 58 19 15 19 62 64 11 98 29 60 15 48 64 95 37 34 28 62 36 21 31 52 24 77 35 59 63 74 54 79 69 82 55 10 9 74 53 48 98 25 18 94 9 10 69 53 60 7 78 25 24 95 69 16 26 56 17 32 41 70 47 81 96 23 38 73 71 98 20 21 95 85 72 
27 10 5 60 68 13 89 14 1 37 30 31 53 59 34 43 64 10 17 34 78 80 4 50 49 20 25 92 35 34 21 22 5 87 38 57 36 1 32 72 12 54 65 3 25 86 10 38 72 91 42 28 64 22 50 80 15 90 27 60 47 64 75 88 91 70 5 47 87 93 32 73 81 76 83 64 27 17 91 73 86 75 98 12 30 65 51 50 36 61 9 15 88 94 33 91 81 53 97 23 
67 74 20 7 7 70 43 91 27 44 60 62 63 59 98 50 86 66 26 77 11 7 50 53 86 9 15 77 3 92 7 38 90 65 48 13 18 24 3 66 91 53 72 56 57 30 97 26 2 17 58 9 49 67 74 28 63 23 3 94 47 17 41 10 41 66 27 63 27 83 34 34 24 64 76 88 91 98 10 85 28 61 25 71 70 18 53 79 93 24 66 34 15 23 73 50 85 46 23 28 
8 7 48 97 25 56 52 22 64 47 8 94 33 29 93 13 34 97 86 19 64 92 56 3 17 99 67 94 81 50 82 75 40 21 57 69 72 32 44 43 52 51 88 14 50 91 34 40 30 9 18 27 53 6 72 26 74 33 26 32 45 81 3 85 11 90 21 74 14 45 95 30 90 73 35 29 72 51 45 93 87 97 25 91 59 78 70 36 5 5 71 85 37 31 16 43 65 60 82 57 
10 95 10 76 22 27 32 97 23 17 34 56 37 2 2 24 64 44 97 4 80 33 62 22 38 84 11 32 66 40 37 15 72 68 9 78 37 65 72 56 21 53 50 7 58 79 41 19 62 20 21 4 21 76 40 4 99 76 29 82 40 74 91 36 61 52 10 81 57 18 43 66 1 6 24 62 38 76 65 70 95 18 55 14 74 43 57 47 51 94 14 48 81 38 41 23 94 67 33 4 
42 27 93 16 96 14 45 77 94 47 6 90 88 46 45 64 15 58 15 40 90 68 50 91 18 91 69 28 81 77 72 86 47 7 42 42 66 92 46 99 70 84 32 97 74 60 33 8 77 33 62 33 61 49 18 12 87 86 80 13 6 55 13 39 42 1 61 26 12 98 54 41 9 59 3 85 11 25 1 93 78 69 27 31 55 3 40 98 68 65 83 27 26 30 82 82 21 3 45 61 
7 30 2 91 46 15 83 9 65 96 69 39 18 50 95 15 69 13 8 32 99 88 70 49 4 44 59 89 90 8 64 42 80 76 89 57 12 8 54 51 34 25 91 4 12 15 46 59 25 28 80 25 64 80 67 73 38 49 98 40 66 79 74 26 84 77 13 94 42 15 44 73 99 26 15 57 37 11 82 99 45 32 21 24 27 19 18 12 4 61 73 13 9 16 4 41 87 2 39 71 
56 3 75 21 30 61 8 80 33 17 60 88 65 79 42 39 94 76 32 49 59 60 76 52 67 98 96 3 99 84 81 78 5 27 89 74 3 58 52 7 82 29 68 12 7 12 10 47 4 97 18 90 76 99 2 38 96 50 44 8 4 3 97 39 11 30 83 89 1 27 93 38 26 6 92 84 9 2 12 47 43 68 55 65 92 82 96 1 90 38 79 33 41 50 20 63 19 55 1 11 
43 35 88 29 81 9 3 44 7 21 97 4 95 8 3 67 76 4 94 94 29 45 7 50 86 70 21 97 32 21 71 2 99 37 44 32 76 63 76 55 2 43 57 44 63 24 26 68 4 52 76 4 15 78 50 25 42 54 45 8 80 30 5 32 77 62 30 76 33 6 69 24 97 17 25 55 72 56 48 57 13 82 46 15 22 59 72 16 58 48 36 50 30 16 96 9 96 29 63 82 
40 56 47 22 84 30 25 66 28 78 91 24 91 9 25 33 57 34 61 34 64 77 92 80 10 69 69 30 48 47 1 49 92 55 52 14 12 49 49 6 35 89 72 15 47 46 63 40 93 94 19 86 74 20 93 67 50 15 2 5 37 80 15 28 11 24 60 74 3 62 26 88 6 18 56 23 66 24 52 38 92 20 76 4 46 51 44 93 51 74 33 93 85 52 76 94 88 55 65 96 
30 41 30 23 44 10 24 81 78 31 91 85 39 25 8 99 18 51 35 29 97 10 27 16 51 37 24 44 40 11 56 33 12 46 44 45 8 99 94 78 54 64 8 72 69 72 67 5 59 97 51 91 19 51 24 89 33 82 38 92 74 81 37 35 6 77 54 90 78 36 9 70 33 65 12 25 99 10 62 46 96 55 48 62 31 24 47 42 1 80 25 91 91 27 37 58 78 2 29 28 
70 25 67 20 53 50 86 52 2 35 8 77 76 20 40 58 82 40 36 53 71 27 95 17 41 8 62 98 31 4 26 42 30 33 21 87 69 7 29 71 29 35 73 23 30 20 26 67 42 59 4 28 77 47 66 20 97 73 22 55 5 23 21 41 49 74 63 79 27 3 88 68 76 78 87 2 84 68 91 67 82 33 80 48 46 28 77 24 96 6 51 68 2 14 18 51 72 92 36 38 
71 48 85 34 86 59 25 11 41 49 33 77 26 10 38 39 56 9 96 76 78 89 89 47 60 73 27 84 1 57 42 98 23 15 97 78 75 97 82 86 37 32 12 64 9 22 25 27 22 46 91 68 32 63 7 58 22 5 89 45 1 81 89 49 6 79 80 72 97 62 62 89 67 67 64 53 30 14 38 94 27 91 66 18 28 71 54 6 28 98 37 18 48 94 73 89 38 60 51 33 
65 8 66 38 37 92 35 59 67 97 30 75 49 17 32 46 5 27 57 12 90 83 54 98 95 30 2 14 42 89 15 47 85 69 38 73 13 58 53 47 45 30 69 8 36 38 33 77 69 23 21 59 67 4 43 42 79 83 44 95 90 51 98 72 19 73 16 8 14 5 38 21 58 78 38 13 69 13 24 68 94 9 36 54 15 50 47 19 45 2 62 96 33 13 21 3 58 16 92 35 
27 61 12 72 47 58 55 41 88 81 46 98 93 84 83 29 68 33 28 30 81 5 9 12 67 93 15 1 24 9 2 37 12 69 88 73 58 13 57 77 52 88 56 31 49 60 95 30 65 6 51 85 84 17 61 20 52 1 29 72 78 75 23 93 39 75 74 51 70 50 77 24 75 61 92 8 22 85 43 10 40 12 17 53 23 46 65 73 31 6 5 22 87 25 15 62 77 48 38 74 
37 4 21 90 21 62 69 98 39 69 46 30 36 17 81 39 76 71 27 50 47 65 53 57 54 6 51 27 24 66 32 93 3 94 29 64 58 4 92 14 77 82 97 88 68 86 35 6 59 41 19 51 97 46 82 84 53 67 79 31 13 43 83 90 88 80 90 30 8 59 14 88 22 28 88 74 1 5 70 68 34 80 36 18 33 13 79 44 29 33 19 36 73 41 89 55 37 7 49 32 
