100 20
33 44 89 95 19 25 7 56 46 88 78 31 74 66 32 49 23 34 52 34 64 9 72 92 18 39 69 12 42 97 58 52 30 80 83 41 4 94 17 66 4 56 45 69 89 82 69 41 28 85 96 14 88 66 34 55 38 9 80 62 33 70 23 55 14 82 30 72 1 38 44 61 81 88 76 73 14 35 1 60 11 26 46 63 41 46 91 12 18 15 59 12 96 76 10 44 65 95 33 57 
57 54 18 34 21 83 27 75 15 41 99 36 3 73 86 2 40 50 20 20 50 36 78 62 86 58 60 3 8 74 47 78 38 42 77 59 46 89 13 21 3 81 7 11 61 88 74 16 16 57 59 33 77 76 4 38 39 50 20 52 45 62 53 14 60 46 54 46 39 55 47 24 94 29 1 44 64 66 92 96 83 86 78 28 50 8 66 15 95 8 79 30 53 94 27 13 25 80 73 34 
42 85 60 37 95 83 34 49 54 45 16 25 31 25 17 75 22 5 47 14 38 37 61 89 60 84 97 40 73 67 26 32 17 8 91 2 25 69 53 4 73 8 36 51 17 7 66 62 41 27 22 2 3 48 71 24 69 13 23 21 69 71 60 62 35 23 93 38 39 61 3 7 50 21 74 37 65 14 55 48 60 79 86 61 32 27 56 33 42 78 35 11 60 12 26 66 7 6 6 45 
65 89 9 93 28 66 48 2 87 70 5 94 47 28 9 38 94 98 86 85 23 83 77 93 48 50 52 44 27 51 34 64 75 40 13 40 90 91 70 39 66 20 93 29 14 2 95 94 76 84 34 58 56 19 30 96 25 64 87 61 46 19 11 97 93 30 23 63 71 18 87 44 31 91 22 77 87 69 23 67 46 96 79 6 13 66 94 88 16 35 6 39 28 42 96 21 79 31 24 59 
52 24 3 98 80 28 75 98 7 47 44 19 63 68 30 78 12 19 30 32 32 53 6 61 18 54 83 69 71 20 39 75 96 63 1 8 89 1 35 96 38 50 46 70 11 22 67 45 54 14 55 24 82 7 82 85 77 52 34 81 73 73 97 28 59 54 58 2 68 35 96 30 73 6 74 88 77 1 37 91 11 89 99 89 26 74 46 60 86 81 21 1 65 55 21 27 34 53 93 61 
56 37 4 81 30 64 21 21 89 16 92 53 91 45 71 38 23 89 73 8 73 41 49 32 98 17 53 89 92 23 13 37 57 31 95 73 67 39 77 14 44 45 13 56 18 14 4 50 4 46 69 65 65 47 11 60 84 98 82 52 32 20 62 84 34 44 19 95 42 83 78 90 3 99 98 3 23 69 30 71 43 59 91 4 2 86 37 48 8 94 22 59 7 18 74 67 51 52 63 52 
94 9 40 23 25 80 57 76 15 58 83 83 78 57 53 54 83 19 32 50 99 62 54 30 41 20 73 90 9 88 1 14 37 71 53 7 34 17 92 47 29 68 74 30 13 6 87 7 83 88 98 30 88 99 98 98 71 90 43 4 13 24 98 65 75 18 85 84 46 89 20 79 82 96 60 36 55 86 49 48 90 35 59 58 16 91 33 10 3 23 32 81 12 60 75 37 32 36 86 67 
50 61 61 81 4 7 2 24 41 11 82 29 73 12 75 71 92 99 1 85 95 33 36 84 99 58 42 80 62 31 77 98 99 32 20 5 4 85 83 14 65 80 38 16 88 86 27 91 12 75 87 34 25 38 69 61 90 5 50 43 60 62 60 14 94 71 96 92 81 89 42 4 54 87 85 94 12 68 41 52 38 85 65 25 18 61 76 42 57 8 73 27 2 42 54 21 57 11 36 3 
83 70 27 85 19 35 33 12 13 30 30 63 56 16 82 27 59 6 71 92 45 61 84 44 42 88 15 53 78 26 48 75 75 42 65 44 42 30 29 58 69 99 78 83 21 69 27 44 31 63 50 13 92 6 87 10 59 9 26 91 30 73 3 49 51 78 92 99 3 77 8 79 98 87 85 38 75 90 85 35 88 21 83 28 6 59 62 72 2 32 11 10 50 98 12 67 17 48 38 47 
89 32 11 51 14 89 53 25 34 14 55 94 22 41 99 82 39 74 46 22 11 64 98 16 90 64 79 16 30 10 88 81 49 82 80 58 4 80 31 39 55 84 2 35 35 30 16 48 22 74 22 32 3 64 61 70 43 7 44 37 60 38 9 69 86 90 99 38 41 62 29 12 97 84 48 28 52 94 17 62 96 1 72 97 79 49 95 90 82 98 83 42 83 86 15 65 30 95 21 56 
13 35 47 1 23 47 74 3 83 93 28 56 2 26 30 13 48 55 84 54 97 94 22 38 73 7 46 41 91 44 73 3 6 93 77 68 49 22 37 36 77 17 73 97 17 34 99 80 2 38 61 95 25 45 81 80 75 73 3 40 86 77 34 92 77 1 91 14 97 11 44 79 71 51 55 10 38 81 30 12 1 19 53 26 67 85 41 68 94 51 76 71 32 75 61 35 64 55 52 61 
79 81 9 71 50 44 77 34 38 96 74 61 58 91 28 52 32 80 82 65 8 32 19 35 77 53 71 94 95 7 45 90 2 27 40 2 33 44 64 62 48 98 55 76 44 63 98 37 74 58 46 47 67 72 34 37 49 81 4 83 56 67 20 26 59 36 87 91 77 35 71 6 3 76 18 18 12 50 67 17 92 48 79 48 55 77 48 39 56 83 22 8 16 68 22 91 35 6 59 60 
44 26 3 44 48 59 53 96 6 41 31 3 55 23 94 99 74 55 85 22 67 76 21 88 61 12 88 99 3 61 40 32 47 98 82 30 54 61 77 97 82 48 30 98 81 10 82 45 88 41 13 91 18 80 23 32 57 99 35 87 63 96 85 8 51 93 19 60 91 25 79 22 2 37 9 78 44 77 34 15 13 90 68 9 34 11 98 26 55 58 81 11 44 29 41 86 74 92 54 40 
89 39 59 61 3 94 88 20 28 1 9 19 1 80 98 65 36 42 48 33 94 43 33 34 54 64 74 81 76 72 15 65 74 93 83 16 86 82 67 75 39 86 76 65 19 17 16 56 41 21 54 37 19 44 87 78 29 6 18 12 83 60 11 87 98 72 72 50 61 85 15 5 98 83 25 86 50 69 32 30 31 25 80 34 4 86 94 37 47 9 49 81 25 39 38 80 51 77 41 92 
93 20 52 46 45 59 90 77 19 21 70 23 74 30 15 73 63 29 12 55 71 14 58 73 63 86 97 59 25 93 70 12 12 68 53 39 83 83 7 6 60 82 14 76 53 33 31 56 18 66 23 39 94 24 14 47 52 95 29 77 32 69 35 44 88 73 90 23 42 18 82 95 10 40 74 92 61 48 50 35 56 66 55 82 86 73 41 75 26 55 13 76 68 40 66 15 75 45 37 36 
44 65 46 52 93 20 54 78 87 75 36 65 24 84 63 34 57 69 25 90 17 47 45 41 23 42 98 9 9 11 30 60 38 54 76 14 25 41 82 68 50 27 21 15 81 69 10 56 92 50 33 32 80 90 56 29 88 74 51 4 17 63 7 4 50 16 53 80 70 10 82 13 79 54 58 25 14 17 46 4 67 34 22 19 7 36 98 38 92 62 40 52 98 81 81 88 25 11 48 33 
4 43 97 74 70 21 44 23 58 67 34 30 52 57 79 74 14 27 67 49 77 70 52 49 42 35 50 69 66 11 36 96 62 28 32 1 85 49 5 35 37 61 56 22 47 74 22 54 75 11 61 82 6 98 52 14 34 71 82 2 65 53 50 44 10 59 49 70 72 88 69 44 49 13 87 49 20 76 58 86 42 86 16 68 45 10 59 11 24 60 51 29 33 99 11 28 77 29 5 2 
24 98 57 96 23 25 72 46 44 33 41 96 70 77 34 90 76 29 93 21 91 46 6 5 74 46 67 49 77 68 55 21 17 47 93 14 45 81 26 21 12 97 78 98 40 26 37 40 90 63 6 38 33 44 84 62 13 10 34 19 22 78 43 27 64 8 1 79 31 73 62 21 59 28 19 9 11 76 67 86 34 41 77 49 39 35 61 15 57 23 42 91 19 97 23 49 19 46 56 82 
31 80 45 64 28 73 83 52 47 83 92 54 12 4 76 55 90 22 7 6 43 64 66 69 62 39 92 59 19 78 23 88 1 85 37 11 64 75 2 64 73 21 13 16 42 93 40 5 82 12 71 85 44 78 57 75 62 32 51 91 96 83 57 2 79 65 71 62 58 70 25 65 36 1 33 81 20 8 30 5 63 37 21 94 8 72 23 20 28 79 5 4 77 50 37 65 29 43 33 66 
10 26 51 48 45 50 10 53 68 98 54 80 24 88 77 55 82 8 10 33 65 35 39 19 56 58 30 86 29 89 42 97 57 91 45 16 41 88 44 32 19 91 95 78 90 10 22 52 36 78 37 28 31 69 61 79 69 14 41 99 78 22 66 20 43 97 90 25 17 61 51 73 46 66 83 19 88 21 46 25 31 99 34 87 6 72 97 51 14 14 66 28 40 28 62 17 74 64 21 22 
