100 60
62 8 20 13 20 86 61 85 54 5 62 27 8 26 31 28 96 33 74 80 59 86 55 28 17 83 43 31 30 7 77 13 54 87 18 25 93 59 5 97 61 14 12 97 35 58 6 87 9 72 3 74 54 59 18 76 75 10 31 69 65 52 38 49 59 13 5 84 95 70 30 77 69 9 92 13 88 82 19 22 31 61 29 34 99 98 97 33 81 75 11 18 99 67 21 52 73 93 2 25 
41 29 16 17 55 13 18 66 70 77 15 37 95 51 92 48 89 65 27 16 38 40 61 34 39 62 92 54 82 71 48 70 31 34 71 96 1 33 99 50 46 42 45 34 35 9 79 13 37 40 13 3 97 77 75 42 25 81 96 83 69 13 92 66 4 13 38 5 5 84 57 61 36 74 98 36 26 56 17 45 54 6 59 97 27 88 39 83 62 37 23 50 70 36 11 85 34 98 13 2 
96 43 93 85 23 43 5 6 74 87 23 40 42 77 72 4 60 46 22 97 10 61 90 8 24 33 52 21 94 20 46 20 82 36 77 99 17 56 28 68 8 23 61 52 47 50 27 7 21 35 70 19 9 57 35 17 95 91 71 71 75 10 45 7 57 89 36 5 73 17 53 11 82 99 34 42 80 64 55 90 1 71 37 32 26 14 49 32 90 30 20 50 89 5 37 50 83 77 58 1 
33 80 36 43 54 43 85 16 23 21 43 17 27 77 10 30 61 26 5 51 54 57 97 26 99 73 41 74 88 23 98 25 43 24 79 48 42 2 69 81 58 19 57 66 84 4 74 78 67 84 18 57 41 19 86 38 52 28 12 81 96 24 86 10 49 42 98 31 94 74 62 77 56 99 46 32 34 13 9 61 28 57 28 44 74 59 31 8 75 55 28 57 30 23 40 3 67 15 36 96 
87 32 82 39 98 58 56 88 88 74 73 2 40 50 18 3 53 5 70 89 2 53 62 87 89 71 35 11 11 46 96 10 98 36 72 36 87 24 67 95 67 74 22 3 39 92 62 38 73 76 64 8 62 75 5 94 81 46 20 17 42 8 60 84 48 99 48 56 53 39 32 93 17 71 45 19 60 34 61 70 22 6 49 60 15 70 30 27 84 64 35 98 60 40 59 41 16 19 18 20 
72 45 19 38 29 29 78 25 38 21 79 75 72 70 57 51 98 48 26 77 50 29 62 27 17 76 87 94 20 16 47 85 98 26 90 94 87 12 57 83 98 89 53 67 3 67 36 94 12 28 92 25 60 5 22 15 83 71 18 95 3 16 48 58 2 23 36 31 14 61 42 62 99 55 48 3 27 74 30 83 56 10 50 2 19 58 30 97 96 99 35 39 10 84 56 1 90 9 90 47 
11 28 70 11 16 28 44 87 89 12 83 29 20 64 28 42 48 87 21 49 72 6 18 1 57 69 91 77 35 65 39 98 17 22 83 26 94 12 89 71 50 63 59 5 62 62 46 56 10 62 57 28 80 87 61 92 74 40 93 9 14 8 64 21 47 67 62 65 56 95 62 81 60 69 32 14 27 76 36 20 71 20 47 74 71 25 46 80 65 46 31 68 63 70 26 10 52 27 82 17 
39 13 58 96 62 48 65 61 75 17 90 20 27 73 81 76 23 55 12 29 59 6 8 4 52 12 83 79 71 32 71 26 68 28 50 32 10 97 82 35 9 5 39 57 54 8 35 31 45 96 59 34 17 22 5 19 78 22 4 47 40 59 52 15 46 50 47 90 3 96 17 41 16 15 49 66 16 69 25 28 90 4 50 82 21 70 84 13 5 62 74 57 94 48 84 43 25 95 28 15 
9 15 95 97 98 8 38 96 24 78 48 31 31 41 23 7 60 5 82 1 99 28 22 17 41 76 69 42 36 73 39 5 52 63 90 29 31 64 87 90 44 26 46 75 44 82 97 32 30 13 45 33 95 94 14 26 89 62 14 93 71 60 93 8 65 2 93 87 21 24 8 54 64 46 37 85 57 23 43 77 55 2 12 95 59 80 99 32 74 62 99 65 67 12 90 10 20 12 97 81 
49 49 6 2 65 70 25 11 2 73 80 67 40 3 61 15 18 68 49 48 12 25 12 4 20 56 71 32 40 54 96 87 53 3 77 4 3 55 8 75 80 20 67 42 99 37 4 67 85 64 12 22 50 55 16 61 75 40 51 13 94 10 45 50 73 94 97 81 91 46 63 23 24 20 33 87 23 55 13 61 94 55 8 87 88 72 4 45 70 84 46 32 10 79 21 47 57 36 39 69 
62 57 94 44 74 45 27 89 61 69 2 47 23 71 98 96 46 15 87 91 11 99 36 75 96 63 15 81 91 87 3 45 94 9 94 3 23 18 10 4 22 73 92 14 63 1 24 23 62 6 24 51 73 74 61 53 3 81 56 27 13 99 89 20 30 2 9 33 46 68 30 27 33 94 50 33 38 95 52 52 2 15 6 69 54 26 79 53 29 43 46 63 62 27 86 61 7 88 97 10 
7 80 49 99 73 17 8 65 4 87 91 83 70 89 26 88 82 51 85 12 17 67 34 18 52 28 48 30 99 49 54 66 32 7 56 66 17 64 66 28 47 9 42 33 72 77 9 81 30 90 98 24 78 83 77 87 24 38 75 16 56 12 24 89 76 72 79 68 32 25 60 13 45 46 75 24 43 16 56 67 93 46 87 9 33 13 38 45 96 90 94 32 52 76 90 20 32 31 37 82 
15 70 4 35 32 55 46 86 30 66 1 46 45 93 20 40 5 90 19 89 81 37 41 68 51 88 9 56 47 37 82 96 20 66 15 52 89 9 8 62 4 97 69 96 93 30 67 15 31 18 91 22 83 46 2 22 71 28 91 77 23 63 40 62 33 92 69 24 15 53 1 30 61 38 13 36 98 51 92 33 44 59 97 6 57 56 10 91 5 13 91 35 10 33 40 43 10 17 49 42 
33 34 18 40 85 75 60 79 37 44 12 5 89 23 84 41 89 26 33 87 18 81 34 96 65 13 64 56 18 20 87 73 35 58 30 52 33 25 67 73 65 35 2 83 4 6 44 65 18 37 96 30 62 91 31 90 50 78 75 44 39 32 88 57 12 93 46 44 58 95 20 48 53 37 60 23 40 71 76 14 15 83 18 41 1 71 54 76 36 29 59 29 50 26 91 26 49 88 74 90 
29 62 82 85 13 67 66 98 20 4 35 17 16 75 77 12 14 51 81 22 81 66 48 58 49 32 88 10 14 41 35 48 44 73 46 38 91 4 17 41 91 6 75 20 72 60 1 49 61 59 20 18 89 17 21 36 99 67 53 44 52 81 37 17 31 63 71 67 48 64 37 57 53 83 2 3 38 77 32 76 43 65 94 20 63 34 64 44 53 47 29 40 38 49 98 81 14 70 9 34 
82 8 30 79 46 86 82 38 53 2 96 23 79 53 18 26 45 54 97 65 43 62 29 20 71 10 73 58 66 36 96 74 31 19 97 13 64 6 38 4 99 43 76 95 31 11 98 82 43 50 49 35 45 97 60 38 4 16 87 14 69 22 36 58 11 23 95 73 46 44 71 90 73 62 13 13 4 36 46 37 87 35 8 90 51 74 72 59 27 46 84 21 81 46 93 76 51 11 79 77 
33 85 66 38 59 95 86 40 56 10 40 30 65 12 56 92 41 49 6 54 10 93 56 41 20 90 29 36 5 21 57 32 36 55 39 90 78 12 97 97 50 8 32 20 72 23 78 61 34 48 64 19 42 50 64 37 77 19 58 67 56 29 85 24 80 97 1 37 97 35 34 14 58 5 42 88 66 80 67 84 41 98 95 69 71 18 8 7 72 74 41 18 40 38 41 36 10 69 20 62 
83 62 72 2 90 5 69 44 54 13 72 15 73 17 63 98 11 73 34 93 78 43 63 96 19 76 1 80 85 91 47 76 20 54 35 58 42 64 12 20 22 32 19 58 67 61 75 55 4 30 56 57 52 74 76 57 15 65 70 75 55 93 73 44 76 48 4 80 7 2 45 79 77 86 22 83 7 79 90 73 78 81 9 42 26 1 29 81 11 32 69 58 6 37 1 3 75 29 27 80 
9 57 20 12 12 49 99 2 51 5 17 1 58 49 83 45 97 35 47 50 78 40 1 14 53 83 84 23 29 23 97 59 72 65 3 8 15 73 27 60 62 70 77 21 95 47 40 19 82 66 88 5 80 71 91 66 43 94 15 27 29 55 35 59 6 76 37 83 56 81 28 81 84 8 38 96 24 9 30 44 43 62 3 14 50 74 99 82 1 88 15 11 2 90 98 60 23 15 64 89 
13 98 63 20 65 64 85 60 69 63 71 73 10 81 53 51 43 25 46 69 31 46 87 18 68 80 64 33 16 73 46 28 34 13 15 23 10 60 95 80 90 83 90 30 16 86 8 7 44 40 93 76 92 16 64 72 59 13 35 20 60 93 54 75 57 13 32 49 92 48 73 45 19 34 10 85 26 91 28 46 80 57 3 84 51 17 29 74 39 40 52 33 17 3 97 58 48 27 7 52 
61 68 44 59 30 3 18 99 45 24 10 94 63 26 48 14 2 92 5 41 97 50 44 37 60 27 86 86 30 10 57 64 36 95 49 82 48 53 75 54 37 78 28 45 27 45 30 31 56 70 96 54 30 62 87 80 78 81 67 54 12 95 56 55 77 35 91 53 15 51 81 68 15 69 60 23 71 47 49 1 42 34 5 99 2 19 82 94 99 94 90 84 16 12 46 57 17 33 29 41 
17 96 2 72 52 25 21 74 88 36 16 31 70 90 47 26 52 91 80 25 75 65 59 59 57 42 91 5 65 38 26 62 3 35 37 41 85 65 7 41 30 88 3 28 27 76 62 23 27 90 69 76 23 69 43 55 27 2 12 21 55 15 98 8 8 50 1 12 49 51 71 67 92 36 2 25 77 87 2 42 52 29 78 53 55 6 22 61 98 68 85 11 45 54 63 74 92 66 76 32 
62 91 98 76 96 12 52 5 96 15 34 31 4 50 34 69 8 76 38 50 46 69 41 22 16 26 44 56 80 72 70 59 70 67 63 70 94 13 97 77 44 54 82 15 99 94 72 76 38 92 66 16 36 74 21 57 79 38 53 98 68 60 47 21 23 2 61 91 89 12 32 72 48 42 83 25 18 41 31 16 63 71 89 28 98 10 77 59 1 54 26 35 5 32 82 10 21 5 17 79 
91 8 91 76 8 94 47 39 76 58 57 53 11 76 20 77 52 70 26 34 97 45 88 39 36 11 79 34 77 22 53 16 80 4 84 71 91 86 95 7 67 33 88 77 15 75 78 21 15 40 23 87 57 83 51 73 71 23 1 47 57 64 42 86 18 38 18 7 89 27 66 91 71 99 55 27 60 40 17 29 78 79 74 76 8 30 74 43 20 9 21 30 5 79 1 91 9 75 21 71 
61 27 21 4 36 13 23 57 25 39 91 31 5 22 74 2 82 14 82 59 59 58 45 66 85 50 68 14 11 89 91 75 50 38 40 64 33 74 85 89 59 54 98 16 62 61 11 12 56 66 62 14 1 85 67 79 51 31 62 43 16 72 68 73 16 91 43 27 36 38 41 11 86 83 64 29 56 84 26 48 66 30 99 50 34 5 79 83 20 42 36 30 91 81 71 51 75 22 75 50 
51 17 64 17 65 45 35 18 43 90 35 48 92 92 87 3 99 75 34 53 7 28 16 27 95 84 51 87 69 9 19 17 28 72 42 98 60 39 63 94 13 42 34 32 81 69 87 77 86 40 26 26 56 92 99 76 7 59 86 17 25 51 77 1 49 37 53 34 51 28 70 52 14 55 36 3 17 54 97 29 16 44 14 45 25 8 47 25 95 75 36 76 1 7 81 28 12 69 23 8 
18 74 80 84 97 14 48 45 44 20 46 27 96 11 43 79 79 23 90 30 1 21 32 80 65 1 10 24 77 99 65 43 45 98 54 18 93 31 43 36 63 88 24 95 21 25 16 9 65 66 72 17 31 15 87 84 98 57 3 19 96 65 13 63 12 12 71 15 92 65 98 23 56 7 85 96 94 30 3 15 83 47 5 30 82 1 35 71 47 63 37 58 34 48 56 98 4 12 47 2 
19 23 80 10 74 74 78 10 44 81 86 20 11 31 71 48 61 10 26 70 22 41 93 62 88 11 3 29 56 99 99 37 52 19 75 45 68 34 3 37 87 2 61 51 21 2 74 12 35 62 37 62 85 96 45 93 46 32 33 77 41 43 1 95 77 79 43 75 74 98 85 16 94 2 14 22 78 55 4 35 71 32 53 63 57 35 14 15 88 35 24 28 20 95 36 3 35 9 50 29 
30 94 42 32 2 7 46 3 95 18 26 86 1 67 54 81 39 5 18 26 25 47 70 53 16 31 89 47 74 76 35 97 20 35 2 59 88 51 79 8 85 18 5 89 45 31 21 89 85 48 35 76 63 40 69 65 31 55 23 71 96 66 22 69 74 35 83 43 43 61 65 51 4 45 25 72 35 40 74 73 49 10 40 54 48 84 14 14 79 16 14 98 93 37 37 63 99 14 19 28 
64 97 21 85 1 12 79 39 6 51 66 86 39 52 18 18 30 99 27 12 57 13 27 22 30 26 72 57 68 65 22 59 88 36 18 89 80 99 68 6 88 56 26 45 96 26 74 8 6 32 3 33 17 77 93 84 12 31 98 30 34 4 26 23 73 38 13 84 40 78 16 82 53 61 85 14 18 91 53 89 8 27 6 8 48 57 73 44 91 84 6 25 7 8 57 16 52 1 64 94 
29 45 7 68 68 73 64 8 76 99 67 27 23 93 8 12 23 85 73 9 38 64 51 30 84 90 38 59 40 98 45 58 50 5 4 73 33 13 71 43 88 20 38 2 99 24 35 84 44 28 36 41 96 50 68 32 37 24 18 43 57 11 33 86 65 3 32 11 92 29 13 3 2 63 53 97 89 28 21 84 97 3 80 11 13 31 96 89 78 24 42 6 1 66 5 24 50 27 92 92 
46 58 47 2 25 10 29 54 94 23 52 57 61 35 76 71 45 63 38 53 8 37 81 89 83 32 90 26 15 97 22 98 77 90 30 67 17 6 8 46 77 8 9 32 32 60 84 39 16 59 12 28 58 64 28 39 10 30 57 23 78 34 47 69 57 12 95 42 58 87 85 8 40 5 12 68 45 55 17 91 24 16 20 43 71 73 49 17 55 61 71 65 49 86 24 34 64 63 48 90 
1 95 56 47 64 3 9 17 53 39 58 35 61 67 9 34 43 56 50 33 63 40 15 95 57 74 31 84 87 92 81 16 97 60 59 21 69 35 25 96 78 20 60 65 53 19 27 29 28 97 22 28 1 33 34 93 89 76 98 8 86 5 55 58 20 79 6 94 1 2 64 83 89 69 23 65 45 31 99 14 84 46 97 87 38 37 62 88 4 50 37 18 9 6 19 32 60 60 15 99 
6 72 43 36 85 66 93 80 79 18 2 62 54 42 29 10 62 3 63 86 23 83 1 71 2 77 25 40 96 62 88 44 13 86 98 95 51 47 92 48 82 72 22 75 34 1 33 54 66 68 48 45 60 81 49 74 92 6 55 15 19 43 4 67 57 13 37 42 66 34 77 38 29 9 12 27 31 99 71 35 45 12 15 19 10 78 8 53 13 35 5 9 71 6 29 33 12 83 56 34 
99 68 38 90 74 31 20 74 3 19 81 59 61 91 25 12 56 25 83 66 25 18 31 38 49 98 81 23 55 33 99 6 25 28 9 67 96 39 93 89 76 77 7 64 43 14 76 94 51 87 13 5 42 11 13 48 45 76 68 9 89 61 70 9 7 38 17 18 37 73 18 58 37 42 3 6 84 30 26 5 86 38 72 69 83 92 65 86 59 48 71 32 40 97 9 65 10 73 50 45 
32 81 67 26 63 37 59 3 84 68 21 89 4 18 41 19 74 17 66 75 21 10 32 26 69 94 90 54 84 47 47 86 93 55 88 30 24 48 13 96 29 32 63 40 25 15 60 83 16 44 27 53 31 32 28 8 52 90 95 72 46 64 64 65 93 56 97 33 27 63 25 80 54 6 66 3 93 60 72 14 5 88 45 81 19 71 77 57 73 36 81 5 38 93 20 36 49 64 35 38 
55 33 94 66 9 10 93 4 34 5 21 51 20 93 8 76 56 80 72 11 98 58 69 1 18 67 50 63 61 45 20 50 4 88 91 91 11 8 43 64 87 81 74 41 41 16 62 48 33 96 16 23 36 51 36 68 91 97 70 12 65 10 66 57 4 65 33 45 90 5 92 9 1 90 38 27 61 60 91 83 2 81 57 23 16 14 80 6 15 59 3 64 82 20 18 62 37 57 26 46 
29 32 90 78 92 11 57 19 99 23 15 20 46 23 36 70 56 26 16 57 62 90 47 54 89 97 5 94 31 30 24 60 36 61 84 56 86 26 91 97 79 13 55 86 10 35 73 95 47 19 12 49 24 82 87 5 11 16 45 31 1 65 46 94 89 10 41 37 55 49 57 57 45 78 79 92 50 72 27 2 88 68 38 43 89 42 51 60 72 96 86 56 27 36 26 83 96 52 94 19 
3 76 89 44 84 43 74 77 96 71 71 24 41 82 24 17 59 1 71 97 35 57 49 17 9 2 98 46 75 5 71 82 94 65 38 54 96 16 90 26 89 31 51 7 61 31 79 56 92 90 75 89 56 44 89 85 31 89 26 90 97 99 49 28 57 23 92 1 27 93 62 99 52 38 44 11 12 75 10 18 22 32 24 13 46 43 49 99 98 57 53 1 51 47 14 65 42 14 29 72 
96 43 6 78 49 84 67 28 53 55 23 11 20 80 50 69 52 6 90 80 84 21 74 83 8 95 61 11 1 10 61 22 65 84 72 31 55 12 12 42 7 88 43 77 70 46 13 11 43 81 75 96 98 90 32 2 20 97 54 40 28 83 21 97 16 25 47 69 77 18 14 87 42 12 4 53 99 44 27 68 41 65 58 68 80 74 61 47 91 48 26 97 37 74 97 36 1 80 7 35 
30 42 23 95 65 18 81 87 79 33 18 95 28 59 84 23 46 46 39 32 5 82 2 99 64 48 15 73 36 74 94 32 31 96 91 32 26 13 41 75 8 37 26 57 42 61 30 25 20 5 91 36 18 75 66 12 56 23 75 95 50 97 68 9 70 6 77 5 97 62 70 27 79 53 13 67 85 88 18 17 65 58 10 28 4 89 72 66 74 1 12 70 3 63 9 5 16 50 75 19 
29 7 81 64 18 48 36 38 21 12 62 80 59 12 4 24 46 68 39 93 70 84 65 90 80 29 76 71 63 16 45 30 25 87 8 78 73 97 39 28 97 87 39 72 52 71 11 67 36 16 45 10 75 21 96 24 2 4 71 39 37 75 4 71 72 28 36 6 51 11 6 76 49 14 23 49 55 47 50 3 52 27 88 7 2 50 54 9 22 82 62 9 68 32 5 47 19 38 39 81 
69 74 80 29 35 71 41 31 12 7 75 56 86 83 46 37 25 15 95 72 71 38 50 36 61 15 27 81 21 41 39 47 76 52 5 65 62 26 49 66 25 95 17 83 30 49 70 63 66 42 3 68 56 97 41 86 58 17 53 33 75 82 53 61 62 68 10 65 26 41 51 87 40 73 68 28 44 40 28 45 55 35 72 64 70 69 31 86 74 83 21 90 46 47 58 43 64 74 61 2 
89 83 14 98 50 29 9 64 42 63 78 74 86 92 68 43 84 96 14 21 40 55 72 26 95 82 55 75 65 57 58 18 60 52 94 60 26 70 25 6 70 70 85 78 95 2 26 59 28 33 35 16 52 87 74 32 40 70 11 41 83 1 42 58 25 45 36 8 85 44 56 58 4 51 93 50 60 56 3 32 11 19 25 85 19 5 26 63 85 9 26 15 79 92 28 20 74 13 53 21 
53 28 54 64 91 22 90 20 24 45 73 75 48 43 56 62 38 16 49 90 4 74 74 8 44 94 21 60 3 77 4 40 29 1 17 51 28 78 92 58 20 17 55 45 98 68 78 72 82 89 42 35 76 1 87 12 22 32 74 30 60 93 36 15 81 19 36 52 88 30 27 38 45 88 2 39 38 56 54 48 33 45 33 40 27 82 1 29 8 56 83 22 10 82 37 77 69 53 94 61 
22 48 46 36 66 98 84 60 99 58 17 16 26 95 79 33 34 51 85 56 81 16 11 19 78 14 65 30 62 82 86 52 84 54 11 82 90 38 60 37 98 1 23 27 84 46 32 47 61 1 48 49 58 89 43 28 9 23 77 3 22 73 83 95 73 57 48 15 78 20 89 35 81 13 42 79 29 76 38 1 56 20 87 63 67 5 57 21 16 27 56 3 84 92 16 90 72 5 67 4 
14 94 35 11 45 8 58 63 54 13 7 2 23 53 79 33 72 25 68 16 64 79 56 71 9 31 32 85 71 63 90 14 77 33 41 92 22 80 12 42 71 33 60 72 71 11 74 92 57 35 83 12 52 34 61 51 81 47 33 47 72 33 81 57 65 74 54 68 16 89 69 1 6 28 21 16 45 89 86 23 78 18 33 82 96 19 22 17 35 57 17 13 85 66 89 28 3 58 26 1 
88 13 78 44 65 67 6 3 1 53 39 92 65 72 85 73 7 77 96 74 87 3 1 18 11 95 34 59 54 48 74 10 2 28 67 75 72 9 64 81 52 2 45 9 28 88 59 21 15 51 49 1 91 4 83 76 29 21 91 54 19 74 91 52 12 59 21 27 44 30 72 11 69 27 17 36 88 10 46 73 84 88 92 56 52 56 67 18 27 19 91 20 20 25 23 81 48 99 93 16 
54 6 14 89 80 5 30 69 88 65 39 41 86 83 77 41 79 4 10 39 30 83 87 91 17 41 2 95 85 20 43 51 8 37 55 12 40 46 92 42 73 89 76 76 96 56 49 72 47 37 33 68 70 81 87 40 77 55 60 55 93 94 48 32 26 61 52 93 10 4 35 25 70 9 73 30 77 59 18 84 2 91 47 98 69 49 27 65 23 43 63 23 71 2 60 10 53 35 75 17 
83 6 33 37 98 94 87 7 8 59 14 40 25 84 31 91 72 20 8 71 57 53 34 21 52 2 12 1 78 86 29 63 87 17 43 43 42 68 66 32 93 68 39 60 71 74 20 82 55 58 58 56 61 80 82 21 25 81 77 82 76 53 67 94 28 29 95 36 51 57 8 96 60 88 31 57 90 52 57 67 84 41 24 33 69 91 91 91 39 63 32 96 34 25 4 97 28 29 36 24 
29 59 94 21 93 26 83 78 29 23 95 22 63 44 33 52 48 98 21 32 61 8 17 98 16 21 17 62 65 16 58 19 11 4 31 50 5 42 80 37 62 35 14 59 61 40 9 7 53 79 17 80 68 39 70 6 19 79 91 31 10 42 94 40 43 53 94 55 22 32 12 43 62 95 81 23 93 66 54 71 66 78 9 30 62 80 53 11 94 49 36 2 20 86 46 73 39 33 25 86 
80 7 27 77 58 34 39 41 61 75 41 14 58 61 13 99 26 77 62 23 85 94 52 59 27 3 35 69 46 40 82 29 71 25 15 56 99 87 36 49 25 99 62 14 68 9 53 95 12 66 46 10 28 60 83 74 13 46 45 41 16 78 81 26 68 43 43 41 23 85 12 23 75 44 34 71 2 83 47 71 87 21 17 30 60 60 65 9 19 24 2 47 66 83 54 6 39 90 4 85 
23 82 73 60 70 16 76 7 20 79 99 23 45 83 33 37 66 12 95 77 13 79 88 37 74 92 54 23 59 99 30 14 48 50 7 21 54 53 83 37 78 27 23 99 61 64 13 40 46 79 14 49 30 71 22 22 23 77 26 25 1 27 56 44 65 5 48 45 1 97 94 31 24 59 7 94 48 63 61 75 35 55 67 19 50 18 15 31 24 18 35 31 3 70 54 14 8 88 53 4 
32 56 92 55 91 2 69 72 48 26 55 94 32 58 17 92 18 9 59 60 11 47 5 89 24 86 77 57 58 61 79 4 90 13 78 13 48 64 83 95 92 10 29 72 99 88 54 50 45 71 86 5 78 38 23 67 12 61 8 97 95 85 19 70 1 13 43 56 5 76 64 3 65 30 38 12 8 24 78 27 4 88 34 11 51 15 75 27 59 33 68 22 27 2 63 6 23 78 71 35 
63 92 31 24 98 77 82 10 89 80 42 3 5 98 19 61 44 25 6 41 47 57 89 7 97 2 53 33 32 79 87 16 45 35 93 73 94 40 87 58 10 3 12 58 94 69 37 8 40 35 71 87 22 47 62 37 13 12 10 58 87 4 64 23 30 65 42 75 35 22 23 42 20 79 61 39 29 37 91 73 39 89 35 54 65 36 4 96 69 83 8 28 63 55 65 94 19 97 3 67 
29 64 12 95 99 6 59 98 25 2 10 7 45 62 55 80 60 82 14 79 68 73 70 98 94 92 98 93 21 76 97 14 21 72 21 37 86 68 10 93 65 24 21 6 83 3 63 12 85 4 23 4 61 92 98 51 74 29 31 42 2 6 37 4 56 73 36 41 23 72 84 65 87 67 8 27 70 76 28 44 57 1 1 36 28 61 40 53 90 21 53 10 9 27 72 14 40 33 84 99 
11 71 20 83 68 45 41 78 94 34 6 40 82 21 26 56 50 12 62 15 92 93 84 66 41 90 26 71 19 19 36 67 95 46 45 14 46 42 12 57 4 41 84 83 22 94 57 73 23 29 23 62 60 1 33 91 72 52 51 70 38 70 13 27 36 40 76 67 96 4 85 32 61 15 19 51 39 92 53 2 61 83 13 61 37 13 31 67 11 45 6 72 21 34 51 99 51 86 60 1 
48 41 93 10 10 47 98 40 68 64 88 56 35 68 7 8 33 53 51 56 79 20 56 59 70 49 72 45 58 89 48 1 34 37 13 50 8 13 56 34 92 49 7 95 83 67 21 55 39 61 56 1 62 78 57 57 83 97 34 79 41 15 47 27 60 23 84 44 37 91 44 46 20 51 20 97 87 70 73 92 35 40 24 41 50 55 27 41 98 93 52 70 4 98 70 59 25 59 29 77 
62 83 55 69 59 55 37 49 57 74 86 43 97 32 68 70 95 28 19 13 38 76 53 19 94 11 71 10 21 92 64 87 68 16 18 39 87 13 25 44 36 61 83 82 82 93 11 36 16 95 43 99 50 21 47 84 30 90 25 27 38 5 15 89 99 44 7 74 93 82 42 25 50 83 21 33 66 18 11 44 6 61 49 66 9 3 54 74 94 55 25 17 72 54 56 22 45 71 34 3 
96 7 45 12 10 88 60 20 6 71 67 53 78 15 18 62 70 19 23 4 94 54 86 70 75 94 32 23 71 45 38 20 15 76 69 51 33 55 5 68 89 74 70 15 9 85 73 58 10 31 28 20 37 72 91 12 91 23 92 58 63 80 63 36 60 57 71 1 42 12 50 21 49 77 31 6 35 98 72 39 97 56 94 10 11 6 8 45 54 2 44 36 47 33 90 76 75 53 19 88 
