100 20
78 91 85 72 89 67 60 74 40 17 27 53 59 95 18 30 18 45 22 69 47 9 92 96 57 49 76 20 57 70 24 43 69 37 12 93 55 88 62 30 28 60 61 68 73 5 74 2 71 7 72 13 8 4 42 97 2 5 9 82 17 8 57 43 86 20 46 22 25 76 29 51 55 58 74 66 20 12 80 27 4 66 98 38 52 53 48 64 90 26 37 50 39 77 81 43 37 60 22 5 
49 9 23 64 48 40 78 82 85 22 74 28 24 83 54 2 35 67 17 16 94 32 8 94 68 40 17 64 15 53 67 46 73 29 13 55 60 9 31 87 60 19 13 18 23 58 65 92 57 92 95 24 20 53 11 82 15 24 9 92 84 42 74 24 4 85 71 87 72 69 37 29 14 42 74 19 60 74 48 52 55 57 76 39 43 91 26 96 61 87 7 48 37 51 62 11 81 84 66 92 
86 88 8 58 32 86 37 90 97 4 30 15 91 82 43 87 60 57 6 39 55 26 85 47 6 12 61 4 80 41 88 83 65 4 72 11 25 28 30 32 74 46 67 84 47 63 39 60 66 29 26 79 10 2 95 57 80 20 78 74 74 72 31 43 53 62 9 76 7 81 30 61 26 76 50 19 70 14 26 82 39 57 88 60 35 28 7 5 37 79 61 86 68 61 10 53 64 92 57 10 
78 60 98 17 42 51 40 24 3 56 52 76 31 43 94 56 86 41 88 26 60 84 56 77 21 57 69 70 52 33 90 83 5 26 16 49 33 27 21 4 45 54 4 30 39 89 29 99 56 30 69 19 14 26 52 67 59 26 4 49 8 24 89 33 86 96 60 92 80 54 94 57 74 79 45 49 97 71 79 33 68 93 26 54 35 12 16 86 23 42 27 74 74 93 30 76 98 11 30 11 
68 52 77 62 37 80 59 14 89 1 59 39 34 21 76 64 15 62 9 31 37 68 73 16 84 28 23 49 35 93 66 35 82 1 86 69 53 83 59 57 28 97 73 32 57 37 46 77 81 51 47 41 50 67 10 57 41 7 59 63 77 4 22 22 45 25 51 33 19 87 43 60 71 78 54 45 97 74 23 27 34 57 87 61 73 35 2 38 88 61 58 4 46 53 7 75 30 8 66 62 
54 76 13 7 77 68 98 89 61 26 23 80 80 72 72 21 8 69 30 38 11 6 70 32 42 94 52 75 39 64 10 4 11 55 51 10 36 13 49 38 54 79 35 78 63 88 94 59 8 61 59 40 79 97 99 9 4 69 21 72 39 17 58 50 68 39 65 72 91 92 13 67 23 79 81 60 81 44 52 63 86 66 5 73 49 57 8 62 69 49 14 72 29 91 56 10 81 45 36 37 
23 73 78 24 19 89 76 10 36 29 24 34 53 52 18 98 50 93 35 17 73 37 9 83 5 81 87 42 32 10 14 59 14 59 83 84 55 87 23 26 68 44 51 17 48 39 54 83 36 7 47 16 91 83 51 33 61 67 53 58 44 93 83 79 63 98 77 25 37 92 49 27 42 24 56 94 83 54 70 81 69 20 49 51 70 7 98 51 95 14 47 77 59 26 10 46 49 83 63 59 
72 33 68 26 96 21 7 93 31 44 15 94 31 72 77 64 48 66 95 99 66 21 25 5 52 11 28 34 94 31 8 36 52 46 60 98 93 27 15 90 42 98 76 6 21 86 71 7 95 54 90 70 19 50 33 30 72 53 50 19 13 13 89 16 14 96 36 85 10 29 62 26 43 41 62 10 2 11 7 30 67 4 75 41 59 26 10 6 76 58 53 36 40 4 92 39 42 34 8 59 
96 99 25 24 82 48 10 24 82 60 81 12 52 80 89 11 12 10 54 55 62 24 89 16 7 91 16 13 67 91 85 40 4 35 98 81 36 83 21 27 56 62 3 96 52 88 99 56 27 81 90 35 14 86 93 47 97 91 88 10 33 46 34 59 61 79 86 74 33 23 20 91 24 23 41 23 55 63 13 79 9 85 70 85 52 3 39 1 51 23 56 34 92 64 88 68 1 78 48 76 
36 65 47 50 35 36 40 79 43 70 84 87 9 87 40 21 96 84 27 99 82 29 24 15 48 56 61 16 71 57 16 12 23 78 1 58 58 13 62 57 14 91 73 47 98 81 27 94 86 77 30 94 15 95 97 59 74 67 43 12 3 32 78 83 82 34 3 3 28 14 97 94 86 99 21 68 26 8 2 16 32 28 30 3 2 27 56 64 35 31 80 97 32 29 50 54 81 63 47 38 
61 35 96 79 95 77 40 61 4 7 30 23 63 79 41 6 38 39 67 26 43 89 90 41 19 59 47 18 91 73 99 7 51 22 6 4 15 26 83 23 94 10 83 64 71 66 55 83 57 29 20 59 70 39 33 61 99 15 58 22 74 19 34 3 35 29 42 64 97 4 78 34 26 57 18 74 3 20 87 55 89 15 32 17 6 20 84 44 91 42 33 32 76 82 92 56 51 7 71 39 
72 13 82 65 36 63 59 99 41 11 24 84 62 38 79 83 92 74 24 28 93 38 92 60 36 81 2 76 44 33 93 73 39 43 81 91 84 26 90 55 28 4 99 20 46 52 93 16 86 40 96 90 15 79 25 52 56 61 22 15 37 9 12 41 35 11 34 86 16 73 91 44 81 62 96 84 12 41 9 4 10 24 83 66 43 11 15 47 92 37 76 75 87 15 68 82 60 76 62 39 
56 5 44 71 54 87 81 16 70 85 50 97 64 40 15 6 9 19 11 67 6 39 62 67 9 83 5 67 36 20 98 23 96 21 51 2 3 82 35 6 91 40 7 86 42 90 24 65 96 11 68 52 77 74 57 65 7 70 70 45 24 24 63 81 6 16 88 25 84 97 13 7 66 12 37 62 51 14 13 45 50 85 66 47 5 59 11 17 7 29 70 78 16 80 93 53 78 97 78 73 
75 36 45 90 23 74 7 28 9 80 10 82 27 71 19 68 30 8 51 92 25 89 74 47 65 50 1 3 45 47 79 5 90 60 89 65 58 81 35 55 24 12 40 1 81 52 38 78 30 98 72 3 76 37 82 28 20 35 2 35 51 36 53 28 46 54 39 28 58 67 35 69 12 12 88 87 96 72 6 18 61 81 51 86 8 10 38 6 85 59 24 68 82 60 3 39 22 61 98 48 
13 76 74 57 67 79 6 98 83 91 91 25 94 80 56 43 31 37 3 23 85 49 81 60 85 64 62 48 59 62 99 46 6 24 3 47 62 97 7 47 74 71 35 17 64 36 75 64 2 61 43 9 66 59 54 47 24 52 89 23 90 49 68 97 5 3 14 14 91 90 21 69 35 73 30 83 45 70 89 68 29 25 30 90 57 75 30 51 32 22 83 42 59 95 72 26 13 29 34 96 
67 14 52 19 62 34 48 3 64 66 60 28 49 77 60 18 69 57 17 91 97 66 42 12 71 77 36 25 38 21 28 4 94 28 21 96 35 72 34 66 92 17 51 37 84 56 58 34 55 60 93 32 19 18 83 96 4 82 95 27 98 11 74 3 91 14 89 24 20 94 77 58 7 94 87 82 11 38 24 28 67 72 88 22 33 17 27 33 28 2 70 17 80 16 81 53 72 46 95 1 
87 90 70 80 88 24 82 14 54 82 3 78 83 41 58 87 63 4 73 40 82 20 82 41 53 4 54 20 29 54 9 49 25 71 33 61 34 78 6 71 45 37 10 94 67 67 56 62 43 66 98 42 68 30 56 60 13 67 29 14 37 20 18 95 12 84 43 9 38 26 64 87 63 3 97 15 1 78 35 43 52 46 63 10 19 44 83 59 28 77 26 59 48 32 75 22 7 98 83 20 
48 45 51 34 35 63 79 16 8 38 8 99 85 91 45 42 12 83 71 31 52 5 34 81 85 71 41 32 97 16 54 37 75 84 86 57 2 31 87 59 48 5 47 4 66 53 83 42 88 7 35 13 14 79 61 28 6 59 30 73 84 4 14 99 25 30 83 19 43 14 2 90 94 79 17 27 70 93 56 76 83 63 21 23 70 23 78 77 78 33 58 74 66 74 42 62 88 36 62 97 
32 89 6 29 35 41 60 50 19 74 50 32 62 15 51 8 76 71 98 78 68 8 69 88 20 12 36 88 45 65 50 4 66 8 98 9 83 11 81 89 36 44 75 15 79 44 3 7 49 84 5 7 30 42 4 46 27 68 78 13 32 56 27 22 93 11 39 85 85 16 64 77 74 6 81 7 90 28 63 81 95 21 51 82 51 74 20 29 86 4 46 47 70 15 81 42 76 75 15 61 
50 25 52 16 26 80 76 64 89 79 68 58 63 94 71 65 25 28 58 8 53 56 74 3 73 74 82 8 93 37 4 62 58 5 63 34 85 87 33 61 14 88 77 96 42 46 94 50 79 78 62 36 81 29 78 12 3 9 10 26 32 39 31 61 40 96 72 74 26 59 59 47 55 44 59 23 8 57 26 52 19 34 38 41 27 83 51 89 12 33 34 37 42 69 15 7 20 88 28 49 
