100 40
23 27 84 6 51 32 50 58 58 31 92 88 9 49 88 9 39 34 83 52 55 52 91 70 31 91 2 36 16 59 67 41 24 83 18 99 44 13 50 45 32 16 30 31 17 81 96 32 95 19 58 41 37 57 91 74 79 47 47 66 31 58 44 73 72 81 69 69 51 28 85 51 89 28 21 36 75 34 76 58 70 17 22 77 6 68 99 68 80 2 19 31 68 50 63 81 10 65 82 58 
61 62 50 42 87 84 49 43 54 41 27 49 73 50 45 8 11 35 21 64 81 17 20 69 54 22 62 70 49 74 17 22 35 3 7 75 37 36 4 86 27 5 33 12 31 41 72 9 26 79 47 38 42 55 40 59 59 5 79 37 8 66 49 34 73 81 83 17 88 90 68 53 42 36 40 12 71 65 89 63 65 22 54 78 66 56 29 33 65 16 56 2 10 52 31 59 92 18 1 87 
79 22 6 71 26 21 3 53 2 27 35 21 9 76 61 41 10 14 93 86 22 90 8 38 22 67 32 84 45 10 55 21 83 95 23 53 85 6 40 93 61 33 68 60 74 75 27 82 50 39 92 95 68 39 1 42 68 98 45 73 47 46 75 49 59 20 1 36 18 66 87 9 92 38 60 48 11 96 99 47 60 12 47 1 83 60 1 17 82 26 14 9 17 2 1 97 3 89 32 13 
72 80 13 16 13 72 80 17 43 92 65 38 66 9 41 91 75 29 68 32 50 3 98 50 60 14 70 76 67 88 15 81 19 90 47 73 51 25 76 1 91 33 98 50 55 96 96 49 48 36 47 60 62 12 12 90 81 22 44 80 77 5 84 15 11 37 63 15 31 34 1 39 77 52 5 88 78 83 72 3 51 63 91 57 2 62 38 69 25 92 75 95 6 5 58 31 17 86 29 8 
90 50 68 39 5 83 36 55 92 14 86 98 9 25 20 74 49 93 81 82 58 93 63 21 25 94 2 79 82 61 77 46 11 51 18 2 35 21 95 25 25 19 29 88 95 92 80 59 7 80 57 2 66 20 15 74 24 42 50 31 77 73 10 21 67 36 80 88 82 47 99 74 53 20 46 13 59 60 45 36 23 74 68 67 13 58 32 30 42 7 96 40 71 9 68 9 4 49 1 44 
44 37 10 63 10 33 95 14 71 12 62 38 81 76 1 52 18 5 27 49 84 52 83 95 14 50 40 38 63 7 93 96 17 8 65 70 85 14 6 34 8 62 90 37 46 68 22 10 92 24 29 55 64 94 67 53 5 26 18 63 84 39 90 19 99 30 20 30 74 73 67 83 58 19 23 44 28 94 99 51 87 4 40 23 66 26 11 50 20 18 8 6 31 14 52 35 11 23 91 60 
5 24 44 74 4 77 52 36 13 34 13 78 26 42 14 13 72 31 73 38 13 15 46 32 41 88 17 58 85 32 2 61 4 5 54 69 88 53 57 92 66 3 27 25 93 65 13 43 62 32 97 5 94 78 95 54 49 64 55 15 13 29 57 93 9 98 15 82 92 78 74 54 50 58 15 64 4 11 47 51 6 91 18 38 43 39 4 29 33 72 15 10 29 96 94 52 15 98 19 9 
30 25 57 55 75 84 42 2 6 95 24 73 84 83 23 28 41 86 27 35 69 59 84 79 27 66 11 60 33 90 83 91 73 26 46 99 98 82 4 26 22 82 27 25 20 63 50 66 35 76 73 34 71 87 57 24 1 76 30 49 55 35 81 35 33 72 67 20 96 10 6 58 71 82 79 18 46 40 36 80 77 47 86 42 81 80 6 12 41 33 33 14 3 11 72 87 76 33 89 83 
29 80 56 13 94 45 45 84 67 41 69 23 8 29 76 47 1 41 33 49 47 78 29 92 71 13 71 8 18 88 89 98 49 16 33 38 50 80 71 69 26 34 93 5 99 1 10 30 19 75 50 97 47 21 66 33 71 73 29 31 97 36 29 56 52 85 77 44 81 67 7 2 53 97 70 4 54 61 39 96 92 16 7 97 95 88 86 93 13 75 11 42 12 44 35 69 82 34 32 75 
7 98 37 33 20 99 46 61 94 7 3 13 31 15 34 80 30 69 67 11 93 65 29 1 27 53 50 1 35 31 62 10 25 51 98 81 6 16 92 19 88 79 81 77 84 49 3 63 7 82 95 36 71 88 2 6 93 27 62 33 93 12 21 31 89 6 25 65 4 24 20 51 58 35 56 57 77 56 81 2 88 58 50 57 18 63 14 45 95 43 28 39 52 24 50 66 19 81 36 3 
3 60 19 63 1 85 38 29 58 7 72 85 13 29 84 42 5 15 46 66 84 86 38 82 12 22 45 74 52 57 64 81 78 88 96 3 72 67 53 94 25 4 53 70 32 66 22 4 98 79 93 22 38 29 9 14 71 53 20 25 26 54 81 58 39 87 60 73 55 68 29 91 25 69 68 86 10 21 67 94 75 12 22 7 97 87 37 74 61 51 25 4 56 66 4 62 80 51 4 71 
79 3 36 57 87 30 31 35 53 35 48 61 38 33 92 71 44 27 10 88 9 10 82 25 12 65 35 81 69 62 29 50 40 62 64 10 18 14 83 29 37 55 63 65 73 14 24 65 38 6 22 66 84 37 54 91 2 2 55 56 21 83 1 63 11 54 3 5 80 76 16 61 75 99 31 3 83 66 78 90 29 2 29 70 76 27 90 82 30 47 12 50 31 58 79 91 62 46 20 11 
44 32 44 76 74 72 59 80 69 9 23 5 71 51 2 59 21 58 58 97 52 32 49 20 94 18 27 71 73 11 40 42 9 47 30 68 16 10 36 30 8 30 92 53 88 78 27 11 61 76 64 19 22 88 25 39 64 23 23 80 74 36 69 94 35 29 68 79 26 46 22 79 20 79 26 82 84 64 71 24 86 83 46 81 82 64 32 80 29 78 6 91 76 43 40 30 69 22 4 55 
4 82 80 52 88 98 55 90 54 26 78 8 7 8 71 37 29 16 29 39 81 48 26 97 99 28 10 28 97 8 9 66 64 63 25 80 65 99 37 62 43 46 2 30 18 61 51 29 85 28 94 31 17 56 18 35 62 82 81 66 46 71 27 75 70 12 66 41 15 21 93 68 33 40 77 88 57 40 61 59 96 18 67 64 35 94 93 16 34 20 15 50 31 70 82 33 41 47 24 53 
78 90 97 81 94 94 56 69 12 10 77 31 98 97 97 70 11 50 38 21 84 93 3 50 38 86 74 58 74 22 24 78 78 22 3 76 18 45 43 51 43 82 64 34 87 54 64 88 67 19 27 12 81 62 17 35 12 8 82 19 24 9 55 61 64 51 48 88 62 56 59 62 33 75 66 76 71 94 33 58 55 32 4 66 48 38 7 94 92 96 52 66 16 25 35 41 29 72 30 10 
77 55 96 93 28 38 80 15 76 71 68 98 63 46 34 42 44 14 64 5 90 92 63 11 85 64 45 50 28 74 41 73 30 31 95 97 18 9 67 4 31 46 27 37 25 43 63 6 68 65 74 81 42 45 76 3 45 73 98 69 86 11 81 47 91 76 83 64 99 59 75 15 62 8 41 55 47 36 81 7 35 23 7 55 21 11 46 49 15 5 41 3 39 77 45 93 31 62 28 62 
24 32 68 31 28 87 12 47 98 67 25 14 83 54 15 50 1 52 59 94 37 85 6 7 51 98 72 65 71 57 49 71 96 44 93 44 95 66 35 25 8 49 73 74 43 38 78 73 81 99 89 23 72 22 18 46 36 10 45 83 65 91 20 98 21 14 65 74 33 45 73 13 5 74 5 37 8 9 92 92 83 78 39 41 47 31 18 68 80 36 71 77 36 84 14 95 39 85 29 65 
29 5 89 60 16 53 97 93 54 58 12 61 66 24 55 43 27 57 5 21 62 66 86 78 50 60 79 3 21 51 14 78 55 50 72 95 86 73 86 44 97 36 44 15 25 55 79 3 55 49 81 1 29 40 89 5 36 49 95 15 17 1 41 29 67 19 22 49 31 31 83 76 5 66 23 17 38 53 89 74 29 24 84 57 31 12 59 73 45 50 17 35 27 77 15 52 82 29 58 39 
54 43 53 92 75 2 35 41 21 24 37 56 46 71 16 80 62 14 88 63 38 28 28 59 2 2 65 35 38 26 90 62 90 3 48 20 59 42 45 96 3 59 43 88 38 79 62 98 39 35 81 38 38 66 35 27 24 22 19 90 45 56 82 65 7 34 36 92 73 27 47 23 63 13 41 16 58 80 99 35 93 24 63 56 64 46 31 60 22 58 59 37 77 77 62 83 97 30 11 4 
59 25 70 95 62 14 12 82 56 27 12 13 95 64 44 80 29 61 76 17 88 94 61 91 2 78 45 16 78 69 57 37 23 59 23 43 27 80 50 62 69 4 40 59 20 41 82 40 38 41 54 47 71 92 23 65 56 23 45 16 17 99 65 60 70 28 19 98 20 53 28 71 57 58 5 56 65 66 52 70 16 41 60 70 67 81 9 52 70 29 66 51 61 63 89 40 70 1 27 32 
48 32 31 87 83 75 76 56 85 98 93 68 77 28 4 24 26 86 72 19 44 92 9 43 90 59 69 82 69 95 55 20 28 6 14 30 62 88 36 86 11 38 60 56 58 46 67 1 36 95 86 79 18 68 90 44 26 40 97 44 26 82 71 23 29 61 21 20 92 39 2 69 18 71 12 2 52 12 96 41 88 9 47 9 65 4 99 20 65 36 33 85 17 40 74 12 94 43 96 1 
32 70 11 9 79 12 44 97 56 15 78 13 60 6 1 44 19 83 24 54 83 28 89 85 33 91 65 56 73 7 45 58 37 80 48 64 81 95 22 21 93 15 39 52 83 74 2 58 89 87 34 17 78 44 91 79 39 13 52 79 91 35 23 21 79 32 36 87 74 99 52 40 73 11 56 14 2 17 61 23 9 41 6 55 72 89 56 78 97 39 5 34 14 46 68 42 79 43 95 97 
88 90 76 5 30 90 80 99 86 32 76 81 92 75 37 26 14 64 72 93 51 25 22 27 35 66 60 52 32 80 93 77 39 43 60 93 87 10 33 75 39 23 17 79 92 6 50 44 75 62 2 93 50 83 75 32 11 39 9 48 85 85 68 12 35 59 58 78 51 80 11 82 61 52 95 45 23 59 12 68 29 71 91 35 3 39 2 15 3 96 41 58 17 62 40 98 69 34 63 51 
57 97 82 93 29 38 75 60 35 36 72 4 30 84 37 98 35 86 94 30 35 64 39 1 77 48 24 26 75 87 70 35 7 43 61 71 11 90 45 92 92 19 34 70 22 32 2 90 30 49 90 52 16 99 5 69 40 31 10 70 26 3 40 96 65 89 91 5 10 77 24 64 76 70 62 60 48 82 93 88 69 47 72 64 49 6 14 12 62 18 97 72 45 55 71 99 1 6 41 63 
44 3 63 18 68 47 67 10 39 48 36 21 74 98 26 54 15 62 10 84 20 73 84 55 70 35 64 81 66 23 84 46 29 81 4 6 1 26 96 84 42 42 59 78 35 84 11 54 81 80 86 47 5 25 46 64 48 86 66 81 73 1 46 47 64 74 3 78 25 87 77 62 80 85 27 57 73 88 33 92 70 83 94 66 55 31 32 47 33 58 85 74 30 66 16 59 92 25 5 79 
57 41 77 70 46 64 77 55 63 90 47 2 91 73 46 14 18 19 37 47 30 82 83 10 17 74 50 60 70 53 4 11 82 32 13 23 47 71 47 11 59 88 77 39 17 48 77 25 18 69 21 38 63 20 83 97 53 22 44 76 93 48 80 95 87 21 74 33 42 18 7 12 65 65 63 13 66 42 28 63 57 77 88 46 50 55 33 92 59 8 51 87 1 20 35 66 91 29 78 18 
22 38 69 32 59 48 79 25 28 77 50 45 88 32 22 53 10 76 40 67 67 33 61 63 46 79 47 74 36 55 69 91 38 54 7 64 59 31 44 99 16 95 77 63 29 16 7 76 31 21 43 21 59 92 4 34 61 73 15 12 91 65 8 9 11 24 25 37 90 65 14 64 8 64 33 20 47 50 45 87 4 14 24 11 77 1 49 90 78 16 8 85 22 22 95 11 33 39 17 42 
38 29 16 46 97 83 77 27 87 55 9 59 97 61 95 32 57 10 62 22 36 98 69 95 39 13 21 9 14 27 57 7 47 6 57 21 61 2 42 75 21 58 68 81 28 5 34 39 26 62 74 40 94 41 65 61 53 38 22 71 61 41 97 27 17 27 83 74 56 61 12 49 57 97 54 75 34 81 19 65 40 44 55 22 69 8 51 37 54 84 34 89 66 72 69 50 17 61 61 77 
77 71 22 25 78 34 72 22 97 77 10 48 22 35 95 82 36 80 85 49 18 37 31 16 42 71 79 97 78 94 73 55 91 65 49 93 43 86 42 62 86 6 77 58 73 17 81 22 51 58 70 40 59 14 60 44 36 13 60 11 13 31 74 63 18 87 4 68 73 48 42 39 96 23 82 35 3 68 9 58 98 84 4 59 89 20 43 30 73 65 99 12 47 58 40 89 98 80 27 92 
69 75 51 74 12 67 90 32 68 70 37 79 68 24 82 98 18 99 97 94 99 90 27 3 72 21 92 81 71 37 93 19 10 14 7 28 75 55 82 48 34 87 50 47 28 66 14 16 74 71 57 76 68 13 36 72 81 24 86 78 63 64 21 92 37 24 25 41 4 16 64 77 42 80 80 78 6 85 90 51 26 24 88 27 10 17 45 64 41 12 8 49 81 80 1 92 68 24 24 34 
46 53 7 54 95 25 60 49 60 48 10 17 24 71 57 95 54 77 85 58 99 78 60 13 93 23 31 95 51 89 29 78 71 92 69 65 35 75 49 93 6 19 50 32 29 32 33 84 37 60 45 85 39 79 15 3 32 98 54 38 93 61 56 25 84 43 99 31 48 50 43 53 11 25 31 26 81 40 86 13 53 2 20 13 98 50 21 56 77 57 65 7 30 28 9 59 78 98 91 44 
92 33 42 59 11 35 14 12 20 8 77 28 27 81 24 97 54 50 57 71 39 74 95 66 31 74 73 60 95 39 35 98 11 19 43 89 70 29 70 4 79 47 8 77 60 18 56 12 47 47 34 70 88 8 71 81 48 33 13 38 4 25 19 95 44 44 62 74 77 20 31 60 21 42 24 99 9 68 58 8 88 18 63 59 21 73 82 95 81 82 73 22 60 58 8 8 61 76 70 83 
95 57 33 17 93 66 15 86 18 88 5 12 48 15 89 68 33 54 32 52 91 39 59 80 16 22 73 87 65 72 44 32 71 83 13 91 34 67 90 62 25 58 59 63 86 7 69 31 30 87 45 26 38 94 76 26 63 40 29 31 28 61 34 58 27 10 94 50 22 62 85 65 48 13 51 83 9 77 5 7 79 92 31 56 4 14 85 71 97 18 93 16 47 1 50 70 6 79 22 37 
52 69 7 31 42 10 73 90 47 20 3 77 49 40 28 56 84 11 36 95 40 76 63 63 52 80 98 32 12 71 83 71 60 94 10 57 90 2 20 63 45 42 10 67 23 69 27 47 69 37 68 82 83 1 83 55 17 19 75 48 71 48 96 46 99 51 51 35 9 89 94 3 55 25 36 39 47 25 33 34 44 54 97 80 57 81 92 71 51 77 30 5 40 12 76 75 89 59 49 82 
44 33 99 55 80 16 47 65 6 71 42 55 74 39 91 90 99 63 62 46 51 99 79 5 57 7 24 57 3 56 37 1 34 24 14 41 50 93 13 92 12 60 44 76 36 22 81 21 96 87 53 65 28 73 45 52 20 4 2 36 21 9 26 76 37 30 78 42 32 13 76 9 29 13 95 61 8 92 69 90 4 24 90 96 14 84 6 86 90 61 25 75 45 47 11 87 46 45 86 52 
28 29 64 77 71 98 59 4 43 67 63 49 3 11 7 35 1 45 10 22 76 25 79 10 56 46 15 37 58 40 2 81 89 79 17 59 44 75 23 27 7 78 75 79 51 78 18 49 40 4 80 12 23 21 85 76 42 37 43 96 28 98 51 60 96 88 98 98 58 33 63 79 9 92 11 10 33 70 97 35 8 7 66 43 95 81 52 56 50 15 77 40 14 64 53 95 18 27 80 65 
76 96 21 62 78 36 90 13 30 13 87 75 72 51 1 95 92 65 65 12 24 70 60 60 44 73 14 71 75 77 93 71 86 81 18 80 92 77 47 15 50 57 88 88 66 4 94 7 88 97 61 72 14 13 32 82 80 21 94 32 75 86 82 8 29 70 74 93 18 31 93 68 63 18 11 8 33 78 39 79 38 56 38 49 37 87 15 78 31 5 18 21 70 38 44 28 47 10 34 46 
88 73 71 85 44 84 84 59 9 21 39 73 78 80 70 38 76 37 40 40 54 41 36 43 87 19 72 87 79 75 92 89 60 88 63 44 85 17 79 20 38 92 62 64 28 26 59 99 91 4 44 26 89 88 19 19 13 19 10 32 76 12 72 94 22 60 84 12 20 33 56 66 63 75 19 18 76 11 34 1 6 36 87 29 27 29 93 89 43 40 90 49 80 97 47 48 93 8 54 6 
35 8 22 33 35 60 63 84 92 16 45 27 30 96 80 52 2 12 15 32 96 49 28 24 34 82 31 65 67 66 69 78 83 39 21 68 1 21 95 22 71 16 36 9 79 12 19 82 43 75 53 79 11 61 79 16 67 4 73 95 28 19 41 2 41 10 23 1 88 58 91 43 83 31 53 61 74 76 46 70 40 27 41 69 93 97 43 38 80 84 88 42 79 69 47 27 2 15 21 22 
26 73 62 78 27 40 88 2 92 91 82 48 20 34 98 58 70 89 56 84 70 94 37 94 10 97 89 72 43 63 23 11 87 69 15 22 26 7 3 29 5 82 89 69 33 17 44 96 86 43 97 75 4 11 44 86 85 80 43 25 99 29 20 97 76 47 61 28 11 39 19 52 61 24 9 20 50 33 10 97 65 14 66 62 56 27 87 8 40 46 43 40 93 62 71 80 61 76 71 63 
