100 60
16 63 45 27 67 2 64 86 59 58 55 68 33 89 10 30 46 92 16 1 30 69 15 42 48 76 54 95 49 84 49 49 27 34 34 86 72 90 23 44 34 3 61 70 69 57 84 80 7 35 76 11 98 69 22 77 75 98 63 33 9 25 61 19 58 72 43 27 37 37 67 51 60 51 75 47 9 32 47 85 78 43 60 12 41 49 43 97 97 71 35 3 37 45 39 27 91 73 78 68 
80 90 1 11 76 53 87 31 60 98 83 34 96 89 64 44 37 12 82 52 7 53 53 93 83 90 37 28 78 65 19 26 20 68 86 43 31 20 20 8 12 50 63 99 25 80 13 29 69 8 94 20 69 81 48 94 48 87 5 48 17 27 71 34 49 2 11 45 66 91 24 95 18 37 28 97 62 20 41 48 47 46 64 7 93 27 56 79 73 57 24 97 93 98 96 1 78 63 9 16 
8 20 53 64 6 23 72 26 77 3 24 69 57 18 41 22 31 39 63 27 43 61 42 56 3 6 45 11 87 30 63 27 53 30 18 90 38 52 65 32 70 93 6 41 71 11 87 70 67 27 12 39 90 37 44 44 86 13 15 61 23 14 28 55 93 86 68 85 25 77 7 10 82 34 6 92 78 15 26 13 74 92 34 65 91 64 7 71 16 52 39 85 1 15 47 96 79 52 80 39 
46 77 93 84 18 38 79 50 35 32 38 23 69 67 93 10 55 32 96 12 16 21 49 52 92 73 43 17 82 98 86 73 64 12 35 14 30 59 27 77 19 57 11 85 48 17 78 74 41 80 93 23 62 47 28 84 46 9 88 23 29 80 49 36 81 29 82 92 38 6 93 62 29 81 48 46 12 71 2 8 4 70 37 5 8 82 90 22 51 52 86 98 12 99 65 63 51 45 16 64 
37 22 76 16 4 27 57 15 98 39 3 48 4 33 95 28 91 74 37 38 82 80 6 90 1 72 12 82 31 33 52 47 75 66 71 18 7 45 13 78 28 77 77 22 27 57 79 5 35 19 4 7 77 99 59 85 38 90 38 29 7 94 70 19 41 82 82 80 25 49 49 43 15 72 53 93 9 63 42 35 91 28 81 40 98 22 14 10 68 7 12 29 98 4 39 22 6 54 2 11 
57 18 39 78 11 35 68 93 83 14 52 68 20 88 91 84 22 56 85 77 31 63 14 21 9 80 13 6 17 89 66 25 1 63 76 51 68 45 52 18 73 31 88 4 96 52 45 13 24 53 33 53 34 76 88 20 70 43 62 79 32 32 94 45 49 62 1 62 65 76 49 88 19 17 43 74 25 13 5 46 56 57 53 84 25 90 87 9 61 79 65 56 98 3 90 63 51 26 85 49 
65 89 42 89 56 54 27 74 38 80 69 57 32 54 18 11 44 84 13 85 74 17 92 20 25 32 97 43 1 61 77 84 24 82 97 76 31 34 46 63 86 19 40 8 84 8 28 92 59 52 3 34 85 82 2 83 90 21 16 33 57 82 97 25 30 87 62 56 25 61 97 82 30 45 72 31 16 97 36 97 42 8 32 63 60 96 98 89 22 22 78 34 85 90 22 52 24 57 97 3 
91 43 41 77 7 52 83 92 93 43 47 9 25 38 6 35 11 95 89 83 31 34 11 90 65 70 99 60 26 48 33 84 86 69 65 81 19 25 64 23 15 27 34 69 26 40 54 96 93 11 9 32 74 1 14 79 77 19 52 58 94 50 6 27 29 86 83 20 28 61 55 77 17 78 81 73 24 43 44 52 18 92 79 55 36 33 10 56 17 61 72 87 31 6 52 76 9 48 12 73 
61 75 23 79 2 52 72 20 81 20 35 36 44 98 19 36 25 77 97 25 6 67 73 59 67 56 26 1 55 69 73 75 23 25 26 30 2 85 43 86 45 19 90 96 92 55 95 4 25 37 4 94 17 84 34 57 94 43 38 36 97 44 51 88 25 61 54 43 1 67 27 53 25 85 4 54 31 52 32 22 43 69 26 24 31 61 25 79 67 31 49 16 83 19 54 23 24 55 90 11 
90 18 12 35 36 79 33 40 98 11 85 91 16 59 72 30 76 2 38 68 98 31 45 73 13 34 62 47 44 74 41 11 91 73 97 79 10 91 96 53 91 7 28 87 46 2 92 84 85 40 80 64 1 48 56 56 44 98 32 72 14 90 59 92 32 31 1 45 25 13 19 86 8 3 52 85 64 17 98 1 27 3 96 67 61 24 6 70 41 38 88 35 38 78 93 99 95 36 31 3 
78 99 79 48 13 1 51 92 79 68 50 72 38 28 10 34 96 66 67 83 20 40 66 3 32 80 62 51 26 1 35 70 66 3 88 96 97 78 60 60 53 24 27 95 56 39 11 46 27 38 85 71 94 53 82 54 95 41 98 3 86 90 99 61 45 28 28 16 80 25 10 97 38 98 60 92 3 29 89 43 12 53 10 62 54 79 41 31 82 90 17 10 14 52 92 44 42 17 49 68 
87 69 98 6 30 85 71 32 81 38 48 74 93 29 98 75 64 72 4 3 63 29 80 89 64 30 18 56 80 20 10 45 89 75 78 55 71 46 14 69 33 81 3 83 44 60 55 45 67 27 42 78 89 20 24 17 51 2 82 35 81 92 49 82 26 1 40 10 77 53 86 3 13 29 65 13 16 85 29 91 18 96 40 16 20 78 1 23 31 23 82 44 94 31 58 29 23 37 38 84 
44 42 99 3 82 12 54 33 44 14 74 21 54 38 22 8 50 41 1 76 40 99 10 14 56 70 7 58 15 41 54 61 69 89 84 42 68 41 53 45 12 23 92 93 6 20 71 51 20 34 49 70 43 36 36 55 42 26 41 14 14 87 38 20 44 42 16 59 63 11 35 97 3 63 86 29 51 81 46 32 10 11 30 33 52 16 54 53 73 42 87 72 54 67 8 81 12 57 63 38 
57 87 89 88 19 9 17 15 28 55 34 38 97 96 90 31 5 30 41 80 77 54 27 72 69 58 63 67 48 99 15 89 71 83 78 97 71 49 64 77 33 44 79 14 78 14 6 77 46 73 82 5 71 98 89 76 72 99 25 3 24 6 88 4 44 46 61 88 76 31 91 38 64 33 69 85 42 68 12 99 7 75 45 64 6 3 81 58 14 82 6 39 19 17 52 24 98 59 88 70 
98 29 90 5 52 97 9 17 24 55 20 98 14 26 53 34 59 53 78 82 37 15 7 87 71 22 2 81 40 29 82 91 78 37 29 47 90 6 92 85 50 52 97 58 11 62 51 36 9 95 48 19 71 90 75 36 25 73 23 60 96 60 83 6 25 68 65 40 61 17 93 89 83 39 21 43 93 83 28 61 29 22 35 80 70 57 8 20 41 28 58 88 21 15 57 91 49 47 38 33 
34 46 96 45 33 18 67 79 15 80 97 21 15 99 19 89 42 55 48 87 10 78 25 30 63 80 38 80 17 83 57 78 80 51 67 72 93 23 94 48 55 42 42 64 55 89 21 82 7 13 78 94 75 58 31 59 12 5 97 30 83 89 26 88 5 43 30 73 69 22 15 13 78 35 15 58 78 80 16 10 83 71 96 53 15 72 52 86 27 25 30 56 40 85 57 84 74 52 76 3 
8 39 81 73 72 18 77 15 62 5 87 12 93 78 48 65 40 3 37 95 96 89 30 92 30 49 50 76 40 49 36 52 12 72 85 67 74 69 20 65 54 18 37 47 36 75 71 19 15 41 44 58 54 7 23 62 40 16 80 8 42 18 44 8 65 27 59 66 8 75 42 34 16 74 35 67 43 63 65 82 5 72 99 11 33 75 2 58 36 48 85 59 50 23 75 33 99 45 61 40 
66 14 47 83 96 58 55 49 50 20 42 98 60 75 10 79 68 39 60 22 10 53 79 22 87 62 11 19 59 94 44 77 16 48 92 71 64 67 77 63 8 28 6 85 28 15 52 22 64 4 41 86 98 46 31 12 31 47 88 20 68 45 76 13 98 98 30 50 76 62 43 27 3 70 44 63 6 20 83 75 25 46 7 66 86 11 43 98 91 77 84 84 92 97 65 59 75 87 44 66 
35 12 61 79 15 91 41 15 95 53 94 19 65 17 8 30 57 13 61 95 54 86 44 85 2 6 56 92 4 64 12 41 39 94 53 94 61 66 47 57 7 97 1 85 3 60 62 93 68 83 26 54 29 64 46 14 14 70 32 89 68 49 65 82 58 30 97 81 76 36 62 67 46 86 78 22 33 1 57 34 46 13 8 5 46 67 44 54 54 35 93 25 51 13 96 95 93 32 22 79 
34 35 20 75 39 10 32 24 1 85 51 13 56 90 53 2 74 1 5 14 78 70 96 66 84 62 75 3 28 81 73 23 95 6 40 14 58 17 76 83 3 29 61 88 58 25 84 67 35 83 80 74 49 13 56 5 55 81 24 30 81 47 34 29 57 90 3 19 43 49 45 84 68 40 7 14 53 99 95 24 48 13 12 95 62 39 78 5 91 51 74 52 55 61 66 95 23 56 36 80 
52 82 42 92 81 66 45 55 64 39 6 3 6 75 54 20 48 83 84 4 26 66 9 25 19 75 16 83 15 70 27 58 56 68 51 72 8 8 42 43 4 1 55 40 7 89 3 43 67 4 9 94 75 15 69 60 19 94 5 81 41 70 19 36 94 81 51 88 98 34 40 51 93 60 70 40 3 71 37 26 79 17 96 99 73 38 28 19 80 26 81 71 97 78 44 27 86 52 88 97 
4 77 72 37 31 13 46 61 30 32 27 62 74 63 54 75 14 19 82 11 54 76 66 34 43 60 38 47 44 24 91 73 26 27 63 34 37 22 12 31 91 32 99 28 47 33 76 34 89 35 57 80 10 63 6 8 88 40 17 40 78 66 91 72 79 99 29 49 28 39 94 44 72 7 15 44 55 26 47 32 96 4 67 61 74 14 50 43 4 75 48 27 21 37 76 79 64 54 89 66 
24 37 67 5 32 87 27 66 76 59 36 14 20 16 32 92 5 38 39 24 59 36 69 6 11 52 35 27 80 68 50 63 1 10 37 92 14 56 37 96 81 44 9 67 91 73 43 16 61 15 64 75 48 17 37 9 50 10 71 16 19 13 33 37 60 41 47 64 42 12 3 41 4 49 62 73 57 92 65 36 95 1 37 74 3 59 92 15 52 88 44 70 22 44 9 46 91 31 10 46 
9 93 97 56 33 64 48 89 52 86 26 78 49 73 53 11 14 40 70 36 73 35 73 9 25 69 42 8 66 54 75 78 25 23 16 56 94 69 86 99 60 79 20 25 34 54 89 33 84 53 42 43 68 13 27 23 61 89 29 21 88 82 98 96 59 69 83 52 94 34 60 63 58 2 66 12 92 69 29 16 43 34 97 60 96 26 75 30 8 42 52 39 31 72 32 64 53 36 67 72 
45 21 14 91 13 37 45 47 28 57 67 73 87 55 14 54 22 12 28 10 51 76 21 55 44 21 30 58 68 95 70 91 53 85 95 93 40 69 53 19 44 71 38 3 7 21 52 8 52 8 58 86 47 37 38 39 53 87 46 62 82 66 70 12 58 67 82 58 68 25 97 39 22 70 34 18 4 90 59 44 34 80 59 99 23 5 81 67 26 48 4 75 2 75 80 63 67 86 5 31 
81 25 33 33 48 91 37 1 37 36 80 84 46 58 86 89 43 9 37 7 45 70 55 6 2 41 85 8 72 12 75 70 12 50 55 67 49 83 22 71 67 74 18 35 89 10 16 69 56 73 94 30 8 34 24 93 63 25 48 42 8 22 59 44 67 28 87 34 93 55 77 92 43 3 69 34 62 41 82 80 61 89 92 45 6 3 21 17 87 47 4 38 13 85 85 85 81 56 92 54 
59 82 63 58 14 38 23 48 23 79 3 54 55 1 37 35 19 49 59 5 71 35 3 48 24 40 11 18 50 18 38 46 91 6 61 50 60 27 84 38 51 99 42 15 44 42 10 86 11 77 8 71 22 44 10 3 53 95 45 34 89 15 7 51 37 13 61 69 22 39 49 47 1 87 95 91 66 3 12 60 55 83 9 70 50 93 96 7 90 63 92 26 76 99 31 59 73 90 63 28 
78 9 69 88 28 22 26 84 32 72 13 43 73 95 18 76 49 13 3 92 97 54 39 29 31 96 37 84 64 91 79 47 54 97 49 27 21 10 63 89 83 95 4 84 94 20 47 75 65 79 97 77 99 37 20 80 27 47 63 87 30 89 3 39 79 3 62 51 63 10 51 42 19 57 91 64 61 40 52 39 20 33 79 81 66 28 27 37 44 57 88 12 5 31 28 2 34 64 13 26 
44 36 47 44 53 6 75 92 33 2 75 75 61 89 84 82 72 49 25 90 17 21 60 22 13 68 52 95 4 33 18 88 16 89 81 85 15 1 38 45 60 79 99 44 61 37 64 45 36 45 58 45 65 91 5 33 49 34 71 50 65 57 32 40 20 30 19 10 12 62 81 85 80 58 44 66 70 76 55 81 79 82 53 47 21 8 16 25 77 5 19 72 57 3 92 5 51 65 76 48 
40 30 79 40 18 96 46 94 62 16 68 39 55 44 69 91 60 82 4 5 13 55 29 47 91 93 93 81 10 15 16 50 85 6 64 55 33 3 43 38 39 73 65 61 44 94 43 89 23 42 63 75 69 62 69 32 75 57 46 22 11 69 95 35 8 57 22 70 38 80 15 17 97 76 22 35 89 50 41 39 97 44 93 75 77 31 9 8 28 85 6 95 81 70 73 76 78 19 50 46 
81 85 80 47 4 68 13 49 65 83 33 45 14 85 63 44 24 46 60 28 6 57 13 57 10 45 59 72 33 69 83 4 27 33 30 77 3 86 2 21 34 35 72 70 70 47 91 75 38 56 89 6 46 70 82 58 97 76 83 64 90 48 4 90 26 51 61 52 15 50 86 15 83 14 29 4 81 24 63 5 86 75 94 78 8 91 68 58 98 22 69 63 59 53 37 1 40 15 63 72 
66 74 46 27 3 34 20 57 81 26 31 81 66 71 68 58 58 75 82 98 36 62 10 96 76 5 4 62 94 56 70 49 71 79 99 88 84 82 89 22 39 46 86 27 3 56 10 56 32 35 87 60 7 72 84 25 60 58 35 2 11 12 73 36 92 13 66 1 86 36 43 27 54 77 29 37 64 89 71 71 29 13 77 24 32 2 40 72 60 63 73 8 35 81 41 67 45 55 88 67 
26 31 5 46 39 17 60 59 21 36 8 24 18 44 86 43 77 31 21 79 13 72 73 13 53 89 5 94 4 4 28 6 96 94 61 14 55 55 93 25 43 47 31 45 24 59 57 34 18 60 90 62 55 59 40 65 36 59 60 3 83 15 7 12 2 87 96 66 31 1 58 31 7 99 95 19 11 4 35 46 33 64 91 90 24 24 18 44 51 67 61 72 60 78 24 73 23 4 16 24 
78 80 16 58 31 76 22 6 36 1 57 53 76 24 37 55 67 73 92 62 29 23 57 12 76 66 44 3 91 3 28 77 13 16 28 9 11 59 87 74 72 32 56 40 79 63 71 43 92 92 38 72 33 51 11 47 61 45 75 4 57 34 30 69 8 11 65 52 79 88 49 13 8 77 4 55 72 67 86 1 83 6 77 72 56 87 52 76 1 26 71 82 94 41 54 5 71 37 65 84 
70 45 35 65 46 48 72 97 18 18 47 70 32 46 97 38 75 25 59 59 78 59 63 9 25 66 44 76 56 88 51 80 77 94 49 68 64 87 25 26 68 12 97 82 25 59 20 18 59 73 89 67 90 59 50 30 40 86 2 73 37 95 6 40 26 8 89 53 70 27 53 25 60 48 80 61 19 63 37 65 10 68 83 51 41 67 76 42 71 80 80 81 20 51 68 37 67 50 31 9 
93 64 73 55 54 57 95 31 17 27 63 99 18 51 31 8 90 26 17 33 92 93 28 16 43 76 98 90 46 4 17 18 32 48 58 14 79 55 15 84 52 72 27 54 26 81 18 95 26 34 21 67 52 74 10 37 13 78 35 20 57 81 52 4 4 9 51 84 73 9 91 96 21 84 32 43 65 23 59 28 21 25 23 84 30 43 65 13 93 6 52 5 1 52 6 78 60 61 32 9 
9 20 40 21 62 89 95 89 74 64 14 5 32 72 27 78 5 23 75 81 94 61 65 98 96 26 19 85 53 6 37 27 10 92 50 89 73 44 79 81 66 32 90 5 86 6 47 18 56 41 74 83 87 6 8 32 31 7 52 14 35 51 40 58 5 3 85 26 53 37 41 70 59 95 53 87 27 47 20 80 38 38 46 6 10 54 99 40 49 72 69 28 15 21 18 41 65 32 42 37 
86 61 67 86 75 61 82 90 1 35 8 47 44 87 2 27 84 25 58 94 75 42 86 91 28 93 95 12 93 86 73 88 43 50 68 74 47 27 70 18 60 48 92 53 99 17 54 73 31 87 57 16 40 51 73 44 27 13 20 25 74 73 46 16 40 13 10 38 31 70 61 67 84 25 25 8 55 75 78 76 91 28 35 82 17 67 25 12 14 48 78 6 4 69 2 41 26 58 65 15 
95 5 47 45 10 43 58 57 58 4 67 35 52 34 6 8 75 94 87 70 93 67 9 91 62 58 56 19 27 9 15 88 37 99 71 26 44 55 23 56 17 52 82 10 39 26 85 28 23 75 92 69 9 70 3 16 76 55 54 78 49 61 31 6 1 4 72 87 61 99 75 62 21 61 4 23 43 13 92 25 63 91 56 88 99 55 92 11 56 87 89 65 32 7 34 13 28 69 14 8 
94 74 78 53 95 63 96 62 80 84 31 61 74 73 79 40 77 34 28 27 96 73 85 17 76 33 16 3 30 16 66 8 73 25 2 20 51 85 33 15 74 86 49 94 45 1 51 18 92 27 79 27 3 13 47 84 48 89 71 98 24 5 4 61 71 49 62 73 17 92 61 79 98 13 46 98 97 26 19 53 73 22 76 5 88 87 34 79 47 49 63 5 21 92 19 36 82 2 74 93 
15 72 23 65 79 64 13 31 30 33 81 51 73 56 43 35 91 68 65 77 1 13 26 10 9 97 73 60 67 57 81 4 32 2 99 27 18 78 20 77 51 26 24 22 35 29 43 5 94 79 14 1 42 27 37 75 29 37 29 36 2 51 81 92 60 36 17 11 14 47 43 72 35 78 13 26 19 24 77 47 36 30 44 93 94 54 30 62 89 20 23 42 61 75 34 75 55 44 55 12 
13 22 23 81 15 70 14 34 94 90 94 99 94 17 90 26 42 53 5 68 37 55 98 76 24 11 75 73 82 21 58 34 3 82 75 71 67 68 36 14 36 9 18 88 22 73 43 3 78 51 62 23 73 32 34 59 78 90 11 42 43 62 13 10 81 28 15 84 48 98 25 54 26 86 68 56 1 98 64 59 46 8 11 38 7 40 66 63 74 54 28 77 72 21 16 76 35 8 51 93 
22 67 7 86 76 8 45 29 75 84 9 1 97 61 46 76 59 54 91 87 16 36 76 24 73 40 32 41 93 69 99 67 96 5 34 9 73 4 8 54 83 14 25 85 71 77 19 80 65 36 63 21 83 36 77 96 48 38 31 15 80 21 54 4 16 89 38 20 8 80 46 53 31 64 20 38 90 60 79 51 29 35 38 25 29 11 4 51 23 75 83 87 99 82 95 62 6 62 71 82 
54 55 63 9 20 50 93 87 7 23 70 32 61 78 24 56 9 69 34 37 87 33 54 53 77 19 49 8 34 19 22 65 15 2 45 81 18 44 95 36 6 59 82 59 40 30 78 67 15 39 54 94 83 2 6 19 93 95 87 2 15 93 45 9 74 92 43 51 82 47 97 12 71 99 11 74 19 13 97 60 83 97 18 56 37 49 10 46 91 72 21 42 36 20 35 17 60 18 11 35 
90 74 24 32 29 98 43 49 87 47 70 59 55 21 76 60 22 75 59 76 32 73 2 24 47 42 29 57 95 32 63 34 34 69 82 65 97 15 72 74 63 18 88 52 1 76 5 15 32 88 77 58 85 12 97 16 52 20 46 15 44 55 54 29 48 89 54 41 84 78 40 91 59 16 24 44 26 93 87 33 38 55 44 23 5 52 91 67 51 3 67 63 70 44 9 4 80 92 8 40 
4 53 33 51 27 96 7 93 55 49 58 38 21 34 73 30 57 37 83 67 85 89 43 81 93 45 18 21 16 65 59 28 20 95 90 26 79 54 86 94 63 7 53 55 12 49 11 52 21 89 75 28 20 33 37 15 57 55 47 7 79 88 91 46 12 5 79 1 39 91 19 50 89 39 4 63 16 15 87 80 70 51 71 94 96 24 82 34 2 32 54 39 41 80 11 51 1 64 45 86 
60 36 63 17 89 14 84 84 79 8 91 60 30 8 8 89 61 17 78 80 23 54 80 15 97 62 32 50 9 15 88 25 29 20 62 68 80 27 18 6 48 38 83 63 81 7 57 73 2 47 9 86 8 43 94 70 83 50 54 19 5 4 22 62 43 28 35 66 73 35 33 45 79 38 71 62 62 55 22 39 44 15 82 64 74 63 82 93 39 68 90 60 62 32 15 81 18 86 19 61 
39 47 49 56 79 2 27 10 24 27 35 5 91 29 55 70 12 71 97 59 55 1 26 73 65 83 94 99 87 34 76 39 4 48 94 39 62 32 52 22 7 35 69 22 12 80 6 9 11 94 2 27 27 45 98 19 9 61 81 64 55 76 99 6 53 52 6 79 3 10 83 52 53 65 80 48 32 59 36 78 76 85 18 79 64 25 48 35 48 76 40 16 80 87 22 5 51 86 74 32 
90 36 71 40 70 76 25 18 65 54 28 50 8 61 80 98 75 63 7 25 56 61 18 53 96 41 62 25 62 35 86 51 93 77 88 75 61 56 75 24 22 76 19 66 76 11 12 67 25 58 25 50 21 99 62 43 34 54 18 45 97 36 32 75 72 12 47 33 96 51 65 52 49 91 3 58 98 86 46 26 65 68 13 32 72 99 98 15 9 32 44 27 77 61 82 97 57 84 3 81 
75 7 99 92 58 34 55 74 32 95 94 12 16 37 25 41 74 81 89 19 1 14 52 3 96 59 72 32 54 67 94 12 38 92 24 89 64 74 8 42 83 19 21 52 62 80 42 90 62 43 37 98 25 2 41 69 50 42 39 29 76 24 46 15 66 61 89 63 84 4 92 82 78 18 49 42 61 68 11 48 95 99 68 27 68 16 29 7 75 62 98 98 7 12 67 76 20 35 83 59 
24 85 93 37 96 5 69 83 21 52 58 21 10 93 63 26 8 94 75 74 99 21 73 52 15 49 39 53 37 72 57 93 3 5 23 14 18 87 49 85 56 1 73 16 67 59 61 60 85 29 16 21 34 28 81 57 31 33 52 90 95 87 74 13 55 7 58 88 54 84 79 66 52 97 89 81 39 16 16 60 38 4 76 34 9 29 77 37 58 72 27 17 44 26 35 41 82 7 25 99 
1 82 13 44 72 40 52 62 99 25 45 20 45 96 57 78 40 4 88 2 6 6 95 84 94 15 31 83 17 19 70 51 70 15 43 65 76 43 67 59 5 15 77 55 13 46 56 94 69 87 68 69 89 53 88 53 67 59 36 33 3 46 1 38 36 17 80 76 79 64 8 60 45 4 85 40 80 6 13 38 96 23 19 72 1 27 96 97 27 34 31 27 66 41 28 72 2 53 52 68 
96 16 31 31 19 85 79 25 31 53 46 85 58 60 26 7 52 69 63 85 40 25 10 78 87 10 81 57 48 97 12 63 27 13 12 66 30 85 26 20 25 6 82 18 95 83 60 48 98 2 34 54 21 76 38 86 32 7 19 61 45 38 95 13 70 14 9 58 71 33 83 43 24 6 83 7 68 12 66 33 68 54 42 8 66 16 24 77 41 19 93 1 62 75 49 10 46 50 64 62 
28 29 71 81 93 83 57 37 87 87 28 97 84 4 42 53 71 19 11 4 31 19 82 45 23 76 23 45 61 28 93 31 4 58 39 64 24 78 60 25 99 10 4 95 87 62 37 37 13 19 33 72 41 15 50 70 68 20 12 22 94 19 93 25 10 92 96 65 75 2 35 95 3 64 13 21 36 37 10 74 33 3 57 3 46 43 24 45 5 25 95 17 95 81 56 89 44 91 67 69 
31 98 95 37 65 37 8 77 79 36 16 56 38 32 54 88 74 71 30 49 97 13 29 83 94 35 22 8 45 44 67 19 19 80 25 99 86 21 55 25 26 90 28 69 27 64 30 12 98 74 68 40 74 20 81 62 21 67 37 8 39 61 49 38 76 30 75 49 30 88 28 78 52 51 76 14 60 29 59 96 37 45 84 30 44 35 40 83 20 54 96 2 95 86 17 8 92 47 60 11 
51 31 55 62 28 56 65 51 13 75 33 9 5 75 60 63 44 81 11 46 48 92 39 28 42 7 21 45 87 57 87 34 14 41 53 60 55 51 48 51 73 7 53 29 95 87 24 35 42 60 27 70 58 14 71 21 49 88 38 88 4 9 9 27 32 14 5 68 95 86 11 57 36 89 8 78 10 91 8 94 15 3 81 70 27 3 91 8 28 73 22 77 38 30 10 47 45 53 78 17 
11 68 89 27 3 84 49 33 95 50 29 3 58 6 78 34 83 92 44 48 38 5 32 50 26 45 55 82 40 86 99 83 19 20 71 41 3 20 60 50 91 92 90 71 2 38 81 81 18 3 1 37 53 38 20 22 6 55 76 13 13 82 22 29 7 19 84 91 73 94 22 76 7 25 78 75 67 65 43 49 35 70 3 84 68 47 1 49 58 15 89 51 86 58 93 91 80 84 60 23 
93 99 39 58 51 58 87 77 14 85 40 52 49 34 3 52 27 41 81 80 7 16 58 48 16 18 76 58 31 40 17 88 58 88 83 69 20 65 82 67 28 47 5 66 71 69 6 49 92 6 89 75 75 50 84 68 17 97 31 90 19 27 59 30 60 77 70 77 83 38 18 11 75 20 89 72 46 44 90 54 14 19 21 79 80 23 57 78 20 88 37 75 53 76 39 67 33 64 60 7 
55 43 11 97 32 52 51 99 1 67 37 65 57 33 31 98 31 39 76 50 83 24 9 24 21 82 56 83 97 73 49 58 23 23 27 47 66 33 42 32 65 87 68 75 31 56 6 32 53 5 86 53 10 97 82 92 69 6 12 17 98 14 43 4 70 23 5 55 68 60 85 3 91 87 48 9 66 98 32 80 45 36 56 69 18 88 33 80 17 4 66 79 24 92 64 96 73 31 43 34 
36 98 95 88 31 17 79 54 4 63 77 16 92 42 1 18 87 72 73 40 54 27 65 28 75 58 24 26 72 33 4 6 41 61 3 98 84 29 83 28 40 29 17 39 13 92 3 31 9 19 7 87 62 9 92 7 69 93 46 39 19 70 16 8 24 26 39 50 53 77 71 42 60 95 24 33 18 39 88 75 47 88 72 58 49 71 29 34 36 1 88 54 64 98 89 98 62 35 9 7 
