100 60
94 61 1 2 96 94 43 57 29 91 4 85 2 1 36 32 80 59 33 69 60 70 18 76 57 84 15 23 78 84 37 45 12 59 66 35 4 94 35 14 42 45 6 17 34 22 52 76 90 72 42 99 8 58 20 50 47 43 82 32 14 66 67 69 44 30 28 86 81 77 19 90 60 76 74 53 87 95 92 91 22 93 14 46 55 92 5 67 97 65 35 94 52 12 64 36 2 45 19 52 
6 64 41 86 11 84 51 42 15 45 49 99 91 46 64 84 78 12 45 52 85 6 62 96 97 30 16 54 81 32 44 13 95 16 26 17 91 42 87 71 24 39 13 52 55 6 44 10 62 21 93 76 40 45 44 70 14 32 60 5 38 31 91 93 10 96 82 55 69 90 71 24 9 90 5 48 79 97 41 6 94 39 51 3 41 80 36 85 79 23 20 43 54 18 68 14 98 69 86 91 
1 38 34 25 43 53 72 17 36 42 43 43 51 24 49 2 78 62 77 50 62 88 35 31 30 40 78 8 23 90 43 94 29 76 76 86 13 35 66 92 47 28 78 65 44 81 80 33 86 10 77 29 60 50 44 28 83 94 51 72 39 18 99 3 7 14 55 94 91 20 72 86 57 54 32 8 59 46 69 16 71 64 5 27 19 49 79 40 14 47 81 76 79 36 78 10 86 64 50 91 
69 92 32 60 27 38 38 9 36 32 95 60 60 10 75 93 65 9 78 72 77 30 95 99 41 92 63 73 72 89 17 45 15 44 48 75 1 67 66 88 2 13 45 31 85 33 88 27 78 36 79 33 12 42 41 95 87 40 90 10 29 43 96 70 37 43 33 32 50 71 39 64 96 49 74 9 53 50 70 32 1 52 95 87 80 94 4 65 49 36 94 55 37 8 67 95 4 72 79 37 
30 78 37 31 90 88 41 7 37 74 87 96 22 66 17 11 17 23 28 76 95 13 63 21 13 91 87 54 89 91 70 45 89 92 66 10 4 13 98 85 31 82 36 18 57 31 78 38 41 63 37 48 90 46 13 97 46 83 80 67 62 4 71 50 90 37 49 34 54 95 96 80 40 60 93 7 67 56 1 66 80 39 37 34 22 68 65 82 18 1 71 65 59 58 44 97 79 20 59 41 
5 48 61 41 23 94 22 75 35 84 44 94 95 91 70 17 60 28 47 51 91 52 27 6 62 73 82 92 67 60 5 36 23 43 16 77 81 26 69 82 28 85 62 45 94 85 36 94 61 75 88 6 67 3 74 98 12 15 15 49 64 67 4 96 67 31 11 43 48 95 94 68 19 79 99 29 86 31 70 69 58 41 53 26 47 43 6 32 78 24 98 29 97 28 26 66 75 62 12 12 
50 50 79 28 17 94 47 81 90 6 91 47 25 51 48 63 71 97 70 30 18 35 59 39 11 15 92 5 93 75 61 1 33 79 92 83 55 37 90 28 72 46 61 59 17 16 45 80 70 3 48 9 97 40 76 3 76 69 61 93 27 71 95 20 46 98 64 55 38 5 73 42 45 77 81 20 77 68 35 59 46 25 93 94 93 22 65 48 28 91 38 70 48 57 8 65 80 62 12 23 
97 22 69 57 7 58 52 89 71 93 64 45 38 81 23 71 58 54 26 24 41 78 7 20 11 14 94 98 63 64 65 72 21 42 3 88 88 18 51 80 16 78 72 28 43 82 4 10 66 21 12 63 88 66 52 39 79 34 21 57 28 39 16 62 2 47 87 84 3 37 2 88 21 52 88 36 93 60 7 38 60 6 90 14 21 71 16 47 85 29 48 38 42 98 4 65 99 6 6 39 
47 50 8 22 39 40 75 21 31 2 58 64 79 37 9 78 50 44 79 29 4 98 7 95 74 31 95 56 54 13 93 70 70 35 78 55 69 89 37 72 98 51 46 6 84 57 52 43 17 91 58 59 29 64 98 93 77 91 23 35 27 80 80 3 27 7 93 25 98 96 47 23 9 10 66 90 59 22 96 75 60 98 85 62 20 86 67 51 16 86 39 42 85 41 46 14 4 11 61 4 
25 64 94 4 63 38 52 57 67 47 73 95 80 4 32 6 7 93 16 50 18 83 32 76 60 30 15 25 57 81 32 31 20 86 89 32 53 2 39 79 58 94 84 35 40 52 86 86 19 86 71 47 28 41 35 67 27 96 50 35 3 78 71 87 80 60 45 15 27 74 9 66 57 15 7 56 41 44 87 72 10 99 14 80 60 2 72 29 65 55 72 58 77 62 58 7 32 23 12 14 
58 57 89 70 17 36 6 83 33 25 85 83 75 58 97 23 17 44 79 46 67 95 71 21 5 65 45 68 6 76 40 93 77 51 89 19 87 42 53 12 96 67 51 23 90 37 90 7 8 89 1 64 75 18 64 66 38 3 45 85 87 46 23 34 98 97 21 86 54 91 43 15 81 72 98 23 83 32 38 70 65 35 81 11 69 54 52 18 7 99 6 23 86 51 62 36 49 88 39 89 
9 45 75 21 72 74 58 31 95 50 4 88 76 17 53 94 42 97 6 6 99 47 67 91 94 12 13 88 67 82 38 57 11 55 19 39 23 80 65 13 66 29 81 50 21 38 17 71 46 74 24 4 31 88 19 35 54 71 32 70 37 9 66 92 4 39 55 11 35 10 16 24 26 34 9 73 38 45 89 98 63 54 70 95 71 7 72 72 74 36 83 6 75 24 14 93 31 54 54 19 
33 87 1 46 94 95 92 38 33 9 10 82 38 62 8 49 23 83 11 85 18 63 93 2 41 44 64 43 84 98 45 79 95 15 54 82 56 69 82 10 66 17 82 82 23 67 43 68 3 67 73 62 43 81 85 71 24 76 71 90 48 96 88 85 22 51 39 76 37 91 51 19 55 94 60 79 82 42 92 26 56 3 42 2 24 17 54 8 25 70 8 89 72 81 94 10 33 83 2 37 
25 61 13 60 90 69 27 89 84 80 69 81 88 52 10 9 32 74 62 32 95 81 3 9 23 55 66 98 19 34 57 67 64 14 57 97 16 62 26 89 16 18 13 71 96 98 61 5 87 10 14 89 22 47 20 71 41 9 40 47 4 93 57 71 89 13 75 64 8 95 33 16 98 94 4 91 48 90 6 41 85 3 10 3 94 91 39 11 17 65 81 1 63 87 93 15 14 83 8 12 
56 55 30 90 10 8 64 15 31 3 72 84 55 69 66 66 54 18 8 70 63 68 41 84 18 82 23 6 78 99 55 68 69 60 13 80 4 43 80 50 17 96 78 19 98 64 97 94 24 22 30 77 82 7 97 98 13 48 86 45 31 99 76 94 63 70 72 44 77 55 37 44 13 66 21 28 14 65 93 44 58 95 74 85 89 10 66 24 51 4 81 37 13 47 81 44 5 15 99 35 
68 33 82 78 44 97 81 21 14 19 8 3 87 97 4 55 52 38 61 43 23 99 84 12 2 57 39 51 34 54 14 48 66 58 74 43 98 23 21 87 43 37 42 98 80 84 73 17 15 2 54 62 33 30 79 88 55 75 61 41 98 63 83 16 27 96 56 9 10 6 72 79 79 16 67 2 86 90 70 22 55 98 64 18 40 64 40 51 82 26 54 24 68 89 83 38 80 89 84 47 
42 23 99 25 80 59 99 10 84 2 53 45 70 50 80 37 30 11 63 36 7 74 27 19 76 98 20 70 34 89 98 63 66 83 7 41 42 25 55 97 86 53 6 59 67 78 49 68 71 66 90 58 89 19 29 43 96 54 34 91 35 87 36 12 88 15 1 32 74 91 12 82 15 18 53 74 25 13 89 83 89 4 47 31 48 2 97 64 72 84 36 37 51 77 62 93 68 39 66 47 
45 58 62 80 82 47 44 12 42 23 95 18 37 35 84 21 40 55 87 70 88 85 2 44 89 59 46 60 25 53 70 78 62 88 60 11 57 41 42 24 60 48 91 47 25 8 42 79 11 95 82 95 93 60 74 49 67 40 49 83 55 59 20 35 12 41 84 41 30 14 34 43 49 12 58 98 61 87 51 80 14 15 18 89 21 95 80 55 66 65 85 47 10 3 9 77 93 31 61 9 
45 16 29 7 47 23 27 11 85 81 86 10 35 69 97 93 58 73 4 79 39 22 36 39 14 17 44 36 1 61 26 49 35 94 58 9 96 23 30 29 41 48 74 34 33 3 96 95 78 76 9 57 52 52 56 71 31 35 56 29 26 83 21 88 13 39 96 11 61 63 87 85 71 61 91 68 98 18 33 9 87 29 87 80 8 32 20 13 75 33 12 28 94 46 92 61 80 17 73 3 
97 39 26 10 5 62 79 72 64 67 49 33 53 73 41 29 94 50 36 26 16 72 46 72 4 76 74 56 64 17 66 63 74 23 67 30 39 55 84 3 50 58 33 92 40 23 1 32 40 38 2 29 34 46 29 28 17 6 18 62 51 40 96 11 19 97 42 55 84 7 43 36 46 35 48 9 92 40 26 1 63 31 22 65 98 21 13 40 1 86 65 4 87 21 88 28 51 92 94 42 
39 51 74 84 96 25 48 71 82 44 75 7 15 73 70 93 50 22 29 68 66 28 4 91 41 40 92 19 33 93 15 88 69 99 94 1 17 20 41 1 72 49 31 56 39 1 90 41 8 80 72 18 41 76 42 17 52 32 56 18 86 32 45 31 4 84 92 79 58 98 18 81 80 68 58 26 58 52 50 61 20 56 6 72 11 14 1 61 80 67 53 30 59 49 2 63 42 65 90 6 
86 36 77 44 20 26 23 1 40 64 15 18 32 89 71 75 73 73 8 38 45 27 43 65 31 7 5 12 29 21 38 41 55 36 8 25 52 81 9 51 93 59 68 35 88 44 57 19 92 98 91 81 10 72 40 44 2 8 32 77 91 53 63 5 71 62 98 13 9 4 83 53 54 66 48 54 41 65 12 21 3 50 92 45 67 9 9 13 73 72 92 7 69 27 87 14 23 15 62 34 
68 12 8 65 54 78 59 31 11 8 54 9 40 93 12 49 13 98 36 33 97 80 46 2 98 21 12 88 81 65 77 52 5 43 99 7 54 8 75 51 72 64 74 4 87 1 70 30 50 19 70 77 60 68 48 4 97 74 76 9 58 69 55 68 80 28 43 62 76 94 92 6 69 14 76 82 18 66 21 77 48 95 40 1 90 41 59 29 5 71 56 29 14 10 83 90 36 71 6 60 
58 19 71 15 53 53 23 88 17 31 83 3 38 42 79 67 51 99 66 39 91 97 77 85 55 63 82 35 52 16 46 37 63 23 81 16 96 56 6 28 47 47 1 19 45 43 64 78 19 65 68 98 51 64 18 26 30 73 3 22 12 70 55 18 70 30 9 69 61 79 50 18 69 57 80 38 72 69 68 3 93 43 4 34 59 85 62 64 52 39 51 83 71 36 74 8 89 58 84 23 
21 12 80 23 72 9 17 14 60 24 76 27 36 52 66 90 84 1 18 87 3 72 64 36 79 47 22 70 81 60 73 26 27 88 48 15 75 28 4 9 2 72 5 25 83 5 8 2 77 65 41 81 1 43 86 92 19 52 56 31 17 15 82 39 89 41 91 91 16 12 88 70 46 59 35 52 78 47 37 85 43 54 20 72 80 53 11 52 27 93 23 80 92 82 35 11 43 66 70 76 
67 88 69 64 49 9 80 93 73 83 41 30 75 77 17 61 48 26 77 45 43 40 10 19 82 9 20 4 58 12 39 13 44 21 35 54 99 10 11 42 77 56 18 96 27 52 57 57 4 9 89 82 72 60 39 59 19 73 98 13 48 54 41 3 96 50 19 42 39 58 75 92 89 35 50 76 11 97 83 83 23 31 21 73 4 97 28 84 99 40 85 41 33 87 3 55 2 64 23 40 
13 5 37 37 75 62 31 93 97 23 92 92 17 92 43 95 43 19 40 23 92 29 14 86 18 53 96 21 37 62 54 15 70 94 17 40 67 89 9 86 37 19 84 89 82 16 53 64 31 10 17 36 65 55 97 70 53 61 67 6 80 28 83 83 84 71 18 80 77 62 86 40 88 49 84 3 86 95 14 36 14 9 17 70 21 72 7 24 90 74 98 39 77 44 39 13 32 77 43 25 
75 12 55 94 53 63 49 99 21 10 88 77 19 63 80 67 58 51 27 7 75 84 87 86 88 3 31 13 54 39 90 58 26 70 24 19 4 76 69 73 99 96 96 35 84 85 69 13 52 67 99 62 70 95 1 45 41 6 50 86 51 73 38 29 37 71 30 88 30 25 18 12 25 66 82 34 24 95 43 30 4 31 18 78 64 70 78 10 87 44 8 67 95 72 55 64 3 23 90 35 
40 10 70 71 30 17 83 19 38 37 74 60 56 31 15 50 27 65 63 38 23 93 49 52 25 39 52 79 8 73 85 48 17 99 74 7 55 33 43 6 59 81 87 83 83 30 64 39 79 17 66 22 79 19 9 7 74 31 7 78 99 48 58 12 12 46 25 54 73 63 14 5 30 79 58 97 96 3 97 80 36 43 63 99 39 2 52 77 10 44 17 97 40 89 40 82 97 86 18 76 
45 16 36 66 24 45 50 58 58 22 38 80 62 23 45 20 91 51 63 48 48 45 32 26 86 89 49 10 23 13 74 54 38 3 35 28 84 4 35 8 91 31 58 94 76 71 78 15 44 92 61 29 97 48 73 34 44 82 87 74 98 40 88 45 91 70 80 2 78 32 92 60 39 3 85 10 90 83 57 14 89 5 51 22 39 33 57 69 97 76 26 88 80 93 66 15 69 95 60 88 
95 47 53 22 35 93 46 72 25 32 31 81 64 83 18 90 56 20 35 57 39 92 62 85 16 63 62 54 87 39 6 52 85 97 14 8 96 25 79 20 5 40 3 88 10 33 22 49 71 90 45 98 29 31 81 33 42 34 70 73 14 69 14 99 30 34 10 81 82 78 81 8 6 41 7 22 8 75 55 49 99 86 12 30 26 58 15 50 98 85 81 71 26 7 46 66 46 34 82 46 
85 51 72 14 62 17 16 40 87 97 71 30 92 61 69 4 22 23 37 56 97 94 55 11 71 50 10 75 82 72 55 1 12 16 66 33 41 60 93 76 6 70 23 40 54 44 29 6 5 78 35 71 95 20 63 20 50 20 97 65 25 96 35 15 72 86 44 23 91 2 22 50 90 86 47 14 35 72 41 49 13 39 20 66 82 63 50 1 36 80 12 76 51 40 44 56 48 60 13 3 
25 28 26 41 94 82 94 65 18 24 98 98 4 86 7 87 49 24 68 42 25 97 95 18 55 52 41 95 94 1 85 65 18 5 15 4 92 53 2 59 65 47 86 31 42 79 60 51 70 16 45 63 16 77 74 9 51 19 76 5 29 13 53 25 70 31 62 82 42 24 99 10 38 1 78 41 61 16 13 93 7 45 97 48 39 69 87 30 77 53 84 89 72 30 13 88 93 81 4 73 
67 62 94 62 71 89 23 72 99 43 35 26 13 30 41 50 25 74 57 93 6 23 11 26 90 48 47 50 84 58 32 8 69 4 64 81 11 78 77 6 62 33 48 72 72 75 99 34 94 81 12 12 85 95 25 5 20 43 47 89 90 34 59 34 18 66 22 96 55 39 82 38 95 49 79 25 75 9 52 37 84 42 41 70 71 96 2 50 45 47 5 29 90 4 43 98 63 17 43 95 
10 35 54 87 93 57 80 45 99 77 62 42 36 62 7 93 68 57 46 7 52 17 67 15 63 35 44 8 31 80 67 65 65 26 75 84 92 75 89 14 85 5 41 82 91 80 4 33 69 4 27 53 15 31 62 5 96 14 99 58 82 22 96 20 76 81 10 66 46 4 26 74 54 14 91 53 90 86 49 74 5 73 60 4 35 38 48 33 39 82 16 10 29 83 88 71 98 20 38 71 
96 53 57 95 25 53 9 11 2 12 64 44 73 92 21 45 76 51 94 40 93 93 76 78 16 30 91 95 90 33 52 65 82 92 15 58 31 74 38 98 2 74 36 18 48 74 38 13 62 98 42 2 37 74 72 79 18 79 34 75 60 8 72 10 86 19 26 46 41 96 85 52 49 7 48 56 68 51 72 98 51 24 41 91 94 71 9 75 3 41 63 73 37 45 82 49 77 14 85 64 
70 7 56 56 75 44 90 10 25 28 4 68 84 37 66 6 76 14 47 55 62 49 95 85 24 60 22 83 42 73 75 35 84 8 31 9 77 50 68 36 97 44 52 88 43 63 13 65 23 1 30 71 33 43 12 96 40 56 79 2 62 64 44 96 49 33 88 22 65 47 54 29 70 98 14 65 98 58 59 51 43 66 80 64 37 9 47 18 31 96 87 45 77 53 74 77 13 91 2 29 
74 49 34 24 28 55 16 1 27 67 95 21 93 98 76 33 34 83 48 66 52 94 1 33 48 41 27 41 33 77 27 94 27 10 20 4 70 4 43 88 27 86 65 88 94 59 88 64 8 95 56 8 43 55 56 46 30 86 33 48 51 31 87 34 55 35 89 76 58 51 79 8 49 46 73 31 2 7 75 20 76 47 80 30 25 16 76 3 3 96 58 69 69 23 30 62 98 76 9 18 
43 4 22 53 2 3 83 22 25 31 2 43 92 45 7 10 24 34 85 14 5 50 10 79 24 44 67 88 1 90 92 19 19 25 97 69 53 71 8 97 9 75 85 44 42 32 69 68 2 23 98 79 54 42 48 67 16 31 59 30 84 7 71 12 72 95 51 29 36 62 26 5 6 44 14 95 21 78 55 28 55 37 45 28 55 57 62 50 67 70 2 12 68 34 6 21 97 68 96 12 
79 8 32 76 64 43 70 56 75 32 18 92 97 61 70 12 5 82 92 32 17 69 74 23 56 76 84 60 4 92 30 85 56 98 11 57 79 22 75 13 69 95 77 19 4 11 35 31 1 77 81 51 76 77 26 81 95 22 8 79 35 5 52 18 36 66 29 39 59 39 7 10 43 15 10 80 63 90 73 39 79 35 1 68 3 34 22 3 44 57 44 82 74 8 14 12 77 79 69 15 
12 57 25 42 10 51 38 91 91 59 87 31 92 48 18 69 93 17 21 90 11 77 4 31 68 37 80 63 87 81 48 78 61 50 68 64 41 23 50 88 14 2 30 79 85 87 53 6 62 63 56 61 31 77 47 44 39 22 85 38 79 17 66 90 70 87 99 3 33 50 90 1 79 90 25 23 86 44 45 99 83 79 35 35 29 81 1 84 95 26 49 44 47 68 72 23 24 20 28 29 
81 51 39 47 54 16 13 83 20 94 52 93 17 13 18 70 30 61 73 74 99 96 86 38 28 53 42 73 81 45 46 73 5 73 28 24 18 35 52 10 29 26 22 14 39 47 86 34 46 16 46 79 54 65 59 85 77 53 47 12 47 70 5 53 20 45 98 49 80 49 83 80 50 4 1 85 91 87 85 59 18 40 78 64 94 72 25 34 51 69 86 81 81 95 43 3 54 6 4 83 
88 60 58 91 85 20 25 22 28 76 12 71 53 41 23 38 40 35 69 52 40 26 3 1 13 56 46 63 51 74 23 41 17 67 90 89 72 91 71 48 9 3 84 73 77 90 72 69 24 7 41 17 17 94 81 9 82 28 8 78 30 33 85 31 87 26 64 74 33 42 7 54 25 67 23 79 31 68 98 58 62 26 30 27 6 64 49 79 52 82 62 5 28 89 76 12 27 29 32 63 
61 73 16 5 18 84 49 44 11 59 55 80 78 28 62 43 74 86 34 6 19 50 38 43 59 14 92 82 26 5 26 66 85 40 35 1 2 84 37 20 87 4 30 38 63 23 47 5 13 80 13 62 40 89 97 6 24 86 78 31 77 95 91 99 98 77 89 88 33 89 97 52 26 45 70 71 80 61 48 18 12 24 11 3 5 37 39 39 73 84 64 95 9 83 32 50 44 40 49 51 
47 58 7 5 27 20 69 22 46 92 87 57 86 43 27 28 95 61 64 68 70 43 62 8 37 71 54 54 33 1 26 74 85 31 95 74 97 95 92 84 24 39 44 36 58 99 53 43 8 91 80 87 80 82 23 97 61 79 1 27 97 7 34 42 78 89 25 95 15 33 40 16 25 4 91 80 9 15 17 4 36 99 60 14 24 2 57 35 19 49 11 71 76 39 76 85 48 19 43 78 
22 13 30 64 14 57 36 64 99 48 76 66 34 83 81 80 5 85 23 93 40 8 14 75 17 37 18 83 62 6 56 72 65 92 12 98 80 31 35 26 33 16 54 31 29 10 77 14 55 49 99 97 91 49 12 42 15 11 3 42 5 29 68 42 50 96 18 35 56 10 79 73 49 76 5 72 85 24 77 20 53 99 21 78 82 83 98 94 52 90 28 3 91 77 79 35 90 50 87 23 
9 95 47 5 7 16 85 61 1 35 14 12 85 98 69 8 27 71 80 82 95 66 92 86 94 77 2 15 97 10 87 40 70 11 40 43 12 2 94 43 78 9 63 32 17 95 62 3 98 92 49 80 47 30 47 58 71 68 82 20 95 27 13 81 93 21 57 15 15 88 31 80 20 22 73 60 12 2 80 90 64 24 38 88 54 36 50 85 95 62 70 60 66 42 34 68 43 55 91 72 
60 43 29 81 84 14 88 48 28 50 38 22 94 43 53 67 49 73 52 69 75 63 46 80 29 40 2 87 97 84 92 57 56 93 57 3 23 31 57 32 15 89 30 7 3 41 45 1 73 97 66 54 76 66 98 28 90 3 54 63 72 73 1 37 16 4 21 18 8 42 71 21 85 12 32 66 89 68 71 33 26 54 92 18 14 59 99 89 52 71 46 48 66 38 95 75 69 18 75 97 
50 46 85 26 97 79 47 58 63 41 91 56 26 74 18 87 73 67 24 4 83 30 86 20 6 77 49 95 44 10 95 18 34 94 35 78 28 47 81 62 74 12 39 20 99 45 77 56 89 93 18 7 69 77 11 22 87 72 22 46 93 89 6 3 22 54 95 68 72 93 79 61 91 13 82 19 53 76 47 81 40 92 17 69 26 91 16 67 56 10 32 7 28 65 92 43 74 48 54 41 
94 3 13 50 75 72 33 23 55 95 76 1 50 44 6 21 19 99 79 34 72 59 62 11 81 41 30 46 77 93 74 65 65 96 13 32 25 75 90 55 20 96 91 91 4 84 38 55 22 20 4 24 26 52 17 42 73 1 65 30 34 62 6 91 2 21 67 14 94 49 60 82 64 17 79 79 2 98 12 95 42 75 45 32 74 48 69 12 44 36 87 80 61 87 17 16 6 86 3 33 
38 17 57 7 1 55 38 72 39 77 3 77 27 70 7 88 62 65 1 38 5 75 59 50 2 23 11 76 21 68 70 24 82 49 71 88 90 3 96 84 63 3 8 78 64 89 78 16 35 1 24 57 25 1 36 7 23 15 10 45 89 61 76 57 84 78 36 68 5 58 86 72 9 79 57 63 52 34 38 66 18 65 11 71 46 90 83 60 68 41 17 43 35 86 60 85 48 70 78 39 
97 35 29 59 92 4 24 34 71 99 76 13 4 84 32 19 96 58 96 90 48 11 99 37 3 84 41 95 11 26 58 86 80 43 73 70 39 63 54 4 85 86 70 96 48 45 48 65 38 57 26 93 13 83 13 86 23 85 45 23 74 79 38 20 85 91 48 81 39 21 25 59 41 85 69 7 75 86 90 37 62 63 58 76 16 46 64 24 92 14 75 5 57 54 90 30 34 14 98 48 
79 96 34 61 47 78 92 76 68 57 86 92 35 7 25 39 18 85 33 22 43 15 36 3 77 67 37 79 7 37 98 69 19 33 29 88 83 52 55 35 34 61 12 68 49 83 19 91 34 73 60 33 1 3 71 27 51 37 16 93 55 23 67 23 37 63 92 54 50 5 31 58 64 12 75 16 44 54 55 5 28 85 18 75 14 23 6 33 38 32 44 22 58 6 16 5 30 46 49 43 
83 56 56 12 77 48 84 4 36 56 27 24 21 66 73 95 76 89 98 16 36 61 68 62 23 50 44 95 64 64 91 72 92 56 87 45 51 33 21 71 5 56 5 22 41 52 80 82 79 20 24 63 79 33 50 5 41 48 23 80 16 13 59 12 12 67 34 63 98 55 89 57 18 28 39 75 81 51 74 68 86 11 71 59 16 19 97 51 47 20 17 33 56 99 95 87 29 88 11 92 
10 91 44 22 65 29 48 68 75 8 33 16 32 75 74 32 31 76 72 52 9 94 81 11 69 74 40 71 19 57 2 61 92 12 69 98 90 64 24 26 8 31 54 41 64 50 92 29 35 9 43 90 84 81 14 76 96 54 46 18 5 59 49 57 26 7 28 79 87 16 17 45 64 43 12 16 3 17 96 93 59 68 79 47 26 61 23 42 66 24 71 77 44 79 88 11 51 80 84 93 
76 27 58 60 4 60 24 31 3 73 64 17 9 2 97 16 93 92 59 61 15 58 48 84 79 34 89 65 96 36 90 91 31 13 92 15 67 6 31 5 56 5 90 9 80 3 62 5 3 53 98 61 29 26 69 89 58 63 20 2 44 37 24 68 47 5 45 71 95 64 87 64 36 12 56 26 93 96 11 17 27 81 23 37 86 91 32 78 65 76 4 86 61 66 81 14 32 23 48 75 
1 61 43 9 74 30 47 82 17 76 22 19 22 20 37 92 53 32 21 68 24 15 40 82 75 85 84 27 66 58 47 31 44 20 5 38 34 18 98 90 15 35 17 12 5 78 76 84 39 52 3 32 53 46 11 4 64 12 89 51 49 48 76 13 31 76 48 92 56 30 92 44 78 28 95 49 35 61 23 1 37 69 96 84 41 27 79 57 36 22 58 32 23 36 18 57 97 29 32 97 
29 55 17 77 65 3 86 38 18 58 61 75 30 15 5 95 88 22 76 69 26 92 36 29 31 10 52 80 53 28 7 8 11 85 5 79 93 9 73 54 71 17 77 89 1 29 17 43 31 71 40 83 9 81 45 97 86 17 88 89 26 60 91 95 9 26 45 84 38 63 18 66 47 70 60 97 7 89 12 88 28 24 8 9 71 37 86 93 52 62 91 50 46 8 82 64 98 63 40 7 
57 1 39 58 60 76 96 23 48 17 45 71 86 68 2 71 54 57 63 90 72 23 34 24 36 48 56 27 45 94 45 46 37 27 18 50 14 50 23 61 81 36 74 86 70 60 84 49 77 28 87 21 89 7 81 49 17 60 50 95 28 77 99 58 73 2 88 10 26 68 56 29 5 27 59 24 8 82 99 73 48 18 56 52 78 32 15 62 27 65 2 68 27 36 15 23 47 67 54 5 
99 40 97 70 99 24 21 30 43 1 34 49 24 77 39 7 90 71 22 69 6 63 10 47 3 56 31 48 40 29 62 39 56 95 96 94 32 60 89 60 40 71 20 5 6 81 47 76 58 3 63 63 95 58 55 43 29 47 55 46 51 92 99 5 84 4 86 16 39 27 29 93 69 9 14 26 34 43 56 33 45 38 56 19 30 61 57 34 85 7 97 26 34 41 73 97 78 69 86 65 
