100 60
69 41 28 76 30 45 91 65 67 25 53 86 37 44 23 45 91 61 35 22 36 93 8 31 88 69 95 79 31 83 48 18 70 57 67 98 91 92 61 36 14 25 1 56 49 87 76 57 58 58 56 66 3 25 39 91 8 34 12 84 13 52 7 89 32 18 56 5 6 3 52 38 61 63 95 60 69 1 62 65 93 15 48 23 57 60 37 37 89 4 47 4 87 82 92 60 72 53 39 51 
62 87 1 12 46 12 10 8 42 20 46 89 62 84 44 89 8 71 67 30 50 28 90 1 12 56 79 41 47 2 73 20 26 31 65 21 12 13 85 20 44 99 80 67 21 10 92 69 78 10 47 70 73 91 29 32 63 57 63 17 88 98 98 66 52 79 90 87 5 17 78 28 20 61 67 61 81 79 13 66 60 34 98 10 98 64 19 26 88 71 60 99 55 93 82 48 39 93 98 96 
4 66 44 56 60 45 8 55 30 80 99 10 71 48 36 59 85 4 80 81 25 93 48 93 95 60 16 62 68 46 25 10 84 3 89 18 55 95 99 36 79 11 33 87 38 59 57 76 9 88 34 91 70 82 33 15 5 69 29 25 9 33 15 8 96 12 5 58 11 10 42 90 20 1 3 40 35 35 6 74 9 47 15 94 44 60 48 47 99 90 83 24 98 60 63 73 31 95 4 5 
8 79 40 97 39 84 94 48 39 59 65 53 74 76 60 61 26 24 22 6 29 34 58 27 98 17 76 12 64 89 9 18 98 11 52 10 50 8 89 88 74 13 31 23 63 88 36 78 81 63 51 53 89 61 40 6 83 35 12 88 22 92 54 76 54 33 66 99 59 77 86 76 71 96 27 39 12 46 4 73 22 96 66 42 94 62 31 21 3 36 12 28 33 19 50 54 16 52 49 96 
67 29 74 10 43 32 97 98 91 36 9 45 17 11 78 62 19 97 50 61 50 70 99 13 73 85 89 1 15 40 24 75 21 32 9 18 19 10 2 88 66 35 76 85 12 35 72 4 50 58 53 86 80 34 64 86 57 26 86 20 52 89 94 20 8 29 14 96 92 50 71 95 61 21 60 45 7 26 89 23 18 21 43 5 38 92 35 25 17 12 65 31 69 89 80 38 33 38 22 91 
36 66 91 19 63 10 84 26 2 26 60 99 86 5 36 89 35 97 97 48 26 3 86 12 80 42 76 86 45 49 57 25 73 43 14 9 5 14 12 32 48 2 72 79 60 81 60 8 31 41 59 31 61 61 59 95 46 3 29 68 54 81 9 11 12 52 80 66 80 89 55 37 41 71 55 68 75 55 91 30 45 65 45 92 72 67 53 15 26 56 83 22 97 34 23 86 84 91 50 13 
21 34 33 25 8 23 11 23 32 52 58 69 40 60 73 49 82 6 13 68 25 69 98 62 45 65 20 99 48 45 47 91 66 5 29 93 71 87 6 16 74 96 15 29 35 95 90 67 69 18 79 39 53 71 41 29 30 45 53 8 17 16 24 35 12 56 91 69 95 36 34 71 46 33 75 12 35 37 90 77 41 56 14 74 55 26 41 40 82 11 41 45 54 13 59 1 31 79 21 66 
36 26 46 54 90 7 23 14 42 85 24 86 78 31 44 21 10 6 69 77 5 97 5 55 14 52 9 27 9 3 22 70 10 2 1 94 16 51 45 78 38 36 36 95 31 53 58 50 21 45 40 4 42 28 76 12 63 28 68 50 21 5 48 49 52 90 13 24 23 16 55 6 60 46 95 73 84 7 12 82 40 18 71 2 26 26 63 39 28 34 29 73 49 33 90 90 43 33 88 8 
61 34 59 92 26 3 97 23 77 55 74 90 10 17 74 75 39 84 31 6 55 82 80 17 79 19 21 3 24 42 65 78 43 95 99 34 94 76 41 85 91 90 88 40 61 8 84 47 98 19 70 54 27 93 38 65 51 34 92 95 14 33 5 29 53 30 68 72 56 64 55 16 20 38 73 84 3 64 21 95 82 29 47 18 14 47 1 24 84 15 94 48 67 69 55 46 84 43 83 43 
73 85 27 33 24 99 18 53 39 25 15 52 82 5 80 89 17 37 21 71 81 58 58 34 79 22 18 22 53 83 7 68 69 78 96 79 99 2 4 15 99 95 69 67 93 26 44 45 53 63 67 52 79 66 47 72 83 63 43 47 70 29 48 58 15 72 69 10 50 13 7 8 41 65 38 43 72 16 99 72 27 10 64 96 63 27 26 47 6 69 80 63 17 34 5 75 83 4 41 83 
6 53 62 30 13 99 53 31 28 98 63 89 14 35 11 30 23 73 11 7 6 63 76 17 16 47 26 1 14 66 91 51 80 66 26 18 15 4 3 16 45 52 32 30 35 10 56 22 87 4 66 37 53 97 1 8 37 96 54 64 2 55 85 37 75 82 20 65 61 49 61 1 37 91 91 17 66 20 82 15 4 26 97 27 2 86 3 25 15 69 68 26 6 43 78 99 55 80 35 72 
78 90 21 14 5 39 26 5 11 62 15 56 34 34 61 87 65 26 7 81 81 40 94 16 72 40 98 97 80 81 55 90 21 45 97 48 24 66 81 46 56 65 22 10 62 83 20 50 83 8 96 90 3 7 24 2 65 60 54 32 13 92 55 36 19 97 35 9 16 78 82 16 25 73 87 27 92 87 83 42 17 26 68 28 81 24 43 45 87 76 40 82 82 73 54 88 90 27 75 98 
40 53 20 16 1 3 80 26 68 97 25 26 62 62 99 16 71 13 98 20 9 18 18 39 66 53 12 12 75 56 49 66 58 85 72 80 87 75 48 33 41 92 29 66 58 90 7 36 97 69 68 74 91 30 55 40 2 28 16 76 78 35 65 71 14 90 37 6 99 62 45 20 84 96 36 60 26 81 45 41 53 97 55 2 17 77 51 55 49 60 76 55 19 48 90 44 89 64 22 13 
3 3 31 21 29 50 50 67 56 5 27 22 51 68 10 24 19 18 79 30 86 80 31 89 82 24 50 28 23 29 97 29 85 75 93 15 97 24 90 27 12 93 62 12 91 48 81 92 90 72 2 60 33 55 40 50 96 73 55 22 92 68 32 47 48 30 59 80 87 79 16 50 12 46 46 35 81 53 47 47 97 95 45 11 81 24 77 46 60 22 77 50 42 94 52 75 2 40 63 16 
89 19 52 72 54 89 72 29 95 98 89 35 59 2 25 89 94 21 54 63 56 49 15 99 15 57 12 24 60 2 23 49 10 30 6 81 15 83 5 30 62 12 54 6 89 68 91 36 80 28 54 64 80 82 92 62 96 56 76 29 10 4 94 6 74 24 70 72 28 60 59 63 98 11 61 68 10 33 25 37 85 49 52 91 58 55 7 27 74 22 20 20 1 9 96 36 33 63 21 33 
88 61 4 13 58 99 53 85 74 62 88 86 71 53 69 93 89 7 27 27 11 15 99 84 87 61 60 69 71 52 52 23 52 48 15 57 80 92 20 82 5 48 99 42 97 21 77 43 94 99 5 83 17 79 82 91 8 99 4 48 63 68 74 25 61 2 53 12 95 46 77 47 5 17 94 55 6 28 96 69 21 17 48 70 17 87 21 12 27 29 21 55 87 56 22 1 69 37 98 16 
98 49 98 34 78 27 92 28 40 6 57 94 58 39 42 3 47 26 67 43 21 60 78 82 46 96 5 21 3 97 11 51 32 96 59 9 3 48 61 35 60 90 36 26 85 96 65 97 51 33 51 32 77 18 71 42 89 70 37 24 71 75 46 12 24 35 41 38 22 24 65 86 68 48 21 50 50 3 22 87 98 23 52 77 40 45 23 75 55 59 24 71 38 69 86 46 45 46 36 26 
91 9 85 6 49 25 58 69 77 56 2 78 86 40 56 91 92 26 10 72 2 61 81 72 90 69 99 10 85 36 86 53 46 84 35 5 47 61 92 73 55 15 44 67 17 77 91 66 34 47 32 6 46 70 45 60 17 18 69 20 6 71 85 78 60 4 98 7 87 58 16 40 41 30 33 58 2 51 10 62 56 67 55 61 81 20 9 52 23 29 20 98 79 74 28 16 79 76 49 48 
82 2 57 89 74 26 60 94 53 18 34 66 64 74 28 63 86 68 31 74 46 55 79 23 17 78 63 75 31 80 33 48 82 1 2 10 33 89 57 92 21 12 65 93 66 50 75 84 74 17 27 19 46 55 59 32 83 47 11 54 92 23 33 15 92 61 91 47 23 1 73 93 46 43 94 18 58 60 7 4 91 3 1 66 22 2 14 57 77 78 38 68 38 50 25 42 52 35 89 75 
32 60 47 43 48 81 67 69 1 3 65 26 84 8 12 56 79 58 81 53 86 36 83 91 57 64 94 54 25 45 87 68 35 90 63 37 77 48 84 64 19 40 3 94 31 88 92 38 23 50 83 3 76 45 89 30 71 88 39 20 19 26 10 66 92 57 57 87 64 75 46 54 27 90 83 28 32 68 48 84 18 56 22 49 45 15 24 28 21 53 36 40 37 55 39 43 97 15 44 73 
92 37 50 30 6 53 25 73 19 90 33 75 84 64 64 13 91 4 24 10 26 14 91 88 27 26 80 30 42 59 87 30 84 72 54 50 87 23 20 80 61 22 81 93 51 89 46 98 92 15 89 1 66 9 12 55 54 59 94 26 99 93 54 37 60 26 2 36 62 23 97 44 63 50 6 15 2 37 55 89 56 29 89 56 3 42 30 2 70 26 26 71 93 9 14 23 75 67 75 84 
27 95 62 90 71 39 88 37 33 94 41 36 76 74 25 68 67 69 36 36 51 38 40 45 36 82 58 88 73 31 43 26 41 20 65 64 21 72 89 42 80 83 60 7 60 1 79 96 47 2 90 25 60 77 57 58 29 17 49 1 79 82 16 70 10 96 74 86 74 17 89 45 66 25 51 5 96 2 60 64 74 10 7 47 92 77 54 80 4 77 17 77 4 8 45 18 17 73 2 28 
36 62 77 58 63 1 88 57 57 55 37 61 15 73 67 11 31 17 78 64 7 68 24 3 52 31 25 33 97 44 69 99 95 82 24 83 26 62 38 17 9 55 51 81 4 83 95 23 20 37 9 48 21 71 32 38 30 18 23 52 42 89 61 33 20 87 50 16 11 5 28 31 45 37 71 14 46 85 2 7 37 61 94 70 44 99 79 85 6 55 52 62 77 19 81 45 36 16 8 19 
22 52 70 24 99 99 8 65 47 13 83 46 2 17 27 2 92 96 25 51 72 32 55 19 52 29 16 73 25 49 57 54 4 43 12 5 51 79 28 3 10 80 98 93 30 45 96 19 11 89 98 49 21 72 25 14 35 29 64 35 65 98 8 55 90 61 81 73 89 65 73 71 70 60 69 47 3 26 80 46 48 7 78 92 93 39 23 22 81 87 94 8 39 71 26 99 11 99 34 46 
32 51 63 78 6 92 69 72 47 56 51 73 98 39 61 2 65 51 48 75 73 77 5 56 25 27 28 16 51 94 76 85 76 14 25 16 64 14 21 32 84 78 41 86 61 99 46 23 31 31 40 26 3 52 23 78 9 18 50 21 64 16 86 6 24 25 64 50 37 69 37 1 1 76 38 79 23 32 37 49 73 38 93 63 41 64 15 26 92 12 14 47 24 63 62 95 22 41 49 62 
77 43 20 40 9 13 42 16 95 47 89 23 38 44 73 37 55 77 62 97 62 74 65 92 56 99 12 35 92 40 29 51 69 77 30 53 9 76 91 27 35 65 33 12 60 13 2 80 62 16 53 20 68 74 31 15 33 77 47 28 24 80 67 81 97 91 88 36 87 47 22 75 78 96 73 86 92 84 25 38 67 27 17 67 39 98 27 55 25 11 54 12 1 91 98 57 85 71 43 1 
21 45 33 94 84 98 13 14 37 78 85 17 28 45 8 96 93 31 22 75 59 49 64 9 50 96 70 90 92 65 85 59 21 44 64 7 87 28 80 80 67 22 34 95 60 47 56 34 5 50 15 56 76 8 23 5 1 31 43 13 53 74 92 8 72 40 55 18 60 85 78 81 90 30 89 49 16 57 94 92 75 29 87 11 94 82 57 34 1 44 91 35 19 31 84 27 89 58 43 78 
54 75 92 2 2 89 61 90 73 72 86 37 52 71 19 20 43 2 48 47 3 76 35 96 76 42 38 38 21 3 50 70 45 56 24 48 33 27 10 20 80 89 81 50 23 11 70 59 69 70 94 48 32 98 92 34 57 8 53 79 59 18 47 24 48 95 57 16 63 78 12 41 3 11 14 59 58 72 72 30 40 12 37 46 17 75 24 66 38 41 50 45 70 46 65 62 29 22 82 57 
88 10 22 89 95 10 77 83 75 41 64 20 73 97 27 93 45 15 97 67 15 19 56 23 32 89 84 25 24 14 22 70 58 40 26 51 92 37 21 3 37 52 63 68 4 60 88 49 69 27 75 63 27 64 98 2 45 82 83 85 23 49 64 19 45 46 43 49 40 25 39 21 36 62 52 33 17 18 14 94 76 88 46 79 79 67 19 87 13 96 1 95 45 27 24 16 80 72 31 52 
5 63 95 22 41 59 37 36 25 70 38 57 40 61 29 98 33 89 87 5 87 83 27 36 12 29 68 47 15 44 30 68 90 67 2 86 97 33 32 31 42 56 4 48 57 10 22 84 86 13 86 73 60 5 83 8 85 30 56 28 19 18 95 98 51 66 15 95 89 20 34 78 37 53 60 80 74 51 68 85 43 91 84 9 23 24 64 80 16 53 76 25 27 20 82 43 45 80 20 94 
62 75 98 86 52 24 42 93 96 79 1 25 46 10 94 41 43 44 94 66 36 78 26 92 79 78 72 88 40 89 88 2 9 41 1 69 99 52 14 21 62 40 22 86 83 27 9 5 96 40 57 24 86 27 55 12 95 53 2 62 31 16 13 99 69 45 29 85 64 11 20 28 54 32 89 81 63 78 87 58 14 81 9 35 29 38 6 54 39 15 89 36 88 59 41 80 44 2 12 75 
29 49 56 5 60 19 55 57 5 98 55 11 9 61 14 48 98 77 31 62 8 49 81 91 11 36 46 51 50 87 41 62 72 79 48 82 58 36 53 40 50 71 66 64 88 13 64 15 40 36 13 15 30 94 4 82 73 51 82 60 5 14 82 48 13 56 53 34 67 62 94 24 55 46 85 76 7 90 18 31 29 74 23 38 41 6 10 95 96 52 91 74 25 72 16 54 53 48 1 51 
4 72 51 69 51 84 50 66 74 61 7 94 22 6 70 43 28 9 99 67 71 4 28 43 25 23 11 23 17 53 87 94 85 96 36 34 37 20 27 66 98 15 83 15 77 55 36 64 15 51 77 15 45 5 21 36 50 67 54 26 14 97 1 66 81 15 67 78 18 56 9 79 55 34 80 40 58 89 93 39 75 54 74 19 99 97 17 47 17 93 42 63 69 67 52 45 12 59 90 57 
18 70 39 99 84 91 83 81 22 59 24 61 19 55 87 1 88 94 70 89 55 7 16 18 27 18 96 69 85 35 97 90 62 19 92 81 23 75 31 71 44 30 17 3 99 10 86 9 39 29 96 2 69 63 2 46 35 39 34 45 4 8 87 22 42 30 97 95 98 58 24 70 88 16 29 10 67 78 61 22 23 56 36 39 44 74 19 99 15 55 2 31 83 98 89 25 54 63 77 28 
92 78 13 75 37 78 88 68 52 57 90 89 73 38 7 23 68 17 58 75 41 62 9 84 40 31 68 22 62 63 1 4 64 1 28 92 62 80 38 8 42 52 92 27 66 78 30 99 76 42 72 43 4 51 35 59 71 48 27 33 3 16 64 44 31 79 69 67 95 18 81 86 62 68 61 92 15 30 99 96 73 74 20 32 94 50 85 61 76 86 10 84 69 4 56 43 80 16 50 26 
54 35 7 61 67 80 38 64 32 51 70 32 3 67 69 33 88 3 74 54 89 14 27 30 24 73 4 75 58 96 48 19 44 79 98 28 44 23 26 48 66 70 58 25 92 33 15 46 13 28 37 63 54 2 23 28 15 67 52 22 90 34 21 88 11 37 73 62 68 69 34 6 49 16 33 31 64 80 45 41 83 19 17 55 61 70 96 40 75 90 70 44 51 78 88 28 95 12 98 93 
36 81 25 48 80 13 57 61 91 49 83 23 22 6 69 35 8 58 36 85 24 98 26 10 45 89 57 40 94 27 76 70 6 88 17 4 77 94 55 16 30 63 69 7 59 67 89 59 95 87 59 95 61 74 91 29 22 97 23 28 47 10 67 65 65 94 80 78 19 31 9 23 22 44 47 34 17 62 96 73 28 75 22 95 21 88 3 98 56 80 96 79 49 60 87 95 22 19 49 16 
97 74 36 53 98 16 40 49 5 27 88 41 93 19 56 20 59 10 28 21 97 95 78 2 83 39 55 23 56 47 57 32 95 52 18 44 8 95 86 21 6 7 9 53 87 83 8 44 22 78 65 88 26 73 5 52 48 65 69 58 48 47 8 64 81 86 51 43 75 9 94 68 16 78 82 92 24 80 85 26 40 1 83 25 5 8 47 66 39 32 18 32 26 53 90 89 91 72 94 73 
4 1 87 75 81 25 25 16 74 24 41 3 37 62 34 43 16 13 49 53 53 62 80 62 98 13 83 26 13 95 73 25 71 69 41 75 75 34 50 34 56 30 47 5 80 50 70 45 55 43 52 70 39 20 26 63 44 60 34 78 43 19 31 48 77 33 95 88 59 26 29 9 83 16 67 11 31 20 86 6 71 62 7 8 76 81 1 51 23 31 98 91 94 93 93 12 97 79 51 29 
64 65 99 46 14 82 18 44 7 58 55 44 61 1 8 4 58 50 94 27 68 10 97 98 87 77 84 12 65 74 48 1 41 80 28 73 69 63 50 39 52 10 56 45 76 56 31 1 36 22 37 18 68 40 46 31 87 84 69 40 10 9 87 32 88 69 85 18 46 64 78 63 2 58 50 18 7 17 75 45 73 39 61 59 5 85 67 52 31 10 48 24 34 93 76 18 86 74 76 48 
87 2 29 36 15 69 57 47 1 11 37 23 90 47 46 84 39 63 2 90 62 56 9 92 97 94 25 90 55 74 6 90 81 76 73 60 9 19 61 86 14 20 78 28 74 47 62 77 28 77 35 11 21 53 60 50 73 38 1 15 29 72 72 80 14 31 99 34 92 77 77 33 26 24 20 54 23 82 20 60 2 25 10 47 42 38 9 6 46 79 86 75 88 35 15 2 78 72 29 90 
11 98 34 56 81 56 50 64 49 91 2 7 33 39 29 55 89 26 49 64 90 54 35 54 9 83 1 91 92 7 78 69 54 40 2 93 45 95 89 56 43 67 21 23 27 13 21 12 63 33 42 75 85 51 44 82 73 97 75 95 38 92 52 57 2 21 45 69 75 20 56 72 46 55 1 31 55 7 89 9 77 47 10 57 7 24 6 90 34 42 60 72 30 40 77 91 25 77 61 46 
23 99 94 72 34 44 17 67 67 84 67 17 71 62 42 95 70 84 21 97 72 32 69 42 77 67 47 81 82 36 16 10 87 77 40 64 3 29 99 34 52 34 92 66 83 47 42 73 72 37 2 36 27 99 63 14 1 58 64 47 88 73 88 67 42 49 79 99 72 34 41 73 54 36 47 23 36 20 47 97 45 22 71 69 89 49 36 33 72 88 53 19 91 14 36 96 49 91 1 80 
20 60 48 39 11 60 77 55 51 99 31 70 3 31 70 49 13 44 66 64 53 97 25 16 50 46 24 72 14 76 39 97 70 37 78 81 94 68 16 72 38 34 17 9 63 55 71 49 72 36 28 5 44 2 24 70 54 25 14 53 20 57 5 10 20 63 82 71 33 51 48 77 64 2 47 8 81 99 99 13 40 67 33 44 22 96 12 89 58 75 71 96 67 23 44 13 85 20 99 12 
79 29 11 14 23 90 74 99 15 51 4 93 80 37 96 42 1 53 81 1 66 44 76 90 38 49 48 58 99 58 63 27 18 68 49 56 93 40 46 97 22 53 68 48 46 64 54 11 18 61 28 48 47 20 54 41 64 62 90 39 73 10 52 26 9 42 57 65 92 52 93 67 87 1 67 36 60 76 63 31 27 50 99 23 21 29 84 47 41 18 72 63 11 69 20 10 33 45 43 60 
1 90 71 37 14 21 63 45 62 1 51 25 33 37 26 45 90 51 47 22 61 53 25 7 9 29 1 62 21 18 26 48 85 92 47 1 76 45 85 12 33 66 18 13 40 24 58 57 12 49 39 95 68 12 92 66 24 8 32 65 61 35 33 40 19 79 14 59 67 92 19 1 93 74 96 32 79 53 85 90 85 69 88 63 33 54 63 71 81 14 92 50 13 6 76 27 12 26 7 10 
26 33 94 73 41 80 19 3 7 32 47 66 81 78 6 91 14 61 64 63 45 84 43 28 22 16 13 2 96 94 9 76 36 39 32 22 28 53 57 1 85 30 40 65 55 59 20 69 25 36 31 73 26 62 4 50 39 57 74 91 8 62 92 14 37 47 20 65 2 14 46 31 54 7 89 42 30 19 4 76 52 92 84 71 43 34 77 24 23 11 81 3 20 66 58 50 78 20 34 89 
42 88 33 85 89 67 76 6 1 95 85 72 70 50 50 3 39 70 70 95 24 95 88 62 51 94 23 59 87 91 93 17 67 8 60 74 30 82 49 6 47 10 84 58 54 68 22 77 84 54 77 39 95 10 60 84 6 56 5 50 22 24 98 93 71 86 17 33 34 86 52 73 73 73 45 38 66 30 18 3 36 6 4 24 83 46 77 69 17 27 89 54 85 82 93 67 9 40 82 4 
86 19 61 85 30 26 39 57 74 46 24 80 99 87 16 21 17 89 74 55 23 77 71 23 54 22 50 87 47 90 76 87 89 7 2 94 82 8 13 73 90 96 93 32 3 2 77 81 87 32 5 93 47 33 80 52 77 43 29 14 19 51 48 61 19 50 72 64 83 94 19 29 37 60 55 58 73 92 46 9 18 70 14 46 81 60 95 98 15 68 97 18 68 5 50 31 44 30 68 2 
44 67 68 15 47 16 95 37 82 61 45 19 98 11 14 7 87 26 84 95 68 99 8 1 67 44 81 46 1 63 33 41 53 42 2 64 62 25 18 44 94 94 82 41 36 56 56 25 62 19 31 62 28 73 17 90 45 77 22 8 64 36 35 46 56 80 4 56 91 52 20 88 25 81 94 76 74 72 48 14 4 79 81 38 2 93 67 11 64 20 23 2 78 59 97 65 98 91 48 25 
72 62 34 74 56 26 34 85 98 71 21 35 31 55 29 35 15 1 18 18 38 1 84 39 30 24 64 84 61 24 42 73 54 41 53 72 87 14 95 90 2 79 29 95 6 84 88 16 85 90 86 47 5 78 19 56 20 55 72 92 76 62 33 90 23 79 86 76 13 32 31 76 13 96 78 20 9 8 64 48 11 64 50 20 60 37 34 17 37 71 54 51 63 94 95 69 15 27 96 63 
13 55 39 12 87 16 11 57 44 85 39 30 28 57 17 54 12 44 76 39 22 13 24 16 75 12 67 59 6 5 51 28 99 1 86 90 25 86 78 59 60 56 65 20 32 44 41 61 39 56 94 13 88 98 34 68 25 12 22 22 62 1 8 96 16 66 53 78 31 37 72 46 17 97 52 99 77 25 95 98 41 15 40 84 94 16 2 20 10 59 96 15 81 92 75 59 52 7 57 54 
43 43 90 31 69 95 13 52 8 43 51 49 70 60 96 2 94 21 49 22 4 62 67 9 60 37 30 7 20 71 89 61 96 18 30 76 8 17 20 66 37 51 72 18 92 98 99 41 55 91 69 31 42 74 61 19 60 56 24 32 61 69 28 47 3 27 27 48 96 73 10 85 72 48 58 24 30 38 6 9 96 31 88 15 84 79 5 7 43 49 74 93 22 79 85 82 19 40 63 43 
78 96 28 73 49 54 91 55 18 71 10 52 53 47 10 49 62 1 47 94 68 51 86 76 97 2 82 7 53 19 62 2 5 15 4 63 63 26 20 60 63 97 40 11 47 65 90 59 43 32 72 63 49 53 48 73 13 16 21 10 12 23 14 49 37 70 55 5 70 32 54 5 71 37 87 75 54 54 78 25 71 74 78 20 91 87 45 69 85 66 30 6 3 47 54 65 58 13 92 69 
30 50 47 76 49 91 85 39 49 43 11 72 46 95 82 54 41 38 96 63 29 66 95 89 1 88 73 37 54 34 82 32 97 54 40 31 58 34 30 23 82 93 18 37 51 99 49 52 78 67 58 98 22 69 77 65 86 38 38 8 34 78 80 55 84 69 59 12 29 69 49 68 28 26 52 7 24 81 3 4 46 76 73 41 15 59 83 10 48 88 5 16 70 45 65 87 16 32 56 81 
62 20 82 19 50 86 7 58 28 95 67 69 26 71 57 60 4 38 61 56 81 54 94 30 75 40 30 32 22 10 26 24 14 2 68 6 32 15 88 52 72 33 7 43 81 58 54 88 85 48 9 68 23 36 26 59 72 71 68 65 90 49 41 51 35 37 16 72 2 10 68 8 55 81 10 88 58 36 12 31 2 55 45 69 41 54 6 81 24 12 48 28 19 99 18 76 53 15 78 36 
78 2 17 41 9 31 52 73 43 38 94 63 88 31 6 86 99 20 28 1 43 73 37 1 45 74 1 72 53 78 35 53 91 66 60 84 14 6 55 69 65 3 17 32 34 57 15 66 9 25 47 1 35 68 96 48 74 17 89 65 55 18 47 8 32 99 47 86 43 23 76 27 64 37 88 19 65 38 59 78 67 26 45 2 99 58 35 23 52 8 11 66 39 17 5 10 45 59 48 32 
56 43 57 22 60 23 72 99 72 71 46 83 12 41 25 24 55 93 56 68 12 87 61 53 9 55 18 77 73 83 44 86 9 97 77 55 81 41 56 67 98 57 4 95 91 69 4 84 94 65 87 34 28 73 10 73 80 50 36 52 87 53 19 14 14 33 80 79 36 4 94 30 21 32 69 86 10 15 24 92 96 60 74 93 15 72 12 19 10 26 85 63 28 57 83 68 94 34 14 3 
15 28 12 70 34 56 50 1 62 39 5 3 48 5 19 33 12 43 15 64 49 9 94 87 44 32 47 22 69 22 55 19 95 73 4 69 96 75 82 10 54 14 92 28 67 78 56 68 57 72 20 42 72 16 61 30 95 49 95 88 51 48 82 56 11 19 31 64 96 13 6 36 94 31 37 97 53 26 21 83 93 15 29 42 16 78 15 41 3 73 21 75 31 36 80 75 71 88 31 6 
83 75 56 69 5 28 43 74 54 35 88 29 96 88 96 21 60 83 47 10 59 51 27 58 33 91 60 61 75 3 41 77 63 13 63 63 90 13 53 2 97 85 99 32 4 37 84 85 40 30 18 13 75 11 64 17 54 47 78 84 22 53 31 18 60 24 46 62 17 66 29 42 37 29 95 89 93 35 11 76 20 13 10 45 41 27 38 41 4 10 76 41 9 92 78 87 40 37 94 19 
