100 20
87 84 32 68 52 42 30 2 34 35 91 88 98 67 50 57 18 88 42 24 65 81 97 86 6 58 40 22 90 56 75 74 55 28 88 52 8 36 35 24 25 50 36 6 44 35 72 61 63 48 76 91 24 35 29 31 17 18 48 40 66 91 89 98 28 22 35 2 84 30 87 50 33 94 66 48 87 43 98 92 64 43 17 70 81 97 46 51 49 41 7 79 66 28 97 72 11 34 1 9 
37 59 12 67 81 21 77 27 39 41 87 96 54 86 67 2 97 31 54 9 41 28 69 99 23 78 85 36 18 97 96 30 6 87 84 14 37 1 89 4 10 13 79 76 27 90 15 32 76 59 23 63 92 74 64 28 26 85 98 13 15 11 58 8 52 2 14 67 53 11 43 86 27 66 2 67 42 35 90 84 97 93 25 57 92 96 1 20 90 46 69 84 92 60 99 15 5 41 50 93 
83 7 54 81 29 83 55 10 20 11 24 25 27 97 85 77 65 97 35 37 46 59 84 38 17 62 3 20 3 66 58 73 55 55 69 83 93 77 42 73 46 89 16 48 98 4 7 36 35 30 52 38 81 19 54 65 51 5 23 87 87 52 20 74 8 96 4 39 46 90 71 83 99 47 5 42 68 80 11 22 4 54 68 53 48 24 71 26 82 77 70 39 64 82 19 39 77 29 17 71 
99 29 59 7 62 79 67 44 71 96 54 9 42 17 68 7 38 17 11 38 80 26 60 17 77 49 80 93 37 85 51 69 84 44 77 18 85 65 15 99 64 39 81 88 17 23 85 81 37 61 35 25 32 5 63 27 39 28 45 83 49 47 14 88 19 42 83 61 97 74 64 57 40 1 85 92 25 1 8 62 78 86 50 54 88 29 1 73 26 72 40 58 61 52 61 99 87 19 84 58 
31 47 38 56 48 89 82 14 96 42 37 27 23 86 63 60 1 92 92 57 18 5 20 39 74 38 96 91 73 77 28 66 18 62 62 68 2 87 87 53 4 92 22 20 83 59 14 5 73 4 29 76 71 66 47 25 38 14 56 61 86 25 45 8 80 88 97 94 22 97 86 48 53 38 67 91 41 90 70 32 79 17 98 61 76 57 16 43 52 25 46 11 30 95 63 60 35 8 86 41 
72 98 87 39 57 77 3 32 11 37 94 5 14 54 55 87 63 29 28 14 37 45 72 91 70 50 36 69 17 15 25 9 25 7 69 49 98 56 90 81 71 28 77 11 75 87 45 30 7 70 13 86 95 53 67 50 77 19 31 84 57 27 36 14 82 83 86 90 10 7 33 69 72 99 38 67 54 17 43 42 50 32 42 53 44 9 48 35 69 69 61 64 84 61 36 27 35 29 56 90 
58 57 1 7 38 54 88 30 86 36 12 78 84 95 59 51 88 26 70 72 80 68 78 35 7 51 55 40 24 38 52 48 42 69 49 15 69 5 93 41 54 69 46 14 31 97 25 48 61 75 46 36 80 83 74 85 38 42 57 66 45 57 79 52 17 58 95 67 13 49 84 29 87 46 85 89 28 23 43 81 99 58 57 63 92 73 16 57 60 81 51 2 66 29 71 86 31 37 14 2 
79 18 91 9 73 22 20 56 44 86 95 59 85 94 11 91 90 41 9 47 60 49 5 58 26 90 3 15 71 3 17 83 46 9 87 23 85 36 4 7 34 33 16 42 56 92 60 84 63 66 74 59 26 83 20 82 96 72 94 75 26 78 56 85 85 82 41 5 79 17 81 89 70 89 23 76 94 98 46 5 81 53 84 32 71 88 41 56 36 92 10 30 97 17 94 82 43 96 24 39 
30 98 53 8 93 73 34 2 16 42 19 61 74 44 8 27 13 68 61 38 34 50 95 22 91 62 78 95 87 12 19 53 64 30 65 63 97 69 94 61 91 95 10 42 70 83 34 55 76 7 97 99 58 36 43 15 69 29 9 77 58 27 27 91 64 48 17 85 12 80 80 5 3 73 92 6 10 36 98 46 70 29 3 86 82 58 69 76 97 65 8 52 11 28 75 28 60 48 64 92 
86 26 60 21 59 18 73 34 65 90 69 66 56 20 51 53 7 42 35 20 89 16 15 52 41 94 37 63 28 94 60 64 23 62 33 30 66 46 55 72 37 60 55 5 24 61 48 14 92 7 14 25 50 34 61 74 24 20 95 77 19 58 93 94 95 21 63 4 31 32 22 64 95 32 56 92 14 51 98 25 39 75 90 88 21 17 54 71 70 78 59 86 33 29 92 47 55 66 30 31 
10 59 20 84 92 37 50 51 68 77 2 78 89 98 50 22 43 4 28 90 91 19 65 90 20 39 37 69 75 76 3 58 17 94 51 18 52 60 47 82 86 84 72 99 64 65 70 79 14 35 88 35 88 96 24 25 15 77 68 2 33 64 45 50 41 53 63 36 40 87 52 45 75 9 10 32 83 93 45 57 33 2 24 40 70 17 10 92 62 94 8 69 41 1 12 13 46 59 44 89 
48 63 76 99 59 27 41 37 62 40 88 31 47 49 75 55 68 9 35 52 65 3 95 51 83 61 95 85 88 77 9 16 89 31 60 42 56 99 41 30 34 87 35 22 70 35 31 62 26 43 42 13 99 89 28 72 41 47 13 94 74 6 1 7 16 87 97 33 90 67 28 4 54 91 57 84 9 97 5 87 22 28 68 94 50 56 40 73 51 1 23 97 5 44 54 64 34 54 23 16 
46 52 92 25 7 10 74 68 5 27 89 71 97 82 90 95 79 96 8 44 67 28 44 54 99 65 72 89 28 23 23 38 13 32 81 99 14 39 83 87 87 92 3 13 78 44 53 86 13 36 74 10 95 1 30 66 98 48 3 19 60 66 83 2 74 9 67 14 87 94 50 14 89 94 17 13 12 33 40 68 15 76 71 79 87 27 33 77 40 20 18 23 92 15 77 96 76 88 18 97 
61 60 28 60 34 12 82 69 79 80 28 82 82 64 56 72 87 79 57 13 71 28 87 51 12 66 38 70 54 74 1 65 82 25 42 3 86 50 69 99 31 15 95 83 24 79 18 66 88 73 75 13 25 62 25 5 88 16 8 16 49 76 18 77 67 30 72 47 58 74 78 77 61 85 2 86 14 87 38 23 10 23 77 39 80 22 79 57 52 64 35 39 24 60 38 53 30 6 58 45 
36 7 16 61 32 69 80 6 74 19 25 29 6 1 92 4 85 49 15 11 28 27 51 81 46 71 33 45 2 38 7 70 40 43 81 6 40 9 67 32 56 6 23 97 63 96 97 65 95 81 76 56 97 40 22 96 63 76 20 54 80 62 21 89 74 79 87 94 54 68 34 39 51 63 72 13 69 46 58 71 24 81 27 77 86 67 47 47 30 71 58 91 70 84 15 60 15 53 32 88 
96 3 46 35 22 30 98 12 84 11 14 34 55 53 18 85 70 96 62 92 51 32 41 40 20 21 11 92 21 12 7 15 37 60 65 83 11 49 40 15 62 4 22 76 8 15 57 10 78 55 66 48 38 96 63 33 6 32 72 37 67 91 51 79 4 65 4 47 1 16 4 12 72 2 12 49 79 95 92 55 48 2 38 72 86 74 79 98 8 38 14 14 44 7 14 94 68 99 57 35 
45 71 96 7 32 28 79 8 73 97 52 1 69 86 43 25 43 62 97 25 39 48 78 47 12 12 57 34 24 67 10 16 36 60 6 6 3 69 8 92 65 93 60 37 46 50 87 60 44 66 83 43 24 75 9 19 14 6 83 63 98 80 79 92 12 8 15 55 30 73 48 25 67 39 74 95 70 31 14 77 8 37 9 84 69 98 17 34 55 8 6 38 72 96 45 98 28 31 2 97 
70 55 65 60 75 62 62 77 23 86 31 18 25 97 60 54 15 70 47 3 20 50 66 81 28 21 36 84 58 79 91 52 26 98 48 33 15 1 73 61 45 21 57 20 41 79 77 8 1 52 67 16 65 33 91 89 84 10 7 97 90 29 35 7 63 65 31 41 98 88 51 60 81 37 23 23 47 83 11 55 59 99 89 22 69 35 10 94 93 76 67 20 76 21 72 86 60 43 17 98 
63 57 85 7 84 35 10 56 7 94 94 37 40 64 90 57 13 91 89 11 16 81 65 27 44 44 21 7 42 36 27 72 45 7 71 10 28 36 99 10 42 88 59 15 67 46 42 61 46 59 32 24 36 87 45 59 49 45 73 47 94 42 32 40 27 30 98 2 84 47 59 52 38 57 54 13 30 99 17 48 23 27 22 13 39 53 26 91 7 95 14 45 2 19 41 52 94 79 77 56 
36 85 80 50 60 52 56 79 57 16 74 92 55 25 16 75 68 7 61 54 22 90 8 14 64 23 85 16 88 84 81 19 52 16 53 96 95 29 50 55 57 29 34 54 97 34 92 24 16 92 63 85 66 2 48 68 79 28 38 28 82 22 25 68 14 43 23 56 45 73 90 44 97 38 44 85 64 24 79 54 25 98 90 67 66 30 89 97 3 3 20 95 91 38 82 10 53 15 49 2 
