200 40
21 89 31 96 65 65 67 68 50 21 40 22 20 98 74 52 31 98 5 14 44 78 71 20 29 54 23 37 64 99 16 95 35 45 16 78 35 79 93 29 64 50 31 49 33 62 14 96 57 76 39 87 62 16 10 96 80 56 37 55 50 34 41 54 22 44 47 41 51 37 91 21 99 22 17 56 41 66 72 69 53 95 17 38 24 92 16 1 48 96 44 50 29 8 81 40 75 81 20 78 7 32 55 36 50 30 91 37 38 7 44 64 13 50 32 61 24 4 83 26 28 71 36 15 92 14 33 44 88 50 27 85 97 57 76 69 8 68 50 84 17 76 23 76 28 32 78 50 53 42 8 65 14 71 9 44 35 45 88 61 55 44 61 54 16 7 50 14 68 30 85 92 72 69 3 98 93 36 50 97 9 2 80 14 97 92 54 30 52 96 41 86 69 57 19 79 55 74 70 64 
37 96 55 14 51 11 93 52 98 9 45 74 98 87 24 48 11 35 84 29 32 28 18 65 1 32 56 90 92 1 71 30 23 78 70 95 45 97 5 90 54 81 61 6 80 39 66 22 96 71 86 8 13 67 27 24 78 5 31 15 81 51 81 20 51 61 3 63 54 82 53 61 94 48 36 16 19 80 87 21 10 93 89 58 90 88 57 98 25 56 47 4 12 75 56 20 91 15 19 87 45 33 8 34 89 76 37 73 81 80 57 14 19 71 61 48 37 61 77 60 10 54 75 24 50 43 63 98 13 8 88 36 87 19 37 76 7 36 34 48 39 8 44 69 93 71 70 47 19 52 56 77 2 67 83 45 67 22 71 24 82 8 80 77 51 8 9 59 15 95 95 9 58 31 16 57 2 63 87 24 5 32 64 18 69 65 40 36 32 80 49 65 70 83 63 81 3 70 93 49 
72 3 93 74 31 29 71 83 33 81 61 90 17 90 73 73 13 31 14 54 49 22 80 99 48 30 69 25 29 64 72 86 3 81 74 88 80 83 56 79 65 16 96 54 57 70 65 52 49 85 31 57 32 43 56 2 90 70 97 59 7 41 10 50 55 73 41 43 8 31 34 47 30 24 29 20 84 6 60 62 28 75 57 24 13 79 46 95 87 7 46 17 94 94 72 69 72 22 38 81 54 17 47 29 70 50 3 30 43 38 2 49 93 44 36 96 37 74 93 27 82 83 56 41 36 67 4 85 98 71 9 49 65 83 39 70 30 37 61 31 77 13 33 56 90 35 10 20 46 73 42 39 18 43 73 77 73 5 46 43 76 65 96 89 84 74 55 15 53 30 48 63 30 73 98 26 61 91 24 37 85 18 35 76 39 30 41 69 52 50 45 86 50 47 46 44 55 34 37 5 
89 43 97 72 43 71 78 86 8 98 59 99 54 57 74 85 31 10 34 42 62 43 28 94 49 70 19 97 70 33 49 29 79 98 35 93 7 61 71 24 61 40 30 78 26 82 57 43 61 62 76 28 6 79 88 73 71 60 70 44 49 58 76 30 6 52 36 50 84 49 55 48 6 82 18 96 66 11 84 92 38 21 90 60 72 24 49 50 93 60 50 39 6 95 58 33 87 21 18 61 94 56 48 80 61 46 43 74 94 62 76 53 80 5 95 55 81 96 28 42 36 90 74 4 59 65 14 57 44 24 2 45 57 98 68 37 45 48 23 29 29 55 50 45 6 32 12 33 51 15 45 68 17 69 64 54 29 85 61 20 93 80 4 21 89 97 35 38 77 8 76 81 87 8 26 84 34 22 55 11 2 98 17 48 54 16 37 12 33 75 20 41 54 8 44 7 12 70 67 2 
86 39 46 35 32 83 53 9 86 32 30 12 43 92 88 45 80 10 24 43 60 58 12 71 25 44 13 29 1 11 69 49 97 30 8 97 8 9 36 70 5 86 45 98 47 35 9 47 75 59 84 11 12 97 12 19 63 19 13 33 19 28 93 49 49 61 41 93 10 85 27 28 37 5 5 43 52 52 10 67 57 95 63 59 38 36 67 9 63 5 6 41 84 68 46 15 35 26 40 18 33 9 20 73 77 80 3 39 51 39 87 1 20 14 55 81 32 67 71 35 18 94 83 47 91 26 21 39 49 20 97 62 71 71 9 4 20 9 33 78 39 89 33 41 58 6 52 72 87 84 18 90 21 83 40 45 33 91 12 18 85 35 8 23 18 68 86 10 57 81 90 57 10 95 42 80 65 67 49 25 98 83 1 70 65 63 70 28 5 62 12 42 37 65 64 91 67 91 48 85 
84 63 7 29 64 76 59 52 61 82 33 90 39 17 74 37 74 78 42 46 59 32 10 40 96 4 63 3 9 84 7 82 27 32 52 92 98 64 32 9 86 66 87 72 65 84 77 88 25 31 73 26 68 82 60 18 15 78 38 60 93 23 21 15 53 84 37 6 51 94 27 24 63 50 48 22 76 11 70 17 93 1 77 90 31 9 67 87 18 88 52 19 98 54 59 56 32 88 28 39 90 35 13 67 60 3 83 8 42 64 21 90 50 57 23 9 14 80 99 20 75 2 75 48 91 48 89 77 33 14 95 58 84 55 59 6 46 93 62 97 30 15 98 76 63 68 79 48 86 66 26 83 56 87 76 17 41 73 81 46 24 28 8 35 4 23 33 10 89 91 52 61 9 31 72 45 1 4 15 78 18 34 15 45 30 15 24 92 17 97 4 31 74 2 33 37 15 9 5 48 
3 1 66 32 11 98 12 51 95 35 27 87 10 24 74 40 77 99 87 29 89 16 69 94 12 48 93 95 77 91 5 14 90 61 16 48 25 93 13 21 26 45 51 72 10 90 54 65 60 29 19 80 34 75 12 21 56 68 67 10 25 66 92 87 5 45 65 20 35 5 32 89 21 63 10 99 41 59 86 75 43 53 22 60 45 23 42 19 37 70 47 37 75 14 6 20 91 95 57 93 84 74 11 3 23 34 47 14 47 73 16 15 69 16 39 12 68 2 6 33 96 95 77 24 74 79 87 53 93 56 35 11 17 48 94 3 75 1 7 58 73 76 86 28 82 60 15 80 46 56 45 5 78 89 3 12 63 6 81 32 54 70 44 16 75 69 27 33 23 8 34 77 61 12 40 58 26 31 92 9 23 29 6 80 28 95 66 46 86 37 31 99 17 82 27 52 6 80 51 39 
61 69 18 33 29 25 13 86 28 38 44 41 8 68 14 77 71 73 75 81 72 14 32 39 16 51 42 38 58 50 11 68 10 74 98 19 28 90 17 84 26 68 27 57 66 76 42 34 64 86 30 11 86 70 6 86 49 4 38 62 22 62 48 39 27 24 7 21 36 67 38 12 73 73 16 18 15 24 67 49 86 4 70 14 68 96 54 23 90 90 1 90 34 74 41 29 34 38 60 55 73 72 94 87 89 71 31 43 70 30 8 43 57 44 17 11 39 11 98 68 60 31 47 41 14 5 9 57 47 35 78 43 56 26 6 30 91 82 89 50 53 13 82 34 93 26 86 19 16 32 56 39 75 42 98 34 79 70 69 41 86 33 80 3 6 44 90 60 99 25 12 58 81 92 10 41 15 69 99 58 17 78 47 56 55 44 71 86 49 92 43 1 70 51 83 51 40 48 66 94 
12 83 73 62 81 86 10 99 34 22 79 92 60 14 27 94 8 93 54 66 82 2 21 74 49 83 46 97 31 95 6 18 5 1 32 28 10 69 18 27 41 79 12 23 52 18 21 30 53 78 9 72 13 63 1 80 58 82 74 93 74 53 69 56 2 1 82 25 41 58 66 60 51 67 34 33 46 76 53 21 99 41 52 9 44 28 17 89 67 8 88 66 17 61 69 46 96 75 18 47 70 47 49 93 57 79 39 17 35 82 19 58 41 77 77 66 68 89 64 95 69 55 83 10 51 15 99 81 83 21 32 88 89 30 60 20 53 10 22 68 14 32 11 39 71 79 79 40 81 42 37 91 58 17 53 18 72 8 52 55 55 29 19 44 93 1 93 33 33 51 75 82 76 17 23 54 83 42 49 24 75 79 28 71 27 87 89 84 73 34 22 61 7 94 71 5 76 52 41 28 
59 88 52 7 91 98 41 35 82 63 34 29 71 89 42 40 87 24 63 58 51 49 86 13 70 90 89 71 39 10 38 43 46 11 87 72 65 32 82 47 60 55 56 89 84 97 32 63 80 20 21 73 78 18 24 59 98 28 31 2 52 25 20 23 35 24 60 79 37 78 8 69 33 80 9 32 88 61 98 41 58 92 1 13 87 83 30 1 7 83 86 98 39 79 63 39 95 97 39 93 75 6 85 72 68 8 59 25 51 49 10 40 92 11 71 45 48 16 71 7 62 26 25 31 70 41 35 62 95 2 93 85 50 84 84 24 36 8 78 38 42 29 34 29 50 42 2 39 29 82 20 45 34 25 15 66 14 80 4 61 4 3 92 24 29 81 73 91 4 48 33 39 30 69 41 78 2 55 60 63 97 53 42 85 90 48 26 75 38 66 40 3 89 71 4 77 81 67 22 46 
33 56 46 45 77 75 41 42 37 29 52 97 51 86 68 3 6 15 23 47 32 74 92 15 6 23 4 84 48 10 24 29 28 83 67 21 55 86 95 22 87 55 13 94 30 24 69 93 28 19 61 70 77 65 30 69 15 82 61 34 26 82 87 1 39 76 84 2 29 68 75 63 17 58 29 9 66 42 56 56 89 11 17 20 42 49 14 8 24 40 96 23 83 58 58 66 11 77 40 31 45 64 25 9 67 81 44 82 6 86 73 35 34 33 33 41 69 69 88 71 76 39 53 93 65 81 81 68 87 32 77 54 46 19 86 3 83 68 3 61 90 99 64 72 5 30 53 76 4 69 98 6 17 24 74 89 15 96 1 53 13 82 41 14 75 75 5 88 9 62 48 86 65 26 72 14 45 45 21 71 89 92 86 55 88 38 5 56 75 45 58 62 30 73 74 54 77 77 24 11 
8 9 11 62 81 13 39 46 53 86 18 60 13 68 76 55 74 75 67 63 81 1 72 88 2 12 98 13 32 56 78 97 92 55 72 76 33 7 68 61 28 88 78 42 79 51 44 84 15 23 29 29 89 10 29 93 84 92 62 75 8 31 74 44 93 58 39 48 3 86 56 13 23 3 50 38 69 73 73 4 80 37 6 62 26 14 52 45 97 95 45 59 16 54 42 90 29 38 30 97 10 69 19 19 58 48 49 66 2 53 83 32 91 37 15 82 9 30 60 60 59 39 65 85 76 46 99 56 19 13 62 43 73 74 77 97 52 44 95 45 94 11 93 89 65 41 76 8 57 78 73 58 89 41 42 72 7 24 66 59 81 2 57 4 12 21 49 69 23 8 8 94 67 64 22 93 21 69 8 58 90 77 9 58 7 21 94 38 27 8 61 19 36 22 31 98 44 27 54 52 
1 23 53 46 18 19 97 31 52 50 47 69 88 49 75 62 40 35 91 93 57 8 34 31 22 51 75 25 46 31 23 7 78 96 14 91 98 79 19 79 19 94 44 50 85 39 24 67 75 93 31 77 2 21 65 12 7 67 63 80 67 61 92 80 94 14 55 87 29 20 83 64 46 56 45 54 55 83 40 82 95 43 98 58 42 62 86 75 1 48 3 7 10 92 76 11 42 69 72 27 3 35 85 80 30 30 46 75 92 75 15 2 94 78 88 30 73 25 92 16 95 87 87 96 65 19 67 91 16 56 58 5 14 19 18 20 61 9 39 8 90 10 45 18 66 91 93 86 88 3 75 28 87 78 12 44 29 34 59 18 9 69 7 13 56 64 74 77 36 85 18 44 42 79 23 26 4 76 9 20 81 89 29 6 68 16 68 44 93 32 46 81 14 1 12 46 24 66 50 47 
49 60 75 51 74 49 80 72 24 40 42 89 2 96 19 94 74 94 36 98 72 24 79 21 90 90 2 1 86 11 18 87 84 20 9 45 70 62 18 53 95 99 53 4 74 6 86 4 86 70 54 74 75 96 56 50 47 1 57 80 74 14 84 28 90 80 31 70 96 60 53 97 55 27 70 16 94 67 69 44 5 82 96 16 43 88 65 78 28 14 53 92 43 3 99 35 37 12 10 95 22 14 53 76 72 93 62 95 30 51 34 85 97 1 30 91 43 69 74 74 99 99 57 7 63 47 31 77 93 82 15 89 15 89 87 57 17 66 96 11 50 25 50 96 33 91 23 70 46 8 52 7 32 26 39 91 2 17 49 24 27 61 14 21 44 57 26 9 55 14 43 31 25 57 87 45 81 25 45 22 19 71 67 45 94 62 66 15 29 79 22 43 7 17 76 58 78 84 35 99 
29 57 6 58 21 26 76 14 27 80 83 83 97 69 61 74 1 11 66 67 29 95 74 11 92 82 79 26 23 1 1 2 71 51 72 98 9 6 52 47 28 3 17 50 42 56 65 76 82 45 15 70 3 24 3 41 76 12 87 73 96 4 50 19 77 61 86 99 54 18 19 11 79 77 85 15 30 12 46 45 99 67 82 7 5 57 93 73 81 65 2 90 85 48 48 73 92 31 93 8 99 8 21 48 25 46 31 21 5 81 48 23 97 20 14 21 80 39 92 51 52 86 66 22 32 78 39 11 58 4 36 64 90 19 2 3 8 54 98 13 10 8 15 54 18 48 53 56 72 15 41 19 33 18 23 11 81 37 67 72 20 23 58 15 69 94 4 18 71 45 32 34 89 35 89 83 7 94 44 57 24 27 83 19 66 4 18 1 77 68 74 4 21 32 4 3 80 79 73 39 
12 80 58 96 25 96 93 84 38 91 84 36 87 96 92 81 12 94 83 6 51 20 23 43 47 57 77 81 44 45 18 56 84 71 12 60 17 77 34 33 87 55 57 66 47 48 56 7 46 50 9 50 37 11 91 42 73 25 86 82 13 45 74 23 10 71 38 64 26 58 61 61 20 8 32 19 54 77 36 93 91 75 64 94 98 59 8 81 41 42 57 65 87 83 8 10 7 99 54 29 70 55 94 90 52 67 27 11 26 5 52 60 68 86 71 59 56 85 87 79 68 25 7 46 86 79 35 35 92 74 80 73 70 89 52 38 5 53 61 61 82 47 22 25 93 4 46 61 27 8 52 56 75 93 56 46 30 50 76 19 87 15 35 14 43 79 53 24 94 84 54 89 42 26 64 7 87 46 10 21 31 44 19 30 78 66 22 82 36 15 50 79 9 39 36 72 8 42 16 65 
86 3 43 88 26 71 86 65 13 94 76 37 71 66 63 99 31 37 8 9 29 15 75 75 13 67 41 71 34 17 86 24 55 47 3 20 44 97 87 2 79 65 47 72 45 6 94 90 33 33 52 72 45 18 48 94 87 88 20 88 78 32 14 46 40 93 79 15 5 74 80 2 12 36 83 70 9 94 65 42 50 28 11 96 98 67 9 73 26 7 62 65 10 92 76 26 36 35 67 67 1 95 58 57 4 99 79 23 55 26 70 48 74 14 76 75 84 59 52 5 20 15 60 93 21 93 70 58 37 64 59 71 25 55 15 64 48 51 28 26 80 94 1 4 99 86 43 3 95 85 70 83 64 8 8 68 7 28 87 35 37 77 50 19 72 47 43 14 40 83 23 71 75 92 53 2 22 38 5 70 27 40 57 4 52 78 98 84 61 88 22 52 29 66 32 6 36 64 38 3 
57 54 99 66 69 17 65 75 79 58 12 51 87 28 81 66 30 69 57 81 84 11 60 46 67 74 51 99 32 66 29 70 74 85 34 75 27 18 42 20 61 39 71 1 88 15 76 1 60 98 52 93 65 33 34 42 32 49 93 98 28 70 43 2 59 5 33 82 72 52 55 59 52 1 38 40 21 28 50 22 43 1 98 89 19 73 29 18 90 89 28 72 39 85 20 5 80 81 67 58 76 90 74 63 21 13 82 40 52 37 71 98 45 44 62 37 15 1 14 42 13 64 23 90 33 80 28 49 8 84 5 70 6 1 67 99 38 42 71 69 52 11 10 1 38 98 15 6 21 85 57 82 66 41 48 22 80 24 38 2 8 82 14 87 30 52 4 38 70 58 75 95 89 17 33 96 88 32 23 64 6 95 28 10 21 89 72 36 50 85 17 32 51 43 63 79 19 13 51 45 
97 43 69 27 48 86 81 58 63 22 35 1 73 49 85 51 5 12 82 51 80 98 69 87 17 46 86 93 27 33 69 46 18 86 48 70 94 75 49 32 53 17 92 46 89 72 96 72 92 48 72 15 45 96 26 22 29 15 61 89 18 46 75 59 82 77 60 15 89 43 7 87 98 21 96 54 67 35 9 37 46 55 19 1 82 94 95 60 18 15 4 70 91 20 4 36 36 61 52 5 78 33 97 69 43 78 88 68 48 81 65 87 9 76 65 55 34 38 20 45 28 90 57 79 91 1 98 22 20 80 64 82 4 90 66 20 30 33 14 33 77 56 11 68 26 55 55 19 45 70 44 22 3 84 65 59 61 30 5 59 80 80 43 94 11 58 56 83 3 28 16 89 98 2 87 24 39 37 33 38 58 34 11 34 85 42 71 55 45 52 64 92 59 4 31 81 42 79 11 4 
14 34 29 36 82 70 19 68 30 99 26 32 1 6 6 97 15 94 93 61 69 4 99 46 39 93 12 4 74 53 91 10 2 97 82 67 24 67 98 7 23 31 34 83 54 82 60 81 51 44 22 9 24 62 42 3 58 12 22 25 18 94 36 64 41 36 39 37 45 91 58 85 23 41 1 78 42 91 49 11 49 76 61 5 66 57 74 9 93 19 99 97 5 75 25 73 52 67 18 63 65 61 18 24 48 49 44 35 82 50 92 4 28 12 33 66 17 7 16 83 63 33 63 42 53 17 77 56 52 12 37 66 2 95 95 40 17 73 83 71 94 78 9 80 5 69 55 14 93 30 84 46 86 73 32 75 83 37 13 30 61 86 16 63 73 13 10 53 50 34 36 7 97 94 17 58 99 66 46 65 16 46 98 14 82 58 24 18 14 54 48 16 96 11 73 73 99 32 79 81 
87 42 85 1 24 74 74 38 53 33 61 9 33 66 73 2 6 53 16 40 94 9 80 77 7 78 41 3 32 42 52 35 42 10 53 29 92 29 65 69 22 75 94 76 50 59 27 2 82 24 33 29 4 47 65 76 83 35 60 93 75 30 35 64 13 8 92 4 15 74 17 60 80 69 73 16 94 66 14 84 22 71 69 13 13 22 56 82 97 90 72 4 92 80 98 24 94 28 99 20 84 4 21 4 24 10 92 20 59 82 27 43 19 88 19 85 16 29 47 87 43 39 71 25 78 84 35 6 81 64 65 71 94 12 71 93 44 90 45 81 38 99 60 72 67 68 75 39 7 61 32 85 13 75 50 51 25 38 39 5 65 12 86 51 40 91 63 25 36 5 25 95 25 12 8 65 61 6 33 68 79 13 4 72 1 91 4 76 26 33 4 15 41 63 54 53 14 37 88 89 
62 59 20 43 25 22 17 1 48 8 1 13 10 45 81 14 6 24 84 99 42 99 50 34 41 89 31 42 37 78 96 14 81 13 27 4 38 3 18 29 83 24 81 72 10 16 39 79 24 82 30 61 46 89 7 92 9 69 34 11 62 17 93 19 66 92 78 82 99 19 97 34 51 84 73 66 26 40 42 40 42 2 54 75 33 49 75 62 44 27 82 49 36 42 69 51 85 68 43 49 78 39 23 84 20 56 46 65 27 84 59 63 29 50 27 12 71 47 25 12 14 32 46 26 30 24 94 82 7 8 89 71 44 32 65 50 59 11 67 38 80 19 59 18 52 97 15 38 31 52 25 10 88 52 93 11 12 29 37 78 98 80 87 19 64 67 90 99 37 15 7 52 57 12 11 73 81 13 88 23 79 34 44 27 36 57 92 71 50 27 64 10 32 54 4 59 9 12 69 1 
37 68 86 26 57 8 7 59 61 35 7 1 83 21 81 57 30 57 95 54 75 55 86 38 65 46 57 77 15 82 86 58 13 38 19 88 13 4 72 97 43 94 32 32 1 43 57 60 53 4 74 73 38 49 81 79 63 75 48 7 8 95 11 8 19 47 79 50 18 82 34 27 92 79 23 47 4 34 65 42 79 61 53 63 22 97 46 83 1 2 74 93 57 49 39 7 2 39 13 55 17 87 36 91 54 34 21 90 36 36 50 44 54 73 76 67 72 45 22 94 22 69 80 79 9 87 16 98 5 58 61 45 54 62 22 35 71 2 71 6 42 95 54 12 20 85 86 30 31 34 53 57 70 22 11 11 5 53 83 27 69 48 70 65 71 51 35 3 87 25 17 37 65 53 23 87 21 40 29 93 43 9 84 14 90 4 9 28 90 90 87 36 42 53 81 58 15 97 20 35 
37 79 8 72 98 65 39 61 94 27 30 71 86 7 42 21 86 47 86 29 58 94 30 18 18 95 87 10 31 99 28 30 18 57 70 3 48 19 84 57 43 39 93 23 76 72 72 28 72 74 46 8 9 5 91 94 12 22 38 23 62 87 65 32 90 64 6 58 79 17 42 43 63 10 11 27 27 12 96 54 10 91 38 69 99 19 26 19 36 66 1 49 13 9 55 12 72 20 34 56 10 76 33 36 72 58 98 5 57 43 32 18 16 15 82 33 49 55 52 10 10 48 94 8 2 81 16 88 82 41 73 16 58 18 73 55 89 3 78 73 85 86 97 37 11 64 96 18 76 32 87 86 51 85 39 16 49 24 67 80 40 48 42 55 44 60 84 20 34 62 67 51 31 59 14 32 12 59 99 43 1 68 53 68 78 96 52 94 72 57 27 7 64 60 59 94 86 21 83 48 
39 13 8 84 93 53 23 49 94 49 24 19 84 53 56 24 63 21 23 98 86 18 84 89 70 18 61 46 86 1 28 30 65 55 20 8 96 78 29 55 24 73 5 55 53 54 56 99 46 39 48 85 21 57 4 22 55 42 5 21 85 39 89 6 4 98 56 8 60 79 58 62 64 48 9 17 81 80 77 25 37 57 93 46 13 69 42 52 48 15 66 18 41 1 69 29 46 38 9 77 78 51 4 64 8 67 28 97 62 24 14 92 31 67 53 74 56 48 93 73 41 29 41 30 46 76 61 90 88 67 73 12 45 85 60 54 48 24 56 90 90 80 59 97 20 63 21 63 44 87 52 80 29 77 23 52 94 61 58 87 24 79 43 4 54 78 20 27 80 13 88 89 58 43 7 33 99 40 90 7 72 82 13 66 4 54 5 77 81 49 55 11 45 69 12 47 98 23 78 74 
56 32 12 71 48 71 94 40 43 7 65 42 33 74 37 10 3 49 13 10 24 43 85 51 59 10 37 81 59 40 36 86 63 67 42 92 99 58 5 62 87 24 60 1 34 12 36 50 33 8 47 91 72 40 97 45 24 71 82 72 52 9 83 70 10 92 72 77 37 8 11 70 64 74 48 66 12 53 24 19 87 43 65 22 89 83 90 10 5 52 5 54 8 65 4 66 64 79 71 95 28 88 81 33 41 27 96 7 37 67 68 83 35 23 36 70 46 43 31 13 70 20 71 95 93 80 64 42 95 94 7 16 42 69 85 19 86 51 74 91 76 25 38 14 43 16 29 5 10 87 90 23 88 42 52 65 79 22 35 68 72 8 49 7 47 19 91 96 70 15 51 88 99 92 3 77 81 90 13 94 49 84 36 10 29 89 16 33 33 59 85 13 64 86 66 38 13 6 69 34 
66 21 73 32 67 65 91 6 94 44 34 72 58 74 10 20 13 64 70 32 58 20 16 85 42 42 87 54 53 28 76 7 29 67 14 9 52 49 81 18 48 53 3 90 90 58 48 74 96 37 34 18 29 57 19 59 96 82 10 36 52 71 58 78 94 78 60 15 69 51 57 64 65 36 38 47 17 72 34 74 5 95 23 54 54 36 29 89 36 19 19 79 66 67 8 17 7 95 54 92 64 17 63 89 89 37 83 87 81 60 11 62 81 83 84 84 78 98 90 19 6 95 61 28 41 58 71 66 9 64 42 86 78 88 42 35 64 1 82 55 27 65 21 83 70 43 59 53 45 89 48 92 48 56 78 25 19 87 89 69 45 27 66 40 58 10 38 46 35 68 78 93 97 31 9 80 15 20 93 4 97 53 43 53 7 43 15 15 44 1 9 71 58 28 71 97 45 25 94 66 
94 89 87 56 77 65 38 52 85 83 53 24 54 5 57 96 48 69 3 72 55 92 66 30 93 65 55 25 5 56 98 88 60 10 54 30 54 49 9 32 11 70 70 57 78 50 78 43 33 37 96 5 77 61 15 34 40 27 51 95 77 14 49 37 70 79 79 76 27 58 39 13 84 60 50 20 4 74 64 46 72 62 57 21 6 65 32 47 46 99 20 5 60 60 74 50 43 15 81 17 16 11 48 14 26 72 12 29 48 97 34 25 83 63 4 40 58 22 38 90 28 4 78 70 71 14 92 47 96 35 78 68 38 27 55 54 54 23 72 5 32 38 6 95 85 58 55 78 55 51 51 82 6 57 46 11 32 95 23 47 52 60 88 49 13 24 78 52 86 33 52 66 72 14 97 79 97 67 30 57 13 71 89 41 97 78 42 46 58 22 83 69 26 8 32 80 59 21 37 26 
91 99 4 20 41 26 69 54 82 91 46 17 39 46 97 73 62 20 18 71 41 27 37 40 93 63 15 92 73 9 46 25 65 27 57 17 88 61 8 29 92 40 89 6 61 74 29 74 13 57 82 44 94 66 42 10 90 59 31 44 15 78 6 8 16 49 55 40 73 78 3 67 2 57 2 93 46 58 40 11 86 38 38 90 35 35 50 88 36 70 62 42 66 50 92 72 37 60 92 83 91 71 48 61 5 37 75 75 86 91 25 78 78 54 80 4 54 26 56 71 21 91 3 80 20 18 99 15 22 54 62 40 35 34 38 6 95 72 6 44 76 67 78 68 80 99 2 77 46 34 53 51 41 16 45 53 69 75 22 27 65 25 58 5 98 60 65 94 68 58 85 93 10 79 92 77 88 68 95 6 4 51 35 23 89 37 85 52 9 17 52 5 60 66 74 69 75 43 25 22 
90 77 96 21 41 7 81 94 10 89 73 59 90 54 73 25 42 43 47 17 86 13 23 73 8 35 94 47 58 93 19 7 52 88 16 31 66 33 73 17 43 52 38 72 90 89 25 20 77 98 12 98 39 50 39 59 74 26 13 66 45 25 3 99 78 57 42 53 64 49 30 34 59 40 27 64 80 83 59 78 12 47 17 28 1 14 54 75 56 77 89 98 56 49 4 90 38 53 44 56 6 26 21 16 26 22 8 4 30 5 44 68 15 57 32 71 38 71 38 89 24 56 92 14 61 35 90 46 99 43 89 8 57 32 15 31 12 65 51 60 8 23 50 58 53 95 26 99 21 91 59 72 46 32 91 79 29 51 31 38 34 97 49 78 88 35 80 47 86 40 24 3 82 5 44 18 98 33 67 79 18 45 86 90 90 73 55 64 28 66 95 32 7 84 89 36 68 5 85 35 
94 43 96 88 92 43 88 75 63 74 66 48 13 15 72 97 67 17 67 85 76 2 35 44 7 61 78 73 47 57 21 47 6 22 5 7 11 58 96 65 12 39 78 7 79 7 55 82 1 75 53 19 88 30 16 8 71 24 10 15 1 80 21 74 47 96 54 90 3 36 37 40 77 34 16 67 6 97 58 88 37 2 51 89 46 92 2 28 25 88 39 31 86 74 12 93 64 9 86 84 12 20 54 42 5 4 23 73 36 30 23 57 20 37 5 43 93 34 37 49 11 99 11 64 47 82 37 49 98 5 47 33 82 54 91 17 35 92 44 70 13 50 94 35 93 28 57 22 73 97 63 13 72 1 66 59 27 49 40 83 96 26 78 78 59 82 93 7 15 42 22 99 81 98 17 63 1 16 53 70 31 27 26 64 54 36 52 60 70 18 66 42 99 17 25 65 84 48 4 55 
20 58 50 1 95 8 60 52 30 25 40 99 45 3 87 83 65 82 2 98 15 60 83 90 21 81 37 55 12 42 64 41 17 93 71 48 69 35 66 28 1 19 58 82 46 49 56 67 41 80 73 88 24 21 23 3 34 28 20 21 13 12 80 2 1 34 24 59 44 8 68 56 86 97 37 9 76 20 51 83 62 43 36 99 93 85 18 27 23 19 24 87 4 65 82 54 89 98 26 51 38 44 85 56 8 80 95 96 57 35 90 51 48 89 8 53 43 74 86 82 6 73 66 75 3 22 88 17 2 6 96 44 71 64 36 46 81 86 52 64 6 14 92 89 17 38 8 65 89 5 48 87 2 10 66 3 30 1 17 9 56 75 55 56 61 85 38 46 28 34 25 31 41 72 76 16 86 8 54 56 53 96 21 61 28 47 43 88 4 20 86 49 72 25 20 6 28 28 12 72 
15 45 97 99 76 97 99 88 26 97 62 77 12 40 14 14 89 75 87 3 23 14 27 9 83 21 81 52 51 23 11 12 12 3 80 25 61 1 63 85 2 15 42 46 44 2 6 17 7 76 51 65 15 9 84 17 4 30 18 57 15 26 71 25 96 44 74 22 8 86 63 3 14 14 82 84 86 45 82 38 8 57 24 94 65 83 74 42 56 18 10 28 84 8 13 54 62 63 74 82 10 49 92 35 54 88 75 85 32 64 37 72 85 13 99 85 67 33 92 78 34 78 53 58 54 62 30 91 3 54 73 3 60 82 46 73 19 34 18 44 75 51 64 12 36 37 70 33 15 49 30 19 33 6 42 43 19 81 15 32 11 10 65 74 54 80 17 14 99 42 1 53 10 2 56 52 52 23 32 28 3 27 81 58 45 93 68 75 71 61 63 70 82 24 44 92 83 36 98 50 
68 21 36 16 97 62 53 99 40 62 44 96 25 79 30 34 17 56 71 26 24 29 70 75 90 20 65 76 99 41 35 11 74 95 96 48 77 73 7 51 10 53 61 66 11 6 95 34 61 85 81 80 77 42 34 22 19 11 4 64 80 16 81 2 97 72 97 18 46 81 22 84 38 38 61 64 28 21 64 9 6 1 16 55 4 37 42 35 90 79 8 64 75 64 16 51 7 18 8 91 71 55 66 69 95 82 13 59 44 93 6 26 22 69 44 20 71 82 65 83 75 93 48 46 55 54 6 29 71 1 95 38 23 63 11 73 49 58 83 21 29 92 87 55 76 60 34 42 49 46 72 36 41 23 92 78 86 54 22 3 58 91 30 28 69 74 22 66 69 33 44 16 49 86 80 65 39 42 55 91 5 96 31 61 56 35 10 30 39 35 33 41 38 57 79 29 78 57 69 17 
35 86 86 1 29 52 15 37 59 16 42 11 99 94 18 88 24 53 84 83 96 1 81 49 80 90 44 90 32 23 2 54 5 43 78 31 45 40 96 61 96 52 70 27 98 57 11 58 83 84 25 27 80 3 15 53 14 31 76 1 4 30 2 81 65 9 79 49 8 18 91 4 38 58 17 92 55 70 29 5 56 46 95 78 34 17 82 94 73 63 48 81 57 10 47 9 62 27 31 96 62 29 43 7 26 77 26 48 15 78 14 74 88 82 39 83 1 86 29 21 1 32 5 74 34 7 82 80 39 42 77 19 52 18 95 16 4 55 40 40 20 24 10 10 21 37 99 84 24 54 97 72 41 79 88 25 78 62 51 40 39 98 62 60 21 27 91 72 17 35 4 11 15 52 62 54 99 55 21 26 49 65 32 95 37 51 43 77 35 23 96 31 7 38 30 62 13 1 75 22 
92 38 4 12 26 7 14 67 65 62 91 57 79 83 66 2 9 77 47 45 76 77 16 56 76 41 32 35 83 56 32 5 46 34 30 17 91 15 15 48 22 63 51 3 17 72 83 12 32 60 30 31 99 72 86 44 29 81 26 63 7 84 96 23 92 8 25 88 28 3 11 48 26 47 35 19 79 45 50 43 56 30 90 91 3 57 63 60 39 13 53 71 63 7 22 74 50 77 7 44 52 88 22 84 95 31 60 24 84 22 87 18 2 5 48 47 3 50 64 23 23 54 32 78 72 42 25 75 37 62 94 4 83 92 66 77 49 35 46 37 52 20 12 52 85 4 21 16 20 68 8 50 1 25 79 3 52 8 25 47 73 80 7 85 40 32 63 44 6 76 11 77 99 58 43 65 28 45 28 16 72 33 12 61 91 43 17 63 23 24 42 8 76 51 62 9 42 26 31 5 
45 54 70 55 4 85 77 65 38 51 85 74 20 88 83 10 5 65 43 32 30 83 17 34 15 78 41 42 62 17 36 14 58 99 3 43 70 59 28 52 52 61 77 99 36 4 3 74 40 20 38 1 63 72 97 33 87 59 82 60 80 11 72 3 88 87 34 16 43 86 14 86 58 37 42 34 30 97 31 11 39 64 78 2 47 63 61 26 99 53 43 34 23 28 65 10 30 12 57 69 13 63 29 63 49 72 72 72 96 63 62 12 97 92 58 30 77 48 2 9 43 54 16 59 85 64 8 29 77 66 67 96 75 81 67 74 19 61 62 7 28 93 89 71 8 96 71 79 46 23 12 72 13 56 95 28 60 13 93 53 24 45 57 90 24 35 22 15 61 98 5 33 19 83 8 84 64 73 12 42 47 79 85 13 1 51 76 34 41 68 17 76 64 42 22 46 52 19 87 78 
71 39 11 95 92 24 59 58 12 95 26 22 73 23 39 11 38 37 39 14 79 34 84 85 85 74 43 42 58 83 99 66 15 49 53 2 83 23 15 59 11 23 12 12 53 29 83 97 83 85 85 18 88 1 84 38 69 49 65 88 40 66 24 63 29 53 69 20 79 75 29 80 47 62 39 32 4 6 54 23 34 63 40 68 37 56 79 46 26 70 65 98 28 54 8 33 83 22 31 19 48 51 70 91 90 82 78 49 95 22 20 54 59 39 74 33 93 68 35 77 24 7 11 41 90 17 22 43 46 23 5 67 58 17 8 60 10 52 96 33 96 46 48 60 27 82 55 81 26 6 22 1 32 27 70 83 96 21 34 63 85 26 59 34 80 43 12 55 73 41 64 52 75 48 10 11 7 61 52 82 4 38 9 84 19 1 13 96 15 37 12 61 72 97 65 87 81 97 48 46 
68 62 1 22 91 19 26 32 75 70 88 73 88 95 64 10 67 92 1 25 18 80 15 22 20 96 94 26 20 2 97 80 37 75 53 50 59 17 60 22 46 46 86 98 26 5 72 7 97 53 27 92 33 71 31 23 71 62 34 83 22 48 56 81 67 69 89 44 57 88 94 20 14 89 4 74 28 73 18 97 62 66 9 98 49 10 20 4 91 68 63 64 61 26 24 49 2 87 52 47 28 78 74 69 22 43 82 46 39 47 42 28 4 76 88 84 11 37 25 9 24 56 28 13 80 80 43 26 85 75 85 4 15 30 41 16 16 51 68 56 4 68 91 39 65 28 11 95 60 98 90 81 14 71 70 71 25 54 58 57 61 75 32 55 63 87 41 1 37 59 4 49 63 80 9 75 91 63 18 75 42 38 59 66 4 57 35 83 37 90 13 85 74 33 37 48 15 94 16 70 
26 70 62 3 80 14 41 78 29 39 28 63 89 24 96 59 37 48 70 72 94 91 22 8 39 37 79 74 95 68 21 82 43 70 74 41 14 30 22 65 88 37 96 68 99 80 82 65 34 52 15 75 27 45 81 16 67 54 21 9 93 76 23 74 98 9 32 38 24 50 39 25 65 4 90 60 67 69 82 74 28 54 64 95 95 61 35 56 72 98 46 89 9 76 99 29 10 4 52 12 31 92 9 75 77 56 27 59 10 11 16 4 37 71 36 52 20 58 1 47 72 89 73 36 59 87 69 64 96 74 56 81 52 74 51 37 45 15 26 83 47 22 1 74 80 25 50 63 18 55 98 9 86 45 23 67 63 28 50 98 77 39 60 64 8 16 84 28 86 96 6 51 98 21 57 3 77 32 25 49 10 71 47 58 34 83 13 2 41 17 61 51 70 18 84 81 15 35 28 66 
