200 40
42 54 21 89 43 59 26 11 91 34 37 27 6 65 50 75 7 94 60 47 17 11 67 85 59 59 68 82 60 32 65 83 45 76 61 86 43 89 60 38 84 21 67 39 99 70 89 40 23 90 37 45 87 84 19 9 31 9 48 36 90 69 38 85 5 25 3 65 15 86 60 38 64 14 28 14 95 20 25 58 55 71 74 86 89 83 97 65 48 24 20 13 80 12 66 99 39 19 65 47 77 66 46 30 49 30 38 71 11 34 75 48 22 56 90 88 41 26 20 72 30 22 99 30 51 77 68 44 68 75 66 50 47 50 35 32 57 89 18 29 65 31 59 28 42 64 6 71 61 31 6 49 94 23 8 7 19 85 63 39 10 14 25 91 46 56 46 64 8 12 84 5 76 30 94 17 34 14 38 52 67 17 73 16 61 45 62 62 3 54 69 2 82 53 60 91 90 3 99 44 
25 62 7 34 9 77 42 14 50 68 49 13 79 12 39 62 37 43 31 52 72 56 51 31 39 4 35 3 4 94 25 32 35 95 71 39 14 32 32 4 27 86 73 61 68 99 70 8 43 70 3 94 59 54 60 32 36 65 41 88 99 75 49 88 84 15 98 17 31 71 10 15 90 88 10 81 20 71 37 73 83 80 34 6 55 33 54 52 16 7 55 41 54 37 7 62 65 14 83 61 56 88 68 42 36 69 51 66 26 20 34 53 54 66 20 80 56 87 26 84 74 24 72 55 60 71 90 46 73 85 19 65 80 78 2 77 55 20 92 9 81 39 53 41 48 22 53 13 53 11 69 23 4 8 85 26 13 73 95 35 2 24 98 23 99 34 4 17 44 37 27 5 79 23 91 30 58 41 29 94 42 96 79 60 98 55 89 45 5 37 15 23 43 22 18 28 7 49 69 53 
86 43 41 74 22 98 32 24 35 72 72 6 78 40 5 67 38 71 14 47 42 21 21 69 58 35 87 48 91 46 15 89 86 80 40 84 29 48 44 16 39 51 43 54 80 80 93 60 55 16 91 82 2 26 71 60 99 68 8 20 67 89 13 77 62 25 38 38 81 2 75 97 60 31 54 39 71 18 43 35 31 54 51 47 90 20 26 26 42 86 52 11 16 13 56 31 82 47 3 5 49 28 94 39 66 80 74 29 20 21 23 61 36 53 62 9 79 71 52 34 55 58 90 91 6 86 15 21 14 16 3 53 2 96 70 8 28 67 71 92 93 57 2 7 37 82 93 35 36 49 19 55 7 53 89 30 6 78 56 15 27 98 7 51 5 75 71 72 13 61 16 98 62 96 48 41 5 11 14 97 30 22 96 56 66 39 21 95 84 58 49 81 90 64 84 68 30 34 66 3 
80 59 29 80 62 84 44 93 29 21 62 63 67 97 42 67 56 86 37 25 72 7 95 3 86 22 60 12 65 42 72 9 70 20 64 95 60 56 66 20 85 95 5 75 94 29 99 98 31 90 65 72 33 63 14 27 33 71 51 36 61 87 79 18 42 29 95 37 94 57 91 4 34 80 55 73 70 50 69 46 10 65 12 68 52 70 56 31 93 52 71 69 27 45 23 66 38 30 67 48 10 31 62 87 18 17 56 3 37 5 95 56 34 54 20 56 73 71 66 56 13 7 65 55 6 58 43 97 4 67 24 72 49 21 23 16 82 51 53 7 39 37 22 70 50 1 34 78 41 11 87 47 33 80 75 37 42 70 86 55 80 83 8 54 56 70 16 31 69 26 87 28 20 89 93 33 1 48 98 80 98 32 63 48 98 17 46 59 79 25 96 84 15 24 62 37 74 24 86 78 
68 14 79 58 20 12 14 49 52 94 63 96 79 89 6 66 90 48 93 50 54 52 58 66 13 6 6 57 85 44 20 96 70 24 59 80 39 33 61 34 43 84 38 8 7 16 80 78 34 92 53 51 4 9 99 55 71 81 38 49 70 57 65 15 10 7 53 64 73 30 50 33 26 51 82 84 4 21 51 9 24 19 35 22 77 49 90 67 33 44 48 16 35 59 16 61 5 81 78 27 42 20 98 63 20 13 13 45 89 25 36 75 79 46 59 82 94 93 51 22 14 12 54 76 96 69 90 53 75 65 56 89 62 23 26 45 43 90 49 10 82 46 55 98 20 92 45 51 73 59 99 37 35 3 76 50 75 7 8 12 40 79 4 69 54 56 50 97 16 2 11 97 2 4 25 95 64 77 9 46 33 66 55 31 14 38 32 55 88 88 86 53 18 40 39 85 36 40 90 38 
21 86 5 43 71 47 97 74 94 59 55 38 95 93 1 96 64 53 38 45 70 74 55 10 70 27 25 52 1 11 99 65 81 62 16 75 16 48 92 40 89 68 33 52 70 56 21 35 11 76 25 46 44 29 94 76 87 45 65 47 42 88 51 16 87 57 52 69 91 80 50 30 3 20 9 51 50 72 76 21 49 66 83 57 95 62 43 14 70 53 51 75 34 68 84 60 32 65 8 21 92 37 62 38 27 8 77 31 28 38 62 48 72 16 9 71 20 66 94 16 11 45 76 30 71 42 95 94 8 79 76 22 13 12 25 58 57 27 33 84 98 45 70 11 75 19 94 82 9 36 42 77 4 14 34 6 47 6 75 10 10 94 51 66 45 99 31 84 86 69 67 5 54 87 95 3 50 69 33 84 57 64 79 91 43 54 20 94 57 51 19 2 32 5 27 49 83 92 74 10 
80 72 14 9 74 17 14 2 68 57 72 89 80 34 87 70 43 50 74 6 3 74 61 19 17 39 88 99 61 40 13 2 24 38 4 42 7 57 47 3 25 86 39 28 10 77 93 29 5 46 35 77 69 74 6 13 75 7 59 35 9 52 64 11 71 82 3 70 75 35 71 7 52 11 81 78 43 74 58 7 5 55 39 79 9 46 77 44 39 5 40 17 95 51 9 75 90 72 77 62 51 17 56 83 20 98 68 10 50 93 50 74 12 44 53 78 88 56 43 82 77 99 99 14 89 8 16 63 51 78 98 86 3 73 71 1 95 19 67 89 98 4 39 1 94 83 48 44 77 75 73 95 58 62 6 94 60 89 53 44 23 68 34 11 96 72 83 27 48 40 48 87 58 74 92 52 21 41 91 45 44 71 35 53 50 60 29 28 76 66 90 85 72 11 52 5 4 82 62 32 
75 22 72 97 89 41 55 86 10 26 96 6 60 15 34 81 39 64 73 53 12 53 91 86 15 79 36 63 57 62 24 88 16 39 43 85 39 70 52 98 43 35 78 93 19 34 21 55 25 86 49 87 89 34 3 18 12 36 90 90 63 75 93 73 82 52 60 52 80 87 14 34 39 26 42 47 7 28 9 37 8 76 44 73 32 74 51 43 42 46 1 55 69 35 35 39 18 4 68 42 60 38 83 36 39 41 33 9 68 39 41 71 32 77 2 54 83 20 78 7 48 53 8 1 21 84 93 28 66 39 11 99 20 63 6 47 88 26 93 24 46 13 61 2 40 32 64 73 87 13 31 52 75 2 57 71 61 67 12 85 71 1 31 67 5 9 24 13 30 23 68 36 84 91 14 71 77 86 78 75 88 96 51 23 67 34 93 10 33 28 34 53 76 33 73 89 58 18 81 75 
95 24 70 28 82 11 15 36 4 56 8 78 76 36 18 56 69 27 65 69 5 5 22 23 54 50 11 21 42 43 7 70 43 66 36 78 85 4 77 56 48 40 59 14 61 61 64 63 7 58 24 20 17 20 22 99 77 38 94 20 26 6 30 99 49 18 67 58 86 70 94 20 31 61 56 6 24 90 45 43 60 58 7 58 85 68 36 79 98 23 83 36 46 30 48 60 31 95 81 85 4 29 86 45 69 39 17 75 82 40 79 15 50 44 33 4 31 67 84 80 35 25 95 88 23 36 79 72 9 20 99 77 56 97 70 51 83 93 60 41 56 31 86 97 95 36 21 73 70 36 84 21 6 61 49 96 73 41 42 54 1 9 38 55 63 96 65 56 90 42 5 20 63 80 85 9 14 51 90 87 24 94 55 21 29 51 64 77 17 65 55 25 25 80 18 35 42 44 91 80 
58 79 96 95 50 66 14 39 51 2 35 24 89 97 39 88 48 71 65 79 69 47 10 51 53 59 27 66 58 48 27 94 99 62 80 14 51 59 15 8 42 4 15 72 64 66 23 8 63 29 41 22 43 78 27 33 67 10 97 64 56 28 27 50 86 44 47 29 96 76 47 50 77 52 75 68 82 7 38 47 21 81 96 59 59 29 73 83 22 5 47 6 93 76 54 23 14 17 89 37 80 9 6 57 50 41 12 4 38 12 76 2 15 24 26 85 10 92 42 96 12 37 68 84 65 86 3 8 73 76 3 30 96 52 83 25 55 65 17 73 24 75 33 64 38 49 21 93 90 63 27 66 30 1 55 94 64 52 66 96 59 16 79 3 39 99 74 46 84 17 83 71 35 91 1 29 86 51 77 79 93 35 22 87 69 89 1 29 84 67 38 85 66 29 15 48 2 45 71 15 
74 73 33 15 42 41 83 46 67 13 52 33 68 26 29 56 55 55 91 36 27 15 10 30 70 59 38 38 62 79 25 95 67 9 4 79 41 17 99 5 28 14 25 25 59 47 82 34 56 6 64 65 32 17 49 88 85 46 9 16 5 98 98 94 69 18 69 16 45 87 56 6 89 30 84 31 47 6 69 97 52 16 16 51 27 98 15 74 86 34 49 91 30 39 90 64 49 69 98 92 24 22 22 18 22 31 99 19 2 69 58 15 9 51 15 61 80 28 74 56 42 90 31 35 6 69 68 71 76 33 60 79 45 88 66 11 92 85 39 59 90 9 18 54 97 83 31 66 61 74 95 4 21 85 21 14 1 58 2 85 19 75 23 44 77 57 58 54 71 62 72 20 83 90 16 85 85 79 32 33 38 7 49 83 91 86 88 97 84 75 58 75 45 67 54 55 90 94 65 14 
29 74 19 18 83 90 14 98 57 2 6 98 90 27 79 57 65 81 66 13 13 73 45 95 8 9 38 35 68 86 12 53 60 3 79 68 95 47 98 92 30 7 75 36 63 63 56 2 43 91 36 89 61 65 55 94 55 51 97 6 8 12 93 9 45 6 19 83 41 84 94 7 15 98 85 50 30 90 5 78 95 99 8 55 65 60 97 36 39 3 20 74 62 52 69 18 25 28 82 9 63 47 44 86 57 20 81 84 34 53 68 31 64 48 25 51 66 2 15 64 1 6 49 85 76 49 81 24 45 14 14 87 5 77 91 74 99 16 5 82 19 94 90 3 95 80 31 22 10 33 53 23 85 5 28 82 92 47 75 72 48 6 56 62 11 21 80 15 87 29 1 88 29 60 16 38 32 43 70 13 39 97 54 56 36 43 2 9 57 90 92 6 78 48 53 78 24 20 54 51 
68 18 70 2 53 60 41 40 24 39 24 72 63 38 37 92 78 14 28 73 4 2 68 62 99 14 58 83 55 36 24 40 83 35 16 8 26 51 15 41 48 1 25 72 45 80 79 8 37 58 36 31 71 83 81 5 20 79 26 63 84 46 8 23 91 61 92 72 92 77 71 78 69 26 62 86 27 13 10 14 97 21 85 58 43 11 86 92 47 18 37 66 23 56 88 7 10 15 18 16 73 59 30 72 6 33 53 33 26 54 46 30 78 20 92 72 37 1 3 46 97 47 13 13 87 84 85 11 57 14 13 56 85 14 9 40 76 40 18 32 61 24 9 75 98 73 78 93 72 74 49 82 93 86 70 19 98 49 18 53 54 76 93 12 49 60 27 2 1 66 73 1 53 40 15 69 76 2 60 39 67 48 44 23 51 55 29 6 75 71 3 52 18 24 80 3 81 17 4 74 
58 84 6 89 37 34 82 14 89 69 74 25 59 37 19 34 23 65 83 37 91 65 68 12 6 32 8 19 41 43 69 2 6 57 51 86 40 19 85 82 20 51 38 82 48 64 7 60 67 50 22 74 47 80 46 64 93 14 77 53 44 88 43 48 69 28 7 37 72 38 61 91 89 5 36 67 89 1 90 1 74 79 18 12 78 77 43 4 69 13 27 62 46 88 59 55 44 90 66 35 27 85 4 36 93 24 61 73 76 39 63 49 39 48 64 44 79 49 53 25 26 24 51 39 42 38 12 18 23 38 24 74 97 55 5 7 26 2 8 94 4 73 19 98 56 49 55 64 43 90 69 20 57 41 43 77 23 30 94 28 99 65 72 49 77 41 59 1 80 32 69 24 63 96 51 43 17 75 85 66 63 94 85 84 57 58 97 70 85 58 1 80 69 66 7 53 62 37 60 10 
26 49 88 40 97 5 23 98 37 88 34 78 51 17 85 28 12 21 4 13 53 45 83 7 75 49 79 4 41 6 14 8 79 3 69 38 80 40 95 28 1 35 5 26 58 16 73 91 39 26 43 2 89 24 18 45 22 80 66 27 12 81 23 63 98 27 83 86 87 30 9 42 47 20 25 90 8 37 21 7 67 38 49 76 84 92 28 3 85 85 38 2 57 15 25 5 53 91 98 54 88 44 33 10 46 12 64 43 68 48 95 41 64 23 91 5 9 19 82 47 36 32 62 97 48 72 89 1 11 65 85 10 52 50 36 98 65 79 91 50 8 20 66 65 99 52 39 55 28 72 51 48 42 88 9 84 53 24 84 19 41 17 11 23 46 18 86 78 74 92 74 82 94 20 2 47 42 93 59 97 14 21 1 73 71 25 46 29 41 39 78 31 12 15 44 61 40 16 53 17 
71 90 88 27 2 31 69 49 69 92 95 33 47 96 26 58 28 36 40 79 28 72 36 19 79 41 34 69 37 43 74 95 76 53 16 30 93 16 39 77 2 45 45 13 39 26 54 80 59 12 9 94 41 30 70 43 80 75 20 79 93 13 60 31 20 79 13 92 15 82 23 33 57 97 51 87 46 72 83 65 99 24 21 42 56 40 89 66 76 80 34 56 38 71 17 1 42 13 26 59 10 73 64 60 79 91 58 3 13 79 55 57 91 14 20 63 17 48 39 33 10 1 20 44 14 63 89 51 89 96 95 72 22 33 7 2 12 73 10 1 83 90 14 1 80 27 48 5 66 95 61 86 27 79 22 87 64 31 22 24 6 74 68 77 94 5 94 3 97 85 49 25 1 51 5 39 9 7 51 9 49 28 99 70 68 60 84 30 34 19 56 63 33 91 87 17 73 33 71 7 
93 64 9 35 12 91 84 94 8 37 28 15 34 96 18 93 47 23 35 81 5 15 63 81 65 26 87 46 89 62 92 82 39 77 67 46 78 81 2 45 70 32 85 41 83 41 11 44 85 69 72 18 46 33 65 76 37 95 86 87 30 74 36 67 1 39 13 86 24 9 19 65 78 55 57 76 43 2 34 44 98 24 54 43 27 48 27 2 12 51 61 97 39 63 68 61 95 65 61 76 69 90 54 74 51 23 63 40 32 98 6 12 6 4 99 76 66 77 66 73 11 12 29 94 37 47 9 83 44 77 33 33 33 48 28 89 6 56 22 51 68 49 44 66 25 27 28 36 83 42 4 12 52 96 8 98 41 44 76 50 63 92 47 75 33 98 58 31 62 72 52 27 70 73 70 26 75 14 56 41 95 59 57 36 53 24 18 27 71 74 89 83 74 31 21 23 87 62 64 17 
33 53 81 64 61 48 4 78 39 2 41 82 73 43 31 10 81 57 17 51 86 90 52 54 21 44 96 26 23 78 21 30 40 11 98 89 28 19 15 81 48 34 61 46 73 49 38 77 81 13 51 29 57 32 17 11 96 72 58 92 1 55 6 1 80 62 98 19 51 31 82 89 40 57 13 14 79 95 50 48 11 58 65 8 82 14 37 68 52 89 48 59 82 70 94 69 48 99 76 47 27 79 3 95 8 66 89 77 85 77 63 15 65 86 54 83 56 27 5 21 79 87 60 20 61 16 79 32 37 18 24 67 47 57 66 92 44 53 85 33 85 86 68 71 37 92 11 48 72 67 14 61 74 62 89 68 31 87 55 81 40 11 37 74 8 58 70 75 44 13 94 73 73 18 62 12 21 70 28 95 25 28 59 84 29 6 28 97 85 76 14 12 53 70 8 61 99 76 6 37 
51 24 88 8 42 68 11 76 95 67 18 55 39 53 81 94 41 47 14 35 9 58 67 8 85 86 30 29 57 20 33 9 48 36 43 43 21 99 69 18 77 68 56 8 58 86 90 76 43 85 96 77 51 89 38 53 42 11 18 35 11 48 76 42 95 92 96 84 70 24 95 60 51 8 35 57 88 3 12 52 78 54 62 10 50 97 63 85 74 56 30 23 62 45 16 53 61 64 16 1 60 8 60 74 84 53 22 75 2 71 12 91 16 21 77 2 72 50 10 73 52 93 34 61 79 78 19 13 14 20 69 60 57 20 31 28 48 73 86 28 65 62 60 62 26 56 13 22 86 16 46 84 43 89 1 21 31 18 55 87 23 26 28 32 32 31 76 89 10 38 97 86 47 42 26 34 75 27 36 38 63 63 43 89 17 15 97 69 86 32 92 48 56 53 59 85 51 9 66 29 
54 43 8 34 48 19 9 48 37 85 83 96 1 43 34 75 15 32 57 25 49 41 47 30 69 3 91 23 38 97 75 78 9 48 75 19 35 24 67 11 63 39 21 67 37 53 1 45 91 73 67 47 61 47 75 21 74 73 76 61 53 90 17 6 18 86 38 40 82 92 76 90 56 86 64 35 43 89 29 92 44 70 93 27 55 41 75 51 65 59 88 20 61 31 42 34 26 3 39 41 33 70 78 32 57 72 56 44 64 94 61 61 17 66 79 10 73 63 91 63 87 7 72 41 7 62 93 6 74 41 22 66 31 99 19 77 11 41 42 39 43 13 43 95 53 6 70 39 62 60 66 3 84 57 70 69 31 28 16 64 10 43 31 59 21 25 40 70 61 36 63 62 25 86 17 40 97 33 9 57 63 74 45 12 99 56 27 48 79 71 51 53 73 55 9 63 44 88 86 56 
93 24 16 62 16 50 76 17 37 32 69 84 42 43 93 29 95 84 26 39 35 82 18 29 78 91 1 43 17 92 78 49 21 92 35 42 35 25 28 44 81 49 93 4 60 53 45 96 47 50 69 23 91 79 33 13 25 9 77 19 50 29 21 24 51 61 58 35 83 51 61 87 84 71 77 41 64 21 33 84 10 27 27 31 87 40 39 22 38 40 22 23 78 32 9 30 3 49 5 62 81 49 94 66 63 17 39 17 70 65 75 13 5 31 17 80 42 80 54 74 37 5 54 74 19 21 60 84 94 74 91 40 47 37 46 98 37 5 95 48 99 4 90 98 49 82 57 91 73 21 97 91 40 21 91 90 91 14 94 8 45 57 40 88 99 34 36 5 25 54 68 54 70 55 99 63 61 1 67 82 1 79 88 90 66 8 53 91 14 30 32 17 74 15 67 26 56 59 82 1 
90 45 70 7 94 82 18 13 1 65 54 77 80 2 17 50 83 34 23 14 46 37 74 85 85 17 56 12 4 14 33 75 81 2 57 91 87 84 60 5 69 2 58 96 60 25 48 80 73 58 12 99 6 37 13 34 40 33 97 94 37 47 96 25 43 16 21 2 88 7 66 35 82 20 11 66 21 91 16 71 80 86 23 58 21 4 60 68 84 76 36 74 98 70 42 82 69 81 54 32 89 41 30 96 33 14 9 79 56 94 14 19 98 13 52 84 83 31 12 81 15 43 65 44 81 76 66 42 54 92 52 77 86 83 43 83 16 76 43 30 60 28 36 15 22 32 91 71 87 12 61 66 23 25 78 97 79 61 61 97 90 43 8 29 71 27 2 90 23 1 9 11 26 86 76 53 44 37 36 13 27 41 2 18 3 16 70 30 86 17 21 42 72 27 15 82 39 65 98 10 
83 96 36 63 75 42 51 58 42 70 68 92 16 12 52 6 46 63 84 1 94 83 59 43 38 95 84 63 66 88 82 57 84 14 90 82 10 85 58 62 76 85 50 83 30 56 45 96 31 7 37 17 54 8 31 24 89 96 48 60 39 73 25 33 20 1 8 14 62 9 62 38 13 88 63 4 29 97 4 75 84 55 87 81 67 46 35 12 77 20 78 22 32 88 66 33 59 28 59 27 2 80 33 53 20 49 76 24 82 5 95 13 76 78 6 61 1 68 39 73 70 35 42 17 13 4 75 24 70 64 11 91 97 69 38 78 65 36 58 11 58 46 88 75 74 45 59 26 25 42 13 78 38 11 10 14 52 88 21 76 22 78 33 74 18 44 47 81 20 17 78 35 27 90 53 34 48 23 17 45 8 35 25 96 47 15 48 81 17 11 71 57 84 38 94 46 31 74 29 31 
65 45 90 25 2 94 22 93 4 38 25 12 77 67 68 10 3 98 90 37 28 67 1 64 71 29 78 81 24 57 72 99 43 50 3 49 60 24 60 82 76 14 5 71 60 77 66 8 53 92 47 4 67 55 19 92 84 85 22 26 54 20 68 79 2 18 41 44 17 57 93 36 64 38 47 88 75 78 95 56 55 20 3 14 76 21 3 56 83 62 98 1 90 46 66 81 82 90 49 54 15 40 63 97 12 53 94 6 68 15 97 97 52 25 99 10 98 7 95 1 15 4 53 47 76 78 10 49 32 14 71 23 97 15 16 10 61 6 92 68 82 29 18 77 88 51 81 37 78 57 42 68 21 52 30 11 55 61 42 26 90 31 50 94 9 27 93 18 59 36 83 19 61 66 99 38 8 44 93 39 58 16 86 3 45 52 70 35 69 38 8 56 5 84 30 12 92 19 40 65 
47 24 26 28 36 43 35 54 25 26 26 73 42 31 28 20 65 20 22 32 27 54 38 46 10 99 61 4 47 21 26 47 26 85 18 18 82 64 76 61 6 26 91 24 37 42 3 54 68 88 5 1 43 38 41 14 55 69 7 48 52 60 51 56 33 90 71 94 47 42 20 20 96 96 97 91 32 40 59 69 60 59 9 16 37 39 5 93 69 71 54 68 17 47 17 8 89 57 7 77 50 95 83 50 14 59 64 94 45 44 16 85 60 50 53 96 29 75 48 4 70 24 21 84 57 98 43 18 12 3 40 85 11 44 86 69 78 31 11 52 93 73 90 21 85 80 56 61 36 66 89 62 77 45 25 14 93 33 47 8 21 47 91 37 46 7 47 97 8 32 54 83 97 44 3 94 56 69 36 29 78 30 49 88 10 54 87 76 45 71 48 94 33 10 80 51 75 2 84 52 
3 68 90 26 4 84 4 92 87 8 31 35 32 75 54 67 72 30 14 11 2 23 4 95 70 13 81 60 87 66 57 50 19 59 4 19 89 72 46 28 80 97 73 46 32 32 27 50 41 80 10 26 64 58 80 64 15 86 56 67 63 94 12 42 38 19 81 6 27 5 54 80 74 5 79 98 81 79 62 99 10 96 67 31 76 34 18 48 57 74 91 13 86 10 27 96 54 40 18 78 12 72 20 43 63 22 42 86 76 11 54 9 72 72 81 21 31 43 10 40 92 69 80 91 51 7 94 8 61 17 8 32 35 70 37 12 42 43 56 3 9 22 95 70 22 99 45 87 23 78 51 33 13 66 18 94 50 79 9 69 52 44 44 60 92 91 1 77 4 62 16 42 74 5 82 79 52 74 52 25 44 35 35 21 13 57 97 18 78 22 64 74 22 15 20 56 77 31 3 36 
11 20 98 77 70 86 35 41 73 68 64 47 93 29 81 54 94 73 69 61 28 44 98 7 35 24 31 67 46 34 17 59 81 36 94 36 49 28 91 93 46 49 27 64 60 78 5 20 67 30 22 72 31 61 61 72 5 67 96 9 34 80 91 9 48 75 96 42 69 64 52 14 7 96 88 70 61 64 24 96 20 94 65 15 60 57 11 89 48 60 46 22 40 48 46 53 79 8 74 62 1 63 84 70 25 78 18 34 66 55 6 50 23 36 69 56 85 2 17 27 34 72 48 77 35 6 49 60 45 1 96 67 12 94 56 32 69 62 83 24 42 21 21 52 43 23 2 66 75 62 48 54 29 71 70 43 85 22 68 98 14 24 32 25 72 27 38 67 9 19 54 8 59 29 37 69 51 24 32 14 97 8 72 40 4 27 82 88 61 65 73 37 53 45 49 4 49 28 97 45 
84 31 68 40 85 57 71 90 33 19 44 83 35 80 91 56 45 1 66 40 61 32 64 60 29 25 27 40 37 25 43 96 22 70 43 43 61 96 7 85 81 35 55 29 54 11 59 71 94 45 30 6 65 55 29 23 71 53 59 6 66 44 70 34 46 32 58 84 54 15 62 26 79 84 68 24 53 31 8 41 55 36 57 33 9 79 37 50 84 37 14 42 95 75 2 48 3 62 57 8 10 56 82 53 68 13 27 13 74 84 82 10 68 16 89 64 37 49 31 88 12 20 36 93 70 62 80 82 34 3 84 57 71 63 12 13 94 63 74 38 62 16 27 22 79 28 72 43 92 6 55 80 97 48 69 4 33 48 51 82 84 97 83 77 81 81 92 47 1 79 54 45 61 67 84 20 30 17 48 15 19 95 54 68 84 63 57 17 28 77 56 89 97 91 97 11 85 53 70 1 
38 22 55 65 39 15 31 31 27 17 54 85 32 32 44 97 8 41 42 10 37 3 21 44 29 50 75 97 18 93 30 43 66 21 35 33 63 94 67 92 22 56 29 27 84 23 49 14 19 86 86 13 20 18 22 54 8 64 66 50 32 47 54 86 65 67 49 25 9 1 39 7 90 99 41 47 63 94 96 38 9 89 74 49 34 69 69 27 71 90 5 92 81 90 28 45 52 81 15 61 95 51 66 91 52 65 10 65 88 65 2 86 97 69 23 39 97 74 80 78 37 49 10 42 86 43 70 39 46 81 51 59 42 65 66 66 27 71 55 1 78 54 86 80 3 45 52 99 32 51 74 30 24 57 99 18 65 24 1 87 67 86 78 38 67 61 58 48 32 36 94 71 51 79 67 37 43 35 81 51 53 21 70 98 51 35 93 39 37 50 37 7 33 16 14 17 89 58 61 58 
72 33 46 4 97 85 31 36 43 25 60 76 89 13 57 1 53 90 77 66 81 82 12 15 55 96 80 70 86 24 40 39 24 36 78 12 45 90 14 61 62 25 2 40 20 62 27 89 96 7 10 28 1 44 1 61 77 46 84 74 2 66 78 37 81 38 34 1 60 81 32 3 11 97 90 58 42 71 56 68 91 68 13 18 35 39 71 71 75 16 82 78 53 14 23 71 39 33 7 64 36 52 80 54 82 37 21 23 48 33 39 31 34 69 79 27 76 59 20 38 44 97 67 76 37 62 67 36 88 15 92 94 67 96 51 11 71 36 85 28 32 41 68 72 16 5 6 51 20 1 37 57 75 87 35 63 45 5 5 26 26 76 82 85 47 8 39 65 69 88 79 68 88 90 38 84 32 66 83 83 59 56 19 21 64 77 78 31 73 34 29 34 44 13 71 32 68 80 38 11 
48 20 30 11 26 90 90 21 20 19 82 78 29 88 14 49 15 96 52 14 5 55 31 64 88 89 50 9 23 40 69 68 25 59 16 78 78 15 79 90 31 88 13 67 91 77 36 85 38 90 30 39 8 51 42 33 4 98 80 87 94 84 22 37 12 74 4 29 49 49 28 26 67 4 61 5 89 44 36 54 5 95 44 80 62 92 46 2 79 86 64 50 36 41 85 72 75 36 61 29 7 64 6 94 99 31 97 59 92 58 80 24 83 81 62 7 39 48 14 39 85 22 69 64 16 79 30 43 87 13 57 48 19 27 80 66 95 41 89 99 67 88 41 63 44 16 54 86 6 85 13 13 89 73 65 99 4 67 23 19 15 73 61 55 56 8 21 10 26 2 6 95 83 2 83 41 55 68 87 88 30 75 13 92 61 10 20 24 66 74 33 66 26 85 41 19 86 73 96 93 
48 87 4 9 18 54 66 94 61 87 50 66 7 41 23 87 5 42 68 93 28 82 94 88 66 29 27 48 33 17 13 18 57 51 18 15 94 8 31 23 15 35 60 99 12 47 32 72 98 33 95 39 10 49 20 64 96 23 92 88 36 52 25 19 21 7 45 34 66 23 3 82 8 11 68 83 99 49 33 26 18 88 8 69 59 48 23 44 39 17 30 51 94 57 1 60 81 97 28 12 79 42 23 19 83 59 20 60 14 91 70 90 7 52 48 30 21 23 47 72 36 55 80 79 50 73 83 84 83 70 11 91 76 9 37 73 87 24 56 75 97 19 85 11 8 68 60 64 39 18 36 90 32 81 89 16 48 45 18 36 70 65 38 16 1 67 87 91 61 47 23 70 95 72 24 29 66 79 87 15 56 75 34 45 70 39 99 7 32 17 46 58 86 29 52 29 97 61 18 17 
38 44 80 20 43 29 88 61 72 33 14 57 62 14 70 16 56 81 77 98 96 97 51 18 25 76 13 37 89 80 82 71 36 28 82 88 13 85 39 7 71 72 77 96 62 61 26 79 39 72 12 29 58 80 67 69 74 13 24 77 46 44 17 80 33 5 79 59 96 74 50 44 98 85 66 17 6 21 69 14 80 16 99 19 93 57 2 70 11 81 19 57 6 80 98 20 48 94 88 49 13 17 38 90 75 90 97 37 11 14 21 38 99 32 60 89 21 44 73 42 55 3 17 96 87 9 49 8 1 16 30 78 81 30 23 65 18 8 90 76 98 56 98 69 15 38 13 57 60 62 2 1 26 94 35 14 10 47 84 63 9 87 22 65 21 33 24 87 46 53 64 51 86 69 21 29 46 54 74 42 29 30 5 66 41 74 92 28 92 14 24 6 91 27 83 28 49 45 58 76 
93 78 86 48 51 63 28 45 31 57 82 47 66 91 63 38 99 51 89 57 80 83 91 6 65 90 5 40 21 34 74 75 20 32 50 83 42 61 94 94 76 55 72 98 21 8 61 40 78 68 43 24 60 44 10 12 88 2 59 23 89 63 98 34 98 11 42 80 60 83 13 56 25 77 39 11 51 48 60 53 7 8 22 50 66 27 76 26 11 33 86 62 31 12 21 99 26 9 56 34 1 24 76 22 69 17 76 77 52 5 54 70 80 62 19 30 89 24 86 43 25 78 81 54 40 74 34 65 94 19 85 37 56 76 81 87 3 67 77 92 17 71 36 84 91 27 29 56 26 30 34 55 26 32 37 90 9 44 33 26 96 36 24 84 21 34 19 46 20 22 36 49 39 43 1 89 35 95 45 23 67 38 12 58 8 87 48 66 33 15 12 75 29 54 66 69 88 91 84 90 
50 34 53 98 95 88 37 9 85 73 15 18 79 23 39 31 72 64 1 44 1 10 30 39 39 63 94 88 99 16 5 56 36 50 7 90 40 36 86 32 43 32 70 11 14 86 22 42 62 38 44 36 35 13 80 85 21 26 12 78 44 81 59 86 71 74 82 75 6 86 80 95 91 90 90 88 11 47 89 85 84 5 93 5 74 4 58 56 78 72 77 37 35 28 83 34 24 75 49 22 60 11 85 66 1 18 44 21 39 71 12 28 10 32 20 21 86 52 33 20 80 72 60 35 42 23 46 65 63 21 75 98 72 75 72 14 38 82 98 75 67 29 57 40 7 88 89 52 41 26 73 44 95 94 30 39 34 35 17 50 59 80 31 75 12 50 9 7 73 53 25 22 64 88 94 89 42 43 71 66 7 93 48 98 92 7 54 20 78 35 63 56 78 23 82 21 46 4 62 14 
9 86 13 66 62 76 5 46 22 29 17 3 13 60 45 2 55 32 82 51 63 51 17 8 46 73 30 71 12 93 1 88 59 57 2 49 85 52 4 90 81 13 69 93 34 19 58 85 26 93 25 40 35 9 21 73 32 79 90 48 86 65 74 74 62 72 9 4 17 53 25 37 4 3 49 17 74 63 5 34 71 23 8 22 36 14 70 62 3 13 2 79 3 44 4 45 61 75 76 74 99 22 13 30 34 41 3 17 76 38 29 88 35 61 72 42 11 8 9 20 3 17 7 10 3 74 34 45 99 11 50 6 77 3 12 13 15 72 71 38 85 85 74 95 60 54 64 44 4 37 78 89 75 36 50 82 31 99 7 19 22 22 72 39 94 40 65 30 89 40 99 24 44 49 85 96 90 44 28 70 56 44 26 15 64 14 75 41 31 64 66 9 72 52 86 20 94 77 16 25 
85 99 91 20 11 75 97 64 61 23 36 99 47 15 79 38 52 49 77 15 39 51 55 94 48 72 14 67 92 90 33 48 65 11 66 80 34 64 47 35 44 9 83 7 17 28 59 18 51 35 36 20 21 65 51 85 77 83 21 20 48 81 35 50 38 74 61 33 28 8 44 50 74 51 5 10 13 2 39 47 52 82 22 25 81 44 4 30 63 62 11 78 38 41 48 11 23 11 94 96 11 26 7 28 71 70 18 28 52 53 39 44 75 12 55 50 41 6 31 47 26 27 4 61 81 90 90 48 38 37 83 88 2 37 53 87 54 85 44 80 54 4 78 27 38 40 55 14 18 70 51 54 82 96 17 87 96 45 80 81 3 73 49 29 19 59 2 48 40 14 99 85 38 69 74 15 60 87 40 35 31 56 83 71 53 89 69 76 4 27 38 29 36 37 8 35 82 13 73 27 
5 5 93 6 5 4 67 96 86 78 81 81 34 25 32 50 12 73 2 24 68 87 56 55 35 62 42 32 26 25 89 74 37 37 12 34 48 93 6 96 21 20 48 80 2 76 2 36 18 56 11 48 79 82 2 32 80 15 85 38 97 43 54 48 90 91 83 77 99 17 33 73 51 8 41 17 51 85 35 22 92 7 19 34 46 57 83 33 68 59 3 29 99 65 29 69 59 61 2 30 54 67 43 21 70 33 54 86 77 45 24 2 29 19 21 75 61 7 95 50 92 90 85 99 23 85 7 31 38 41 60 84 5 38 30 33 71 91 81 81 72 48 64 69 23 88 9 67 20 24 32 79 45 1 29 43 63 96 82 27 20 23 53 35 44 24 87 2 50 76 16 95 31 90 48 18 66 7 78 2 15 2 85 13 22 83 28 52 14 92 48 52 98 2 73 76 68 19 10 24 
89 2 35 33 18 93 55 96 37 37 39 3 47 4 70 80 64 31 46 24 16 20 75 89 46 35 84 2 10 5 12 45 78 24 10 69 38 49 45 90 85 1 99 84 36 64 68 95 16 89 59 30 65 90 96 56 40 43 18 12 10 89 73 92 58 37 29 62 82 52 64 48 92 71 72 40 16 90 61 93 91 72 52 27 72 43 80 23 27 92 97 29 37 74 65 57 97 8 62 80 19 72 80 40 26 17 26 38 56 51 19 42 60 48 92 83 7 48 96 57 74 52 91 24 57 28 55 7 64 5 77 92 18 78 62 34 54 8 29 46 25 14 9 10 92 85 50 67 37 72 12 28 51 90 70 63 41 18 13 10 28 98 44 67 47 39 78 99 47 11 50 35 90 49 2 66 55 53 92 49 32 86 96 5 27 76 1 18 57 15 7 36 58 57 30 73 75 23 98 5 
17 75 87 38 70 96 27 38 68 45 46 88 50 23 97 77 28 52 99 11 81 74 45 16 62 52 94 40 91 67 79 51 60 25 2 37 32 46 34 8 38 75 17 90 80 77 65 35 33 35 61 12 39 54 58 8 12 59 80 36 35 95 22 24 63 28 46 25 21 43 88 9 3 46 54 66 73 64 18 11 69 45 25 72 94 54 91 4 28 79 5 77 13 28 21 86 68 29 65 45 80 30 36 84 6 1 2 60 72 29 97 46 79 24 35 36 93 16 89 45 54 54 11 9 69 10 19 81 20 71 2 40 53 52 20 78 91 82 3 16 23 13 50 86 8 16 34 48 78 83 94 77 35 29 43 73 48 82 61 53 61 99 99 54 85 53 82 35 3 35 1 75 66 61 18 74 98 65 67 51 93 3 51 44 14 46 44 15 93 92 90 44 37 57 4 31 19 75 68 97 
