200 60
51 64 96 37 31 83 10 20 94 70 71 40 43 77 96 14 70 82 80 22 43 63 77 90 79 87 88 70 31 88 40 22 65 46 60 91 47 71 68 98 19 84 52 13 80 99 45 36 74 3 17 82 63 34 44 64 13 69 2 67 73 3 37 37 60 24 53 57 35 5 89 29 88 76 7 58 18 12 63 33 13 6 98 2 35 61 15 62 96 64 58 36 46 66 97 52 46 70 9 30 56 7 57 57 14 17 72 74 16 34 37 53 97 64 63 78 19 68 75 33 41 44 91 73 9 4 6 15 32 58 64 10 69 99 56 32 5 79 83 58 33 90 50 43 38 49 44 10 76 77 9 24 56 81 38 77 22 35 46 70 30 59 54 92 36 6 71 1 72 36 74 7 31 4 89 52 45 35 76 93 66 12 3 82 53 51 33 45 45 85 5 69 48 47 14 76 15 48 88 11 
10 2 44 3 18 32 7 47 18 16 46 2 46 61 98 44 93 95 9 73 7 64 28 11 96 43 28 13 46 42 4 70 14 13 79 20 40 50 15 45 56 8 12 90 88 93 23 60 64 85 54 28 19 30 70 42 3 54 8 33 85 67 72 18 64 72 53 10 69 67 24 18 68 52 49 62 75 40 92 73 58 56 26 99 39 50 28 17 8 98 95 29 21 13 50 81 14 45 43 60 6 94 60 4 3 14 32 6 9 14 34 22 26 72 1 77 68 39 25 73 61 41 67 90 51 92 61 98 13 94 23 61 51 47 50 41 13 53 36 7 87 27 72 43 19 94 54 48 6 9 88 49 15 45 98 5 79 19 33 9 12 82 68 99 7 37 19 67 47 36 39 56 14 94 34 75 86 89 62 1 53 72 44 84 18 73 66 60 4 5 90 48 61 73 57 63 71 78 92 21 
83 9 81 62 30 48 35 10 61 46 34 49 66 76 20 50 94 91 55 80 83 54 61 31 91 67 43 49 31 8 26 72 95 53 80 54 94 19 61 3 81 84 32 4 89 29 98 59 57 58 43 14 65 37 51 86 63 25 46 7 4 99 16 37 73 95 52 13 21 31 72 69 92 39 58 73 63 3 82 53 62 80 42 33 12 45 90 63 52 5 66 48 79 45 26 82 69 53 74 79 13 50 97 3 49 25 92 97 91 62 99 23 62 77 32 81 26 43 9 50 14 26 84 16 61 12 83 99 37 42 26 94 75 44 65 92 3 59 15 19 77 75 79 60 13 63 91 98 12 98 34 41 99 2 79 50 53 64 18 79 32 79 86 99 11 78 5 31 10 57 3 78 26 9 51 56 65 55 98 27 73 78 95 26 65 51 30 94 59 69 58 15 8 80 35 37 25 20 45 10 
57 24 81 56 26 13 55 86 73 84 8 16 59 43 99 85 35 81 12 7 97 45 99 20 52 82 52 50 59 7 44 60 98 47 97 9 23 8 35 10 13 23 35 84 34 14 90 17 95 45 63 15 2 80 41 63 13 40 94 81 99 54 32 75 95 22 57 99 63 67 23 13 38 94 91 29 94 44 87 79 97 51 54 65 58 96 12 16 95 72 13 43 84 27 98 99 20 29 53 36 66 24 63 53 20 82 71 59 60 67 35 31 10 80 79 64 87 26 57 32 68 61 3 42 35 57 88 92 39 52 81 25 51 8 99 86 27 68 69 80 50 14 77 28 3 16 34 19 10 98 22 71 2 89 57 87 70 77 46 9 23 71 36 72 39 53 78 70 28 35 79 1 85 16 61 28 45 40 13 36 42 49 50 89 64 39 72 84 10 21 16 6 41 70 12 86 48 90 42 62 
84 96 60 24 92 89 21 75 22 76 58 64 8 30 65 10 42 89 31 90 59 40 24 20 8 95 74 30 43 76 53 53 99 97 56 4 76 42 81 56 19 46 14 29 95 82 6 67 86 36 56 19 58 90 95 21 47 6 62 79 41 4 88 48 60 42 79 14 41 5 94 74 11 75 28 21 76 23 91 20 2 81 96 93 86 31 31 2 55 81 45 22 29 48 31 31 16 41 5 88 83 39 83 15 47 74 73 73 47 13 47 54 34 36 24 52 42 24 54 48 80 31 96 93 7 72 5 88 12 5 3 64 2 5 70 63 73 52 24 23 6 11 93 56 32 11 11 28 22 28 86 45 70 64 88 30 70 35 30 5 97 43 47 74 92 62 78 5 40 20 50 5 50 78 54 9 42 15 31 57 25 3 50 77 73 93 93 65 19 97 31 65 21 65 10 55 55 70 30 24 
44 47 18 40 29 76 9 18 66 74 20 26 30 28 52 40 79 50 1 14 67 88 55 88 47 30 10 96 81 4 67 70 41 95 47 46 19 45 90 70 30 57 65 8 24 9 75 48 85 51 66 8 44 20 28 41 80 39 5 45 30 29 3 63 90 10 88 96 31 13 7 5 91 80 75 17 98 76 99 33 62 92 74 35 88 51 91 89 81 15 47 57 54 91 44 96 30 41 5 68 53 82 71 48 91 95 14 28 44 34 38 20 49 26 89 70 87 83 60 59 89 8 97 11 43 93 8 94 98 41 59 37 75 54 97 26 67 54 44 16 49 81 4 35 84 3 73 90 29 19 48 76 42 68 23 79 84 36 5 82 34 58 15 77 84 29 99 63 56 6 29 58 99 19 11 4 5 73 91 70 3 57 66 66 77 48 83 39 67 19 48 88 75 44 36 66 70 7 88 86 
54 99 43 8 56 63 53 39 84 86 47 81 77 8 66 62 12 98 3 5 31 96 37 64 82 32 63 58 43 65 26 96 54 12 44 11 48 80 50 89 87 98 15 9 88 45 84 60 55 83 7 85 13 91 63 7 36 91 5 55 80 85 76 9 15 81 54 15 55 28 73 30 88 43 59 45 11 50 59 19 57 1 77 9 30 17 99 3 32 11 30 50 99 26 17 94 30 61 90 99 17 8 89 88 77 74 94 68 87 26 57 64 8 7 33 50 23 76 13 81 62 43 55 22 43 88 13 82 89 6 68 44 76 24 66 94 47 46 39 58 58 77 43 27 99 52 88 90 33 75 69 71 19 42 97 50 51 78 30 2 86 67 6 26 73 81 68 76 88 13 8 93 65 8 83 35 23 94 60 9 3 17 35 2 92 63 72 12 67 1 37 81 10 2 17 25 50 82 63 63 
49 23 56 27 87 3 38 6 90 12 96 60 29 48 68 80 66 78 55 47 12 91 86 95 77 55 70 66 32 71 54 63 62 36 75 10 23 91 22 7 99 82 87 84 58 17 27 65 7 17 15 13 48 78 98 93 39 27 56 29 45 72 53 56 93 65 97 81 37 56 96 36 4 48 14 35 55 54 24 29 43 54 70 65 66 52 20 42 25 29 20 64 78 2 56 99 1 79 6 37 37 18 96 40 60 78 60 5 27 80 90 14 34 62 3 97 73 32 80 86 91 30 43 66 40 80 94 38 39 48 82 71 29 96 52 62 25 43 7 88 80 16 59 66 35 9 93 7 76 38 14 72 94 1 9 31 37 28 2 16 67 40 8 78 20 11 95 47 56 12 36 81 23 79 61 30 5 64 25 85 83 90 51 43 92 11 97 52 76 62 7 77 42 27 66 53 18 80 60 39 
61 53 72 38 29 76 11 99 87 9 49 69 16 88 32 75 41 82 42 23 24 75 84 69 34 45 68 7 38 44 85 46 74 85 93 95 40 20 95 44 67 17 24 39 7 48 20 70 10 67 15 53 9 94 12 3 96 91 66 25 13 48 67 89 19 60 22 15 82 14 30 49 60 64 71 50 74 20 85 69 1 18 51 29 42 13 68 9 16 53 41 22 33 62 56 98 77 23 67 67 91 55 73 37 51 1 2 75 55 1 88 93 98 80 60 26 59 28 15 10 76 76 5 68 33 85 13 94 37 22 42 26 1 43 87 30 27 73 25 86 83 90 88 67 89 4 52 14 95 37 12 27 63 10 66 38 48 15 97 1 81 6 54 62 48 73 32 52 71 29 52 58 94 84 47 12 59 35 38 67 86 39 19 83 62 1 36 4 14 49 69 40 95 22 16 50 66 46 66 25 
98 79 54 94 11 10 97 72 70 54 61 37 41 92 82 84 35 64 1 77 20 79 61 50 22 23 26 14 38 60 75 64 35 45 18 90 63 25 92 75 55 48 80 8 39 68 8 83 40 51 49 16 87 82 41 38 23 73 81 15 6 65 41 43 16 37 64 60 66 13 81 52 4 65 10 56 20 25 64 70 52 83 57 58 94 2 15 55 1 17 72 75 93 46 88 16 66 94 47 67 95 61 65 13 42 45 99 44 59 52 52 58 97 99 76 69 16 26 83 15 80 91 49 57 77 91 19 97 13 55 15 73 28 58 44 73 94 25 1 36 32 37 74 60 3 39 57 13 28 43 48 29 88 36 61 25 32 88 32 99 81 57 20 44 38 91 20 45 88 43 63 94 14 69 30 90 91 39 49 51 6 41 9 12 49 88 62 40 35 27 30 36 97 39 13 41 3 50 91 43 
17 38 90 56 43 11 48 90 10 13 25 41 85 12 7 15 83 86 88 48 88 63 4 37 91 41 59 68 19 27 60 52 65 64 48 50 26 69 27 11 24 56 98 97 44 69 90 22 65 20 88 75 89 11 68 55 73 70 26 4 61 84 11 34 13 27 54 63 40 90 3 43 32 19 47 90 90 38 59 22 61 83 14 79 61 41 30 69 15 65 94 83 81 23 97 42 88 16 62 14 63 15 76 54 62 94 24 36 4 57 15 78 98 70 19 79 81 94 93 45 42 18 18 25 57 83 24 40 21 22 27 16 75 84 55 11 45 73 82 51 63 69 63 60 8 70 56 88 30 15 62 49 85 20 50 43 68 8 94 96 38 38 2 87 54 41 40 79 7 46 77 52 46 16 8 32 17 74 81 26 84 42 40 48 74 62 46 55 93 37 14 76 70 54 40 44 80 24 37 26 
20 40 57 63 78 62 66 24 73 29 66 93 6 58 97 40 91 35 41 78 17 64 76 19 92 30 36 31 13 48 62 93 9 25 66 54 8 14 80 84 87 70 16 37 32 7 20 3 88 54 30 62 27 12 32 48 88 7 17 97 50 50 34 10 75 92 51 1 72 83 7 64 52 21 70 21 79 14 95 80 36 36 77 93 69 80 9 13 57 22 37 44 57 63 19 7 63 2 79 87 67 79 63 96 12 39 98 26 44 85 44 5 76 36 53 54 40 79 26 45 44 32 65 53 27 94 37 18 18 8 21 93 87 8 71 13 12 81 70 35 19 30 85 10 55 12 28 27 33 14 3 77 93 95 72 7 56 52 7 73 82 68 45 3 27 75 48 44 95 6 54 30 99 52 40 26 17 22 70 93 43 91 59 42 48 69 27 87 38 42 49 7 3 41 23 96 80 89 15 24 
51 30 44 4 39 47 88 38 81 99 2 76 81 99 22 30 7 82 92 29 76 89 50 97 35 49 96 38 40 60 88 14 41 69 14 27 59 54 72 2 71 5 63 64 89 6 57 26 43 15 86 62 59 46 19 97 44 52 45 80 64 2 53 72 30 65 19 23 72 93 76 53 30 1 10 39 23 40 26 87 41 95 40 23 22 52 57 65 32 86 52 15 48 39 49 27 41 3 8 99 52 2 98 54 78 70 89 10 51 39 24 74 22 10 2 20 36 44 63 62 22 38 66 50 65 7 74 37 97 66 28 69 69 11 37 62 40 1 51 87 49 36 49 48 9 43 19 63 75 56 32 48 36 92 36 97 87 42 25 64 21 41 28 40 98 58 87 40 37 75 40 82 89 67 1 68 25 81 38 64 12 23 64 83 96 35 8 67 88 78 99 67 35 13 55 23 11 79 49 47 
63 23 23 60 45 31 54 99 28 32 14 90 67 51 85 18 52 39 90 45 15 74 95 19 30 71 15 75 29 87 21 43 2 28 47 56 4 54 99 54 63 87 54 91 85 17 71 43 61 4 98 11 71 91 77 29 93 9 49 71 9 74 61 56 9 9 73 54 98 35 65 95 9 87 42 70 93 20 38 44 45 7 27 55 95 54 26 27 23 3 1 71 60 38 76 94 97 89 39 7 93 47 42 25 76 58 17 78 53 37 74 21 18 73 14 28 50 36 28 13 32 80 9 25 45 52 56 59 81 98 82 63 50 68 17 42 79 24 17 65 29 44 69 73 91 30 97 80 99 15 72 87 33 66 11 83 27 95 87 50 73 59 42 74 32 73 78 50 32 12 80 83 83 16 10 3 80 3 18 64 6 65 48 53 40 87 45 97 69 41 59 69 87 98 55 91 3 38 15 48 
85 88 24 87 10 54 73 87 89 82 11 47 25 51 35 2 90 58 30 69 65 50 98 81 61 52 95 17 57 3 57 30 29 81 32 85 82 44 15 84 80 48 72 3 80 91 82 15 60 37 56 30 50 47 77 23 68 14 30 61 47 91 28 43 66 28 49 23 84 93 66 45 70 13 77 74 34 99 37 29 56 83 86 8 24 43 87 28 57 38 53 49 42 38 77 9 64 56 65 54 34 81 70 71 25 4 18 16 1 53 41 47 46 26 12 57 3 18 70 2 93 53 57 33 59 19 46 32 87 95 73 34 46 87 67 68 10 51 84 81 96 32 36 74 96 94 24 31 3 49 66 47 44 88 34 68 14 15 77 15 5 75 63 16 37 89 98 39 91 82 68 25 39 15 63 15 72 17 14 83 40 17 18 69 74 73 73 9 23 5 12 63 81 24 27 53 25 67 5 88 
21 14 59 22 53 70 13 19 23 36 78 84 70 64 24 99 2 98 54 58 36 28 71 32 72 42 29 18 36 86 91 98 41 22 85 2 43 76 62 47 99 5 47 13 21 46 1 86 31 75 73 21 21 63 62 92 7 30 65 56 84 5 41 3 87 78 61 14 42 63 71 20 24 47 40 55 13 47 25 12 53 73 20 2 5 77 15 8 4 12 55 43 16 87 91 4 93 28 43 30 32 28 45 58 28 5 17 79 29 61 5 93 1 36 50 70 71 65 38 98 97 32 56 47 13 31 52 22 90 16 86 19 95 63 93 80 43 25 32 56 52 82 47 53 6 10 22 95 3 22 37 82 19 37 25 39 57 29 28 76 11 85 50 49 15 65 21 7 3 50 44 54 63 6 58 8 99 37 91 48 80 42 20 80 98 69 19 87 31 76 26 87 86 82 90 90 71 27 35 56 
62 72 10 66 39 31 37 57 42 51 89 46 45 99 13 71 32 83 49 55 75 33 22 82 21 83 19 83 66 55 70 15 43 37 29 40 1 63 55 13 80 99 98 54 5 22 74 40 55 97 47 76 53 68 16 83 40 29 88 76 62 9 66 47 50 57 29 45 96 21 8 57 45 23 73 92 65 50 15 60 34 31 21 52 21 16 60 23 66 60 65 73 64 6 11 30 41 58 96 28 39 76 29 90 98 44 99 10 36 57 71 31 27 6 54 30 89 48 91 98 60 2 37 22 81 17 38 62 76 62 17 38 36 3 53 9 98 85 62 52 27 17 77 48 95 43 33 58 68 37 44 9 81 74 86 70 24 16 82 40 17 89 75 22 99 73 17 11 6 70 46 68 48 99 68 11 98 67 42 85 68 56 52 51 90 2 1 66 2 75 79 62 23 66 56 28 38 59 54 93 
65 58 66 15 15 6 97 97 30 7 94 72 2 36 44 30 65 74 33 73 11 23 52 23 82 99 3 26 90 55 6 59 15 72 4 39 13 75 68 25 24 34 9 25 77 73 75 5 98 77 69 93 13 95 44 87 54 49 14 60 71 36 63 63 32 43 46 40 32 42 1 24 98 8 48 50 1 13 2 60 50 43 75 9 12 98 86 67 8 1 63 36 24 99 51 42 18 81 22 54 23 71 72 81 55 41 38 86 21 17 97 84 21 84 76 57 57 93 55 51 42 68 75 92 98 10 48 84 72 3 54 21 36 24 57 88 93 47 5 72 88 49 38 66 11 14 97 77 2 45 26 28 59 66 78 67 47 29 28 78 97 20 70 78 23 65 32 31 15 40 74 46 55 71 1 94 22 46 65 7 94 17 73 83 59 7 95 99 19 21 67 13 94 45 96 65 34 57 72 97 
23 91 66 15 50 92 34 14 7 6 18 19 48 24 7 57 57 87 83 17 74 16 54 82 30 40 82 61 75 29 15 19 14 26 17 10 32 78 6 5 30 67 74 28 55 40 30 84 31 41 22 90 90 45 73 11 6 84 11 80 18 84 2 44 71 90 76 85 46 5 66 54 82 12 33 4 20 14 1 18 23 58 82 41 16 73 20 17 12 95 7 11 44 5 25 46 98 51 71 34 45 88 94 4 68 7 24 38 96 60 95 98 36 4 94 60 4 16 75 44 53 40 98 46 9 8 62 66 99 73 32 46 84 46 70 94 90 18 73 21 38 98 95 67 75 44 86 39 9 91 17 33 33 84 15 75 66 9 93 46 77 25 86 14 18 92 72 67 55 11 13 45 99 42 78 67 44 47 86 68 83 15 23 26 56 94 83 91 70 25 97 27 37 70 64 28 98 47 78 64 
88 1 71 19 4 63 61 93 93 13 94 40 42 52 81 70 71 17 91 13 92 40 16 63 63 99 23 50 50 83 11 81 74 38 66 9 76 28 23 75 70 95 12 81 97 10 25 33 85 28 65 2 3 51 5 81 16 78 44 41 45 65 62 86 21 79 80 12 42 56 13 56 27 53 23 62 75 12 84 33 21 10 31 83 90 15 20 2 56 48 80 2 97 34 76 84 50 58 60 86 69 27 26 43 82 18 72 42 44 42 52 78 97 93 34 15 25 15 55 31 6 42 78 88 76 70 48 80 79 7 48 88 28 25 57 43 55 23 4 75 75 80 25 76 35 14 19 52 75 31 6 78 83 90 80 59 51 57 70 82 30 55 89 75 87 30 1 63 67 98 63 21 37 10 95 34 53 99 29 53 12 46 66 48 9 27 32 69 91 75 38 96 20 37 30 5 18 26 51 11 
6 19 81 68 53 54 7 83 34 15 22 61 13 68 55 76 28 67 53 81 79 31 60 82 2 25 99 22 52 40 56 63 87 80 56 67 49 37 50 78 41 74 89 1 11 9 15 83 35 90 33 99 94 86 97 28 63 59 93 35 82 49 15 56 43 56 47 75 71 19 51 9 8 99 40 83 84 63 63 22 13 58 88 18 60 96 80 26 35 41 81 33 61 77 96 47 69 5 74 76 67 10 82 8 32 51 95 93 81 42 73 25 61 28 43 23 24 70 79 11 12 28 85 1 38 35 77 72 63 86 61 56 85 19 17 13 12 88 79 15 49 55 18 30 76 62 19 98 32 19 68 19 93 80 29 23 58 31 28 66 24 62 31 99 71 58 28 57 45 72 14 35 35 13 68 71 56 20 38 31 34 51 19 83 77 60 35 86 71 76 22 64 48 92 6 92 74 37 87 77 
40 6 21 59 21 94 39 36 97 56 65 75 83 58 91 29 73 84 94 19 53 49 40 50 97 96 91 10 85 11 19 79 99 23 95 41 36 14 16 77 11 23 93 85 63 54 71 77 65 81 27 90 26 56 76 91 97 12 85 81 84 70 72 7 45 50 14 59 2 71 53 88 45 62 6 2 41 64 65 76 37 40 9 62 68 78 5 89 63 2 19 73 50 69 21 21 65 89 87 41 56 21 14 42 88 77 15 49 55 41 35 1 78 61 53 59 19 66 87 20 82 66 7 9 22 60 28 99 49 42 31 11 37 10 60 17 30 67 33 55 43 33 44 26 76 45 73 9 16 70 89 57 42 7 60 15 36 91 56 17 83 9 56 94 84 91 57 87 56 34 75 43 43 92 57 29 20 93 82 35 97 42 72 78 33 24 93 18 32 16 69 49 57 88 77 19 35 16 66 29 
84 24 86 97 39 58 17 98 29 57 22 2 1 48 88 6 11 61 23 81 52 61 87 94 87 76 29 42 79 31 8 83 22 75 36 70 73 20 1 78 86 63 1 37 37 25 74 64 60 78 34 93 77 77 95 11 31 92 8 77 11 39 88 69 92 9 50 6 62 5 36 76 50 65 48 79 63 3 78 47 14 30 44 82 52 94 13 84 1 7 40 83 78 73 95 70 39 30 96 31 96 67 40 71 62 67 31 56 70 34 17 36 12 21 18 76 69 66 56 95 39 23 90 89 72 89 45 65 1 41 40 75 68 61 27 43 63 73 16 98 49 72 7 8 97 53 23 5 18 46 42 23 87 45 26 24 85 39 53 34 21 46 48 68 68 40 16 69 94 87 68 33 92 72 63 42 12 32 25 95 91 88 86 44 87 76 14 17 7 77 37 54 40 49 86 39 87 59 21 31 
21 99 81 34 58 14 51 34 89 43 99 78 40 38 84 29 67 57 79 83 23 29 23 38 98 3 80 36 93 7 95 29 64 6 50 32 80 54 20 80 85 56 27 85 49 19 2 88 23 9 36 22 3 11 38 61 76 81 92 82 86 7 14 21 83 57 2 22 82 46 2 4 21 82 57 8 14 31 66 60 7 66 41 24 40 29 59 57 96 84 24 67 62 73 21 71 83 74 68 47 20 58 81 95 3 40 23 90 91 43 61 38 27 48 26 35 92 53 67 20 67 29 7 33 80 75 97 74 74 76 81 54 51 61 39 52 38 51 55 76 39 27 67 17 89 75 24 97 17 52 45 44 93 36 72 26 97 81 28 26 60 83 72 85 33 24 58 68 34 34 87 12 14 50 67 89 1 66 67 58 69 96 75 24 85 24 53 90 69 63 93 19 50 14 74 86 21 16 20 37 
97 7 43 75 94 62 51 83 96 95 76 28 42 96 83 2 39 6 93 89 47 96 72 50 53 58 3 95 60 71 73 74 62 96 56 50 28 49 88 86 83 84 54 27 90 77 63 74 32 6 39 72 86 26 89 89 16 62 99 99 45 82 5 60 41 80 72 96 94 57 89 80 6 4 36 17 58 79 71 18 6 96 16 87 52 99 25 7 32 46 81 6 90 87 67 54 69 55 50 37 81 34 62 38 99 50 82 19 29 50 18 5 97 78 84 59 31 66 88 72 37 6 8 35 82 35 73 28 82 18 50 94 73 27 18 30 98 23 53 57 88 35 11 8 42 47 6 10 8 72 89 59 65 39 39 12 6 71 32 54 16 66 32 92 55 83 66 31 39 18 10 52 22 84 63 1 73 1 39 60 66 66 38 42 52 45 35 57 45 44 54 6 5 99 57 53 12 52 18 13 
41 56 84 45 57 32 2 33 92 39 76 85 17 24 50 11 42 88 57 80 29 94 36 28 91 78 31 62 8 45 1 68 20 86 25 15 45 78 11 64 81 91 95 74 11 98 59 5 8 75 25 26 48 12 67 26 9 17 21 10 79 26 82 17 66 3 20 16 2 50 77 19 45 15 82 83 91 94 51 24 79 42 96 9 97 72 32 76 87 71 78 35 50 97 72 72 57 92 69 58 52 84 52 57 58 96 37 28 84 51 77 32 33 77 74 41 5 16 80 44 4 28 6 50 47 98 22 97 67 45 75 58 22 22 86 45 96 26 60 18 16 7 87 91 43 69 59 36 93 80 64 92 34 76 1 70 94 68 81 57 72 49 39 28 36 98 32 45 37 90 53 69 12 99 34 66 86 7 51 8 90 5 33 84 54 5 66 7 20 44 2 14 48 91 59 79 22 53 37 20 
45 72 8 40 56 49 21 17 89 40 15 42 44 48 90 91 30 56 27 40 1 62 12 91 86 10 70 8 18 14 1 44 64 98 2 76 64 28 6 36 53 31 11 36 96 40 9 9 23 19 20 32 51 93 23 64 26 84 85 70 47 38 95 61 1 57 94 15 88 33 7 16 64 75 69 83 60 45 68 4 20 83 64 57 31 47 27 56 53 35 64 71 52 21 59 64 30 89 91 19 57 58 76 74 2 16 95 53 63 54 24 93 2 92 63 82 70 15 76 85 46 1 13 75 61 54 44 70 34 35 94 57 99 92 70 28 45 93 92 10 36 58 28 95 47 85 22 74 98 88 27 67 84 25 34 51 3 28 7 95 89 37 9 94 45 28 41 92 73 50 63 20 5 50 36 25 33 6 44 99 44 60 31 18 47 49 31 63 7 35 98 58 76 35 39 98 23 57 42 84 
87 33 98 5 65 40 90 5 96 6 50 11 37 27 94 42 2 10 24 4 17 23 80 47 78 58 4 18 9 86 87 20 13 8 36 70 34 16 21 51 10 49 35 72 28 50 50 20 83 16 74 20 37 64 8 92 65 79 96 3 24 74 91 26 99 48 4 95 66 37 62 66 44 73 66 64 54 43 45 48 73 42 15 63 91 28 30 95 71 82 46 35 98 63 70 23 41 61 21 14 6 58 83 30 95 83 64 20 62 65 50 9 65 93 63 63 27 72 17 40 91 76 72 46 76 8 93 93 32 53 7 55 97 39 53 25 57 86 48 69 95 72 35 84 53 78 41 55 86 53 38 8 19 66 94 68 2 66 31 19 67 32 81 54 86 35 43 34 25 91 38 46 99 22 67 56 34 3 67 68 15 28 63 78 49 61 32 33 20 95 52 82 41 4 63 41 16 3 21 39 
90 74 1 41 80 7 76 53 4 11 44 71 31 86 18 53 20 72 42 92 92 35 66 98 22 46 29 74 8 63 39 4 62 14 56 28 90 75 72 30 67 54 95 13 25 71 26 82 29 40 41 30 64 49 77 12 12 41 7 30 34 97 24 15 52 19 24 6 29 5 84 33 53 34 48 96 15 51 99 52 91 41 52 87 26 16 27 7 12 89 33 9 69 69 47 72 31 25 3 34 21 79 60 71 35 86 97 84 26 11 85 74 80 11 73 26 2 21 65 92 93 29 5 70 36 62 58 85 72 66 89 72 86 85 47 57 84 46 42 36 79 35 33 57 67 83 1 6 14 49 38 80 30 92 22 75 57 63 4 65 49 79 82 82 49 9 92 99 75 48 80 11 98 9 87 12 26 95 34 86 83 86 92 79 92 17 80 84 55 57 31 23 33 98 79 24 32 32 44 9 
19 18 14 34 49 38 62 61 99 42 32 9 71 85 98 90 92 45 69 91 26 16 89 73 75 26 48 81 91 40 84 48 78 61 92 5 99 46 31 79 83 3 27 13 31 1 82 57 22 78 80 85 21 45 91 98 80 92 80 28 53 97 12 47 93 29 57 72 66 53 99 73 50 44 43 77 48 83 14 74 89 73 70 28 39 36 12 74 2 28 76 36 29 36 55 22 29 95 95 39 63 85 7 94 65 41 66 3 36 60 29 94 57 6 29 19 93 15 88 52 1 6 25 5 33 81 52 25 45 37 95 6 5 67 89 92 90 69 86 91 9 55 68 67 88 51 44 60 98 7 61 84 43 4 14 37 77 59 43 6 8 30 47 71 2 25 86 20 90 6 92 42 78 95 69 44 48 84 3 52 66 38 68 20 90 97 33 32 76 93 64 15 79 50 36 39 69 85 37 27 
31 45 1 40 44 41 23 69 57 74 94 80 97 80 74 46 34 80 76 93 9 15 1 33 65 71 70 89 84 19 55 32 13 36 10 8 91 47 98 73 95 47 35 24 54 39 2 25 91 59 93 44 53 16 41 84 37 11 43 10 28 81 2 82 25 23 47 91 75 24 75 84 6 97 76 96 51 13 65 86 88 23 12 63 67 1 77 19 40 67 40 61 94 24 29 44 84 82 56 96 61 99 44 57 5 4 63 4 54 30 55 85 40 49 71 54 17 99 1 92 89 19 1 49 51 74 30 69 8 95 77 25 17 4 96 44 10 45 34 48 30 21 64 76 64 18 15 21 68 41 4 57 3 44 68 76 63 62 94 13 12 39 52 80 7 64 23 1 35 1 32 34 46 13 82 12 76 8 81 67 88 54 76 68 96 23 82 46 98 16 15 28 12 93 22 68 98 12 15 79 
47 31 42 4 38 55 52 93 32 83 74 20 99 50 78 63 20 23 15 65 33 54 76 83 95 45 50 47 40 93 77 16 30 60 7 34 14 13 52 88 84 92 49 61 35 65 10 91 11 80 81 26 73 23 99 79 48 75 47 89 87 70 8 72 25 45 27 79 27 5 62 53 58 69 44 84 28 39 28 68 55 42 57 59 18 98 11 30 12 72 66 23 10 27 53 13 14 82 10 57 11 75 39 56 33 10 65 8 13 15 89 64 34 4 48 86 97 26 67 4 69 29 16 66 39 8 70 7 78 66 62 87 95 70 39 68 92 7 20 52 19 38 51 48 31 57 63 26 46 49 25 70 2 40 4 41 7 59 16 23 2 89 90 90 16 33 20 57 19 55 16 35 80 52 71 89 27 99 9 97 95 13 43 1 91 1 35 64 45 24 48 33 65 49 4 85 2 8 38 94 
43 85 86 80 46 44 43 5 12 35 86 6 67 19 72 24 66 15 73 4 71 85 63 71 35 16 94 17 83 96 83 73 93 3 91 5 77 76 99 78 61 8 1 51 69 17 71 51 3 35 57 58 22 82 53 81 28 57 86 47 44 8 95 75 93 19 13 62 87 95 44 62 1 36 54 67 52 21 41 89 93 90 25 44 82 29 22 26 66 40 34 96 65 34 20 61 53 8 85 51 37 24 60 5 39 91 79 50 77 51 66 85 50 55 12 59 12 45 56 53 59 37 72 63 10 1 43 79 83 42 46 67 86 83 34 53 88 47 15 98 5 33 33 86 81 2 54 2 70 55 40 11 17 20 36 43 35 28 49 76 94 92 29 11 95 98 49 55 58 76 92 10 94 87 26 41 98 1 85 69 20 80 59 45 50 63 62 35 4 39 24 99 94 34 68 76 25 91 92 59 
5 14 8 58 12 77 7 54 27 77 81 11 99 56 74 35 19 62 23 41 20 51 60 53 87 94 27 18 68 86 72 5 69 50 66 15 68 42 97 85 23 59 89 2 69 46 98 94 36 99 23 53 46 78 13 30 25 4 68 45 3 71 55 94 28 55 4 55 66 11 19 91 13 87 84 62 93 30 71 25 73 86 42 45 65 16 57 1 31 91 84 86 91 9 99 26 31 90 96 70 7 96 94 11 48 25 40 80 72 22 18 65 81 86 53 5 76 77 21 3 58 20 49 30 35 10 30 36 31 21 21 47 88 13 51 80 79 35 34 46 6 35 65 54 11 62 34 20 81 76 28 74 56 53 40 64 35 88 74 62 77 9 51 73 16 72 16 39 58 81 41 46 96 83 38 29 12 78 59 80 79 27 5 55 77 54 33 76 91 59 58 45 21 18 65 38 86 89 13 26 
63 83 89 6 7 19 72 61 62 24 43 63 80 44 71 21 10 40 88 79 25 20 21 44 58 70 18 15 33 88 81 19 92 12 3 37 32 49 90 40 29 17 3 19 78 61 73 13 19 98 54 44 65 41 36 48 43 28 82 4 17 60 65 65 20 30 90 95 89 52 34 92 95 92 67 25 73 5 96 63 52 57 84 8 90 66 89 21 5 26 93 63 98 41 33 17 98 57 32 23 83 92 30 9 15 67 19 24 68 40 66 63 65 32 56 10 6 63 11 55 95 81 29 36 82 97 14 64 83 8 5 61 19 37 9 82 41 58 34 55 67 34 15 6 11 39 49 93 13 97 29 40 70 12 68 61 72 94 36 98 29 99 88 51 98 52 99 3 28 81 91 61 74 52 68 80 43 94 43 99 16 36 73 69 82 32 89 83 73 1 29 13 87 49 62 34 27 5 30 62 
58 1 3 19 58 72 18 8 10 68 53 53 80 46 19 94 17 43 36 29 98 31 86 71 98 79 71 6 39 2 68 44 42 22 89 81 92 22 31 53 92 4 37 91 17 44 51 80 66 48 74 13 30 10 22 47 38 66 76 61 17 51 48 12 49 57 29 88 25 87 50 73 5 13 37 89 67 28 63 68 73 10 15 96 19 70 36 75 89 17 93 79 20 3 29 10 49 90 17 49 75 1 20 25 14 76 45 55 52 30 99 16 9 9 49 86 84 45 72 15 24 14 17 68 67 88 56 93 12 2 48 69 62 94 85 65 90 76 57 94 92 82 5 77 41 29 74 89 47 65 76 21 10 38 41 35 79 41 75 23 7 74 16 57 5 99 89 51 4 95 68 16 6 18 23 13 41 50 83 13 26 63 92 51 18 72 61 86 74 91 29 53 3 90 15 18 24 48 78 41 
91 47 62 81 57 13 40 70 79 2 70 8 33 59 1 4 83 35 16 64 78 60 16 70 20 33 2 58 47 99 49 1 22 31 98 90 8 10 32 19 48 8 51 58 53 68 66 44 74 87 71 53 93 95 27 89 97 39 42 62 62 60 56 67 34 79 17 68 11 74 67 80 23 66 20 49 13 96 45 31 20 8 45 77 60 29 43 15 5 54 57 23 66 22 86 22 75 1 90 49 65 67 69 40 50 89 49 14 10 6 58 50 68 8 11 73 75 21 87 30 89 87 19 75 56 44 63 52 92 6 90 67 67 48 61 82 78 86 12 88 43 55 29 86 67 96 39 74 39 31 82 22 99 49 99 56 31 86 9 41 35 5 90 60 15 77 65 94 56 66 79 8 8 7 80 26 64 83 4 17 46 20 51 74 81 51 72 98 86 10 46 75 49 9 63 61 7 16 5 59 
43 50 23 46 62 1 98 94 71 73 27 35 33 18 95 99 85 98 69 85 47 99 97 65 26 31 22 90 22 37 78 98 35 1 9 19 74 50 62 80 57 66 5 16 23 85 24 70 36 12 37 5 90 16 92 4 19 48 83 83 97 40 46 93 54 14 73 27 70 84 16 27 91 71 90 88 33 1 84 70 82 13 65 96 13 67 84 65 80 54 84 55 38 91 3 30 38 40 82 47 40 4 75 60 14 40 48 29 50 63 90 26 63 52 20 38 2 55 88 76 47 98 88 82 30 91 61 35 26 30 97 53 70 10 51 5 61 24 40 13 63 75 54 62 17 81 62 4 46 79 16 61 59 33 60 42 61 40 35 34 55 36 83 23 51 3 59 87 72 72 31 16 60 37 90 6 81 51 56 69 35 41 81 48 54 9 61 8 22 39 36 53 64 8 2 30 69 82 11 34 
4 46 32 57 45 24 7 1 93 80 29 14 42 66 63 2 53 2 59 8 1 9 93 43 95 44 94 15 17 29 75 65 44 78 66 93 90 37 43 94 29 6 62 84 30 75 88 37 88 59 30 12 54 22 63 84 67 9 72 81 86 82 73 10 21 51 52 84 61 99 86 67 11 22 88 91 17 49 26 96 5 85 60 58 4 36 73 20 81 40 2 24 76 1 66 41 26 18 6 7 99 17 5 47 30 82 25 13 44 89 41 9 94 31 67 27 90 56 89 77 29 93 98 19 26 88 20 90 49 32 45 41 46 91 61 64 78 42 87 28 52 1 99 2 49 52 67 96 57 85 79 86 2 23 81 48 78 49 2 85 82 48 85 65 42 27 26 47 47 54 93 15 83 86 69 6 60 2 76 45 44 29 9 75 90 81 64 88 73 87 75 55 18 20 43 58 30 29 62 25 
24 64 58 98 57 29 23 94 46 52 74 88 24 89 54 70 1 54 57 14 22 66 91 27 22 15 33 16 82 9 82 35 85 38 19 48 74 29 61 80 7 96 20 78 9 6 53 63 37 24 29 88 31 80 73 96 69 19 31 74 29 58 22 10 36 45 97 47 28 11 93 44 7 29 90 30 93 70 67 56 90 60 59 60 30 35 14 16 36 95 45 91 79 67 92 8 32 54 75 90 25 93 51 30 4 18 68 36 86 4 27 95 18 34 31 24 26 51 46 30 78 14 58 62 41 55 25 74 30 34 35 73 71 97 66 82 55 33 37 93 93 25 65 25 75 14 25 74 25 48 3 82 53 44 52 80 20 40 51 52 87 55 59 89 74 42 71 46 18 44 76 95 22 54 13 88 22 68 24 6 35 44 14 18 18 54 9 40 25 43 4 87 61 87 28 34 43 46 97 65 
51 16 2 1 31 72 24 67 80 59 24 26 83 2 67 14 8 93 96 78 92 81 16 59 24 44 67 69 23 72 16 76 18 54 29 81 35 54 57 5 73 91 20 65 86 27 77 59 67 40 24 44 27 13 57 20 75 8 70 10 4 53 24 41 66 20 33 26 59 9 48 44 4 24 33 25 29 62 48 24 49 86 33 11 48 16 86 43 58 96 45 56 43 91 71 37 79 59 25 7 37 34 55 8 59 5 72 76 48 5 37 32 40 81 35 50 91 87 61 53 57 56 4 82 75 86 18 86 43 21 15 98 4 27 39 18 25 82 50 94 77 51 6 4 24 70 39 36 91 26 44 70 59 37 53 59 36 36 24 13 43 51 12 72 95 85 60 98 84 3 76 50 53 2 15 64 86 4 56 40 84 30 93 18 48 84 7 61 60 36 49 38 64 97 26 1 48 8 77 70 
87 17 27 46 93 23 8 6 54 6 3 37 51 84 60 70 4 28 20 88 71 62 14 36 63 73 78 20 42 18 57 23 35 29 7 3 31 18 7 3 97 85 61 57 80 27 7 97 9 36 21 58 8 14 26 82 99 73 95 30 11 47 61 83 79 92 18 51 60 97 34 77 33 89 50 48 7 39 93 93 24 64 79 2 73 44 17 14 90 16 20 42 64 88 6 69 47 45 11 54 56 50 89 44 85 56 22 72 6 8 23 73 75 52 45 81 44 41 87 44 61 39 1 20 79 32 93 94 63 27 37 77 95 64 74 15 81 22 26 93 55 22 93 47 88 36 68 62 95 92 38 84 37 82 90 27 31 64 23 71 55 74 46 82 53 27 90 5 45 26 14 75 29 70 7 31 89 56 1 7 4 88 69 50 45 83 39 25 96 75 96 15 47 26 88 32 6 27 37 25 
28 70 53 75 52 2 28 75 97 72 32 10 28 52 13 59 83 60 65 65 18 99 59 72 27 83 73 49 81 71 27 27 56 97 10 26 63 4 12 90 80 68 60 19 86 40 42 91 89 67 43 8 60 32 76 14 60 76 11 33 76 39 8 99 49 83 48 88 7 28 63 49 95 83 70 31 11 74 1 21 25 80 30 70 26 59 12 31 41 85 9 78 74 75 21 52 34 20 22 80 62 19 84 17 74 9 18 64 78 96 93 14 17 88 79 70 91 23 70 89 98 2 19 3 56 19 69 51 40 97 84 18 9 15 80 59 43 37 56 34 68 48 24 35 93 84 45 25 38 63 54 58 61 15 97 22 1 14 58 63 95 10 91 17 25 60 55 44 32 58 38 57 61 70 96 53 86 59 81 48 43 22 69 1 58 18 97 53 85 99 90 54 31 46 95 94 88 93 11 37 
9 4 41 16 40 76 10 31 48 30 55 35 97 92 27 51 58 47 1 36 52 86 38 30 18 64 41 18 62 60 12 84 21 29 5 69 7 57 85 23 74 25 85 66 73 57 59 42 2 79 39 75 67 79 94 28 38 56 85 53 5 82 20 54 33 57 10 42 20 64 28 85 51 26 62 75 56 62 73 75 69 44 53 77 76 52 76 63 80 31 61 57 52 48 21 82 90 47 26 17 73 5 55 52 20 89 54 46 42 15 90 81 3 97 13 22 73 12 4 68 88 47 37 14 99 65 35 1 37 53 23 77 63 85 87 53 28 72 31 58 24 23 30 93 49 96 88 92 54 65 95 74 7 60 83 3 40 40 80 40 18 35 69 4 83 14 44 23 18 31 63 95 97 91 12 44 51 99 48 70 12 19 71 14 79 29 69 8 70 79 76 34 77 48 35 78 28 95 44 90 
94 13 26 95 7 32 89 85 50 89 27 3 45 49 16 33 19 39 74 15 82 29 52 20 14 15 3 38 39 96 70 51 14 63 66 24 5 71 58 77 70 27 41 72 42 68 26 93 6 45 20 26 82 99 6 40 11 50 21 71 28 70 46 3 48 70 78 44 50 81 20 15 50 31 50 23 91 30 17 51 20 50 11 32 65 8 50 35 29 43 58 41 55 3 50 32 22 20 10 65 14 96 71 57 12 84 3 64 66 67 84 67 83 39 93 45 5 88 83 65 89 79 63 57 94 29 81 99 56 95 7 97 70 52 11 65 77 74 46 8 38 17 27 1 19 98 18 74 72 78 4 90 16 44 82 29 18 85 36 65 74 83 19 51 92 84 37 98 70 85 28 61 80 14 43 13 50 12 29 30 40 12 9 72 31 22 63 68 98 7 12 88 99 68 91 36 51 27 46 19 
38 19 65 73 8 36 60 67 18 65 71 41 19 3 73 46 85 53 66 94 20 39 81 69 58 6 85 32 77 30 91 24 1 23 63 77 7 39 18 22 32 80 38 84 79 5 72 4 22 31 47 30 14 44 69 35 91 4 33 18 83 49 26 10 14 5 37 81 11 88 59 47 13 17 2 76 71 10 89 93 64 98 73 89 93 34 36 22 96 86 98 29 53 59 23 31 88 90 25 35 81 62 73 46 71 2 3 69 60 94 14 20 26 84 83 24 22 84 69 32 87 79 19 16 51 37 71 86 40 7 65 89 83 34 48 17 22 60 78 14 8 34 33 81 20 12 15 85 63 71 57 64 76 10 34 30 40 57 58 78 80 78 96 95 80 80 71 61 77 19 66 59 78 5 35 78 60 9 6 25 80 70 88 21 76 3 80 21 82 96 73 7 24 31 58 4 34 76 32 80 
2 54 26 80 38 4 86 83 18 61 75 49 28 51 41 23 63 50 58 71 59 22 57 14 25 48 58 52 71 59 98 4 47 65 68 30 65 89 35 71 36 96 85 74 97 24 44 28 50 17 17 88 83 54 13 18 10 85 78 9 95 56 32 20 92 45 91 4 66 88 6 42 31 19 87 74 81 91 43 30 20 16 4 56 89 88 59 57 7 25 86 17 93 87 80 34 3 21 89 54 56 78 40 1 71 58 74 3 96 31 76 32 37 75 10 29 92 4 40 36 82 95 74 29 80 32 86 50 45 22 52 36 52 37 78 50 23 42 36 14 59 24 88 39 70 26 27 59 10 77 96 57 2 26 33 2 72 67 89 74 85 77 70 4 70 45 62 94 51 1 64 61 85 47 19 55 85 94 45 2 58 89 69 26 31 45 54 86 86 73 32 9 90 17 37 10 27 81 34 38 
1 56 89 65 97 72 21 18 64 69 46 82 60 16 91 97 92 57 11 5 76 70 42 4 86 21 63 16 18 20 49 30 37 77 24 66 44 61 23 32 24 54 48 71 4 7 19 32 14 96 35 10 36 81 27 15 66 61 19 23 67 26 78 32 27 20 76 18 13 93 42 94 31 59 21 66 79 51 27 82 5 79 6 1 60 83 81 36 60 92 23 21 39 83 91 61 2 29 5 90 87 62 84 28 21 30 21 35 68 45 23 70 97 51 80 46 31 69 13 85 3 62 33 78 15 86 96 37 94 49 65 51 49 64 57 49 23 10 5 48 51 82 14 14 23 55 17 16 29 35 29 83 23 14 6 65 76 31 1 78 37 25 17 71 79 92 67 79 69 43 31 75 13 56 7 33 15 38 71 78 37 74 36 50 54 91 99 50 7 10 10 5 60 1 15 21 61 42 22 37 
66 79 28 93 41 9 7 97 29 36 37 90 89 95 65 99 27 3 76 71 76 33 73 54 79 3 58 79 70 51 15 41 51 23 89 79 80 49 71 59 50 26 73 54 66 99 16 27 33 43 6 10 30 42 19 85 98 73 80 70 19 87 46 93 92 89 84 81 25 20 57 33 6 34 2 8 88 88 10 4 74 17 11 37 92 16 54 27 80 23 86 74 66 96 37 44 50 3 96 46 84 91 1 17 55 80 7 1 65 34 81 28 14 49 76 3 75 29 13 78 87 71 61 41 24 48 23 91 84 83 12 24 68 38 35 10 59 88 73 78 7 11 66 96 9 60 87 53 87 52 32 36 77 44 91 17 2 17 40 32 55 56 16 59 86 31 96 8 76 80 87 89 24 89 99 8 21 74 30 36 40 59 45 98 13 62 60 51 10 75 24 63 24 42 92 3 50 45 20 9 
85 32 32 43 55 58 83 23 35 78 34 11 41 11 88 36 21 74 41 29 63 89 75 27 1 84 74 78 18 5 27 52 58 19 30 41 27 23 3 71 2 45 81 3 37 58 38 43 70 78 78 48 25 78 48 30 25 88 46 64 92 4 22 95 57 93 87 41 66 4 24 3 83 65 82 68 2 99 97 19 46 26 87 38 80 66 62 12 15 52 33 43 10 29 14 51 85 67 30 79 24 64 24 7 80 50 62 44 84 99 42 51 50 30 93 35 79 16 92 59 69 87 62 52 21 44 79 7 41 54 82 95 51 67 78 70 93 15 47 70 37 21 47 29 83 4 24 79 72 89 16 62 91 9 58 29 77 12 93 52 27 68 72 27 98 77 64 82 25 71 62 83 11 26 89 39 46 61 4 8 12 51 7 7 80 29 48 13 30 95 32 74 42 22 24 13 17 56 55 32 
15 88 45 35 48 69 65 32 79 54 15 4 88 71 76 79 21 32 63 86 15 64 50 85 38 43 3 1 15 24 13 48 60 68 28 71 11 83 78 70 52 46 16 33 57 37 39 65 10 70 28 26 41 31 73 53 60 96 9 99 84 74 40 62 67 34 82 12 39 32 82 28 26 52 58 27 90 27 26 93 61 77 30 16 59 40 77 12 35 96 70 61 96 9 30 40 41 49 37 50 86 31 57 47 3 38 71 77 45 59 14 7 81 19 96 49 25 7 42 2 66 10 17 75 7 43 62 23 83 82 23 75 7 95 80 68 88 70 84 77 73 50 84 45 72 61 57 16 89 49 45 65 57 3 78 33 67 93 15 52 98 1 67 80 54 43 32 34 85 16 26 17 30 15 15 50 39 70 42 7 8 81 65 43 12 42 82 27 33 76 67 68 92 67 98 56 82 90 90 85 
25 28 10 8 33 50 67 60 96 14 73 10 21 84 1 78 33 56 71 91 40 1 17 35 84 29 29 7 99 43 21 78 66 94 82 46 71 42 33 91 59 4 83 38 91 19 86 2 5 97 97 52 61 82 28 69 11 4 5 96 44 34 21 98 49 43 97 18 68 59 39 30 55 21 85 3 27 36 72 45 28 36 88 75 76 31 27 63 31 71 44 99 38 98 18 43 92 5 1 80 94 84 78 82 4 97 24 59 96 20 54 18 22 4 90 17 56 29 7 25 64 64 92 74 50 22 8 20 17 11 37 91 20 99 47 55 26 64 43 66 69 51 26 25 6 32 46 36 68 57 62 61 30 14 94 78 50 82 84 35 40 94 49 8 12 86 38 56 40 53 88 79 15 13 81 74 98 54 2 88 83 97 87 78 48 51 93 66 9 65 43 95 83 88 83 85 42 27 47 91 
25 51 11 27 14 76 62 3 12 11 98 88 83 58 69 15 7 43 76 22 55 95 60 45 78 26 74 95 82 14 73 38 14 83 90 76 37 86 20 33 22 83 96 27 15 27 79 62 31 41 32 3 29 99 2 57 91 15 7 56 13 11 9 41 72 11 2 36 22 14 89 35 63 78 68 82 32 5 7 54 74 13 28 36 37 28 91 9 37 56 73 28 52 71 47 6 1 92 65 88 16 69 43 45 36 56 37 41 81 99 24 25 36 21 89 6 27 88 3 36 11 10 98 95 49 5 61 66 93 90 5 21 65 63 54 98 36 76 24 87 12 24 5 10 12 24 39 96 48 93 7 74 12 37 4 43 51 22 25 59 51 64 43 18 19 6 94 30 62 99 53 8 71 86 20 44 99 82 97 94 47 52 76 58 37 96 12 56 5 33 10 20 69 73 4 64 24 8 37 74 
2 30 37 69 26 59 72 73 81 94 55 88 87 77 75 32 29 55 92 83 67 90 45 90 45 65 56 73 92 88 41 31 33 5 9 49 91 92 73 8 98 80 60 82 97 46 7 55 49 27 74 19 41 23 53 82 92 5 66 80 58 20 79 76 38 98 4 69 83 62 4 1 98 24 4 60 54 2 94 93 87 20 36 6 10 17 71 71 17 52 23 36 90 12 7 26 6 15 36 55 39 19 26 28 70 27 1 48 96 94 2 23 31 34 92 71 12 24 62 32 8 10 39 62 28 17 86 54 24 52 19 33 95 13 3 66 3 88 63 71 63 74 93 19 69 70 55 42 83 92 90 41 52 77 27 88 9 85 80 37 79 13 65 28 92 95 97 90 81 12 6 55 92 93 31 57 90 30 38 43 65 76 19 74 39 55 2 38 70 67 53 51 62 97 88 65 68 17 75 76 
95 45 34 11 87 99 44 18 97 28 26 7 86 34 50 21 63 59 45 9 11 16 30 56 17 19 47 15 11 17 92 36 87 23 46 3 47 45 6 58 17 19 16 37 88 39 97 98 49 87 84 60 10 70 50 21 39 43 40 2 94 44 5 68 51 29 29 71 34 97 63 68 53 27 54 63 28 2 80 30 25 47 77 52 82 59 72 47 50 35 16 98 13 7 12 93 25 68 48 45 41 12 30 29 49 56 9 14 97 77 15 93 32 41 89 15 21 36 14 12 91 1 41 36 57 57 29 89 52 43 70 52 59 40 24 17 45 10 45 19 89 18 19 67 14 73 88 75 17 55 89 93 4 43 80 42 19 52 73 36 72 58 62 23 79 38 62 14 84 91 31 7 93 78 7 30 10 48 40 63 60 70 18 73 29 66 3 44 88 42 60 11 30 18 90 86 94 58 59 95 
19 30 48 22 9 70 46 20 88 14 94 98 57 79 68 35 34 86 46 28 16 6 58 60 34 21 48 54 8 79 29 25 6 53 36 38 96 93 85 67 8 85 31 51 83 7 19 46 36 82 46 82 9 42 13 28 25 74 82 33 52 84 37 97 50 52 32 18 33 84 52 52 24 75 71 67 10 57 6 4 99 64 71 25 78 81 38 78 67 5 88 48 75 97 73 15 59 46 68 8 76 15 30 67 44 3 49 91 94 2 12 4 31 50 53 98 83 93 14 6 67 33 95 43 36 88 19 70 40 54 78 52 82 51 99 7 75 85 94 68 94 7 18 39 37 60 24 48 80 47 24 7 31 77 38 62 89 27 56 60 99 96 93 94 9 65 45 66 24 46 41 42 66 45 7 7 27 15 17 19 26 13 49 73 67 57 46 51 93 81 67 77 45 92 46 79 13 25 46 40 
37 31 17 50 61 7 65 48 91 71 14 38 37 63 11 83 8 14 1 76 4 21 9 18 92 37 16 4 92 43 46 99 50 38 42 28 27 12 52 47 76 35 8 30 29 31 5 50 67 65 86 58 15 23 23 68 11 89 95 33 95 33 75 31 90 84 2 44 78 23 71 40 85 51 14 53 64 78 70 65 72 7 85 89 52 5 74 48 20 93 17 55 35 26 31 98 92 70 55 21 99 87 33 99 53 17 90 30 29 55 19 4 57 35 58 92 4 14 73 31 55 46 40 92 95 71 24 75 93 90 63 81 76 53 46 99 16 31 98 83 9 7 59 36 57 49 65 90 52 97 29 89 52 46 24 67 64 16 64 33 28 46 84 48 93 67 22 11 7 90 98 36 86 81 3 37 9 44 66 7 84 5 52 96 46 89 30 4 24 8 62 45 30 32 80 43 37 78 70 7 
76 46 26 60 96 18 1 49 65 34 54 44 83 93 53 99 80 38 43 20 24 60 63 63 22 8 44 45 31 92 20 47 65 93 33 25 96 67 39 11 65 48 15 20 86 61 63 61 52 24 20 39 43 55 60 61 32 77 6 45 88 29 27 24 88 65 54 51 18 66 83 12 80 45 77 23 4 51 78 42 45 77 11 75 96 68 87 82 94 24 19 78 23 7 13 50 20 48 89 51 84 54 81 17 85 13 42 65 62 1 49 6 34 86 17 43 10 40 95 88 86 36 84 59 61 63 30 90 36 30 41 39 25 68 86 89 56 41 9 61 86 49 26 14 96 40 38 54 8 7 35 43 81 1 4 99 28 38 29 9 13 1 8 28 62 47 48 92 70 16 80 24 3 35 60 31 8 25 76 23 17 7 57 10 57 8 77 13 50 69 61 66 27 48 91 30 25 29 18 89 
24 7 74 68 87 99 6 61 64 67 69 3 9 76 91 4 25 15 13 9 96 20 18 31 19 10 70 79 31 17 42 89 45 17 42 61 77 61 54 81 82 8 60 62 81 54 78 67 94 66 89 46 72 8 71 64 27 79 28 35 63 39 22 50 9 44 5 10 48 73 51 57 50 65 84 7 5 44 15 77 47 55 64 22 94 93 1 61 75 35 70 10 60 69 28 15 94 31 66 80 28 29 51 4 47 79 47 3 8 37 55 50 60 25 39 4 89 66 59 36 41 18 3 68 50 97 16 99 80 18 32 39 46 18 8 37 52 92 51 16 18 25 53 3 14 16 20 57 88 20 3 8 4 71 29 78 64 17 38 23 46 48 4 53 33 33 75 75 44 46 1 14 66 97 63 50 85 70 9 49 19 45 82 91 43 35 53 6 29 17 48 99 69 62 86 88 15 65 7 33 
34 60 53 17 69 68 26 83 51 26 62 49 11 53 97 97 28 66 40 90 78 33 27 19 98 32 81 60 38 5 66 35 14 14 45 63 71 1 33 21 36 40 55 95 74 96 5 41 43 79 96 39 55 4 26 49 26 39 23 69 38 73 7 88 89 65 47 47 59 97 17 89 54 42 49 24 71 6 93 74 53 95 72 40 40 66 38 52 33 87 25 26 44 87 13 22 57 21 77 98 78 17 48 71 99 38 65 66 49 39 35 78 50 19 87 26 78 79 31 9 15 83 9 63 3 4 56 18 9 89 56 51 72 14 95 49 65 35 22 56 50 52 97 36 31 58 60 29 15 99 75 2 64 33 92 12 58 78 6 57 41 76 3 37 86 46 29 4 48 41 38 23 20 3 51 29 88 20 11 80 92 84 40 14 78 46 96 6 54 68 30 24 48 89 37 87 64 71 18 18 
