200 40
87 88 1 13 77 82 27 2 80 11 15 98 63 24 38 34 51 83 30 53 38 67 91 15 80 66 85 93 98 86 40 74 76 45 45 60 63 77 57 66 71 31 95 22 78 65 45 70 23 57 53 69 12 96 31 90 13 86 54 20 59 45 63 56 49 4 63 14 41 8 21 20 62 18 69 18 2 8 4 63 13 66 84 26 11 94 37 89 79 9 49 52 63 39 72 27 72 30 25 40 79 41 86 31 23 42 3 55 4 22 80 80 87 79 93 89 5 30 79 79 50 2 38 60 79 38 35 57 17 95 99 9 46 45 24 68 20 71 65 2 51 73 46 90 18 64 50 31 62 71 28 30 91 35 91 13 76 11 21 15 50 68 54 88 12 90 99 99 24 75 27 27 14 33 67 63 71 90 22 17 52 87 49 10 74 76 78 77 22 25 96 69 41 17 59 49 43 45 84 94 
63 73 5 87 35 94 22 92 44 42 90 57 49 99 4 73 28 19 77 4 81 22 44 81 28 4 58 11 8 26 95 63 80 24 51 85 26 1 41 89 46 32 99 62 61 62 84 57 13 7 71 99 61 49 56 85 90 48 58 80 2 27 13 22 18 84 78 15 81 85 33 36 55 67 75 34 23 39 23 26 89 75 17 98 77 27 14 11 32 10 94 90 18 14 60 37 20 98 29 19 43 91 42 75 15 92 60 17 78 72 65 23 3 70 57 44 72 96 59 99 95 33 14 82 98 30 81 52 30 10 46 41 57 62 11 51 68 50 98 54 71 7 52 92 95 34 38 79 90 5 38 97 25 62 57 1 89 20 21 13 92 61 74 27 66 42 83 8 59 85 33 90 45 86 30 79 13 11 1 50 75 92 91 48 64 39 69 89 32 26 23 61 51 98 58 18 14 74 5 88 
22 53 13 6 49 99 49 65 98 38 24 23 53 67 92 27 91 38 13 80 98 52 43 35 57 63 43 95 56 78 76 19 80 52 6 12 21 94 95 33 67 64 13 95 14 74 27 59 53 86 6 40 80 17 22 2 93 30 48 62 91 45 58 89 74 31 29 5 43 9 37 78 2 51 62 35 54 80 85 48 9 75 88 46 72 60 56 5 54 16 72 54 67 71 24 76 22 9 1 4 34 61 92 19 19 15 90 60 93 6 88 13 78 21 80 17 92 2 63 62 58 39 34 91 1 74 93 97 43 4 41 27 13 71 81 74 39 76 17 89 51 67 53 71 80 44 98 72 60 60 62 94 25 18 53 92 11 73 84 73 55 34 68 93 98 57 21 63 80 53 58 42 44 83 99 43 33 62 63 31 92 53 72 19 71 72 48 76 16 87 15 21 78 19 1 23 9 37 31 4 
93 43 42 39 36 58 94 36 78 23 40 30 58 71 92 8 20 93 78 15 16 38 28 52 7 12 81 80 61 77 84 18 55 58 93 40 73 33 70 79 6 39 87 30 54 72 22 38 24 86 60 13 32 90 96 18 1 55 33 76 60 7 78 68 51 28 52 33 18 62 78 65 15 9 91 20 6 27 31 8 59 31 45 99 53 94 92 22 73 50 37 59 13 84 51 56 73 46 14 12 63 39 13 85 99 26 45 94 7 28 14 12 17 22 30 69 71 44 13 57 18 87 89 24 12 6 93 73 16 7 69 70 4 58 66 35 53 84 43 47 51 68 65 42 93 51 7 15 82 31 49 19 29 64 81 63 50 64 2 16 73 4 15 3 33 12 34 7 69 76 78 71 33 43 78 93 80 14 69 31 78 50 95 99 99 71 9 70 23 53 68 75 39 31 43 2 44 95 8 95 
22 85 88 75 88 2 61 35 65 28 1 32 25 17 73 87 78 7 87 12 78 30 86 3 15 3 57 50 17 35 22 31 51 22 45 12 28 49 27 47 90 93 9 81 27 18 71 49 61 75 33 72 56 8 52 62 15 46 26 21 78 12 90 36 29 14 22 88 85 50 34 46 7 8 80 64 90 63 53 90 75 83 83 58 36 22 43 93 88 23 42 9 85 19 28 6 22 31 88 76 30 71 52 2 80 38 82 50 84 23 86 80 90 2 9 40 88 42 30 66 5 1 74 83 7 22 2 9 1 41 14 44 31 81 49 82 81 55 86 7 75 63 43 87 75 97 75 84 80 36 79 48 33 48 90 15 12 92 81 13 34 15 65 59 57 51 93 57 79 26 58 4 35 55 88 81 97 39 54 62 82 72 62 8 42 35 61 70 67 97 36 87 89 19 13 90 77 47 56 95 
90 91 53 83 31 60 58 71 73 68 17 2 21 11 5 19 70 28 92 10 15 5 44 8 43 71 23 92 39 7 83 86 80 30 78 59 43 10 54 26 95 56 53 46 4 29 13 24 27 29 66 12 21 6 42 5 37 53 63 43 21 8 49 14 15 55 13 49 55 25 65 25 73 91 10 64 97 74 47 35 50 39 72 50 49 96 77 67 9 3 47 90 37 59 62 69 38 12 2 96 11 52 35 13 50 18 31 3 46 91 51 95 83 2 54 68 43 21 92 41 2 66 17 79 29 4 68 95 92 41 86 46 53 33 8 33 69 79 59 3 92 25 68 50 70 60 54 11 46 21 34 68 59 86 16 53 41 85 9 38 23 88 14 41 28 13 27 29 75 20 41 10 81 17 44 40 55 58 18 20 3 40 42 94 25 8 89 55 18 49 29 38 73 97 25 26 77 34 36 45 
54 42 63 70 5 68 57 46 31 28 32 21 33 83 47 95 88 24 45 96 48 64 40 78 42 48 25 21 76 43 69 32 33 45 19 45 71 75 95 21 28 82 99 45 13 43 5 32 16 56 63 21 3 52 5 77 15 84 33 96 71 35 30 96 65 12 55 23 70 48 42 50 33 7 3 76 78 73 24 28 8 62 71 56 99 16 86 41 7 99 85 88 61 8 63 29 70 61 90 23 19 7 14 53 65 17 59 34 48 92 25 3 81 60 88 24 55 73 4 88 35 11 1 16 66 80 85 50 67 13 43 62 36 68 32 49 44 34 87 37 42 22 25 74 56 69 32 40 88 45 75 38 20 38 97 97 4 69 18 77 74 84 32 60 41 53 13 56 88 76 8 3 78 77 43 62 51 9 22 25 20 48 21 8 78 99 95 53 93 96 78 30 11 94 76 36 52 79 76 93 
29 36 75 95 89 71 20 18 63 62 10 43 84 59 95 11 72 45 14 96 29 36 82 8 37 79 1 83 65 58 53 96 61 86 5 54 59 10 6 92 74 10 88 85 5 98 65 35 32 22 35 78 19 57 78 86 12 16 58 60 42 42 20 36 21 13 91 82 43 37 86 98 86 58 97 21 13 50 3 13 64 22 61 76 68 13 16 43 34 98 93 77 53 84 1 77 99 10 30 73 33 46 54 30 91 99 32 43 99 7 1 40 64 38 84 85 72 98 88 72 96 22 99 28 90 78 90 14 93 70 13 23 23 31 5 80 84 28 84 45 62 62 54 10 25 66 1 97 23 6 89 66 92 79 71 7 50 19 81 40 94 88 34 23 9 84 30 43 58 38 49 23 91 11 57 16 40 98 2 9 16 29 12 21 18 64 3 6 24 98 68 49 96 57 88 67 82 2 24 13 
90 8 65 26 19 90 64 99 62 3 34 24 86 80 24 97 71 29 94 77 13 13 23 88 18 63 1 18 9 74 30 17 23 7 32 3 10 81 37 53 35 85 91 14 76 70 58 92 27 50 11 60 93 5 38 53 97 77 42 72 72 74 41 81 69 68 65 9 48 92 60 46 89 48 85 51 81 97 13 43 31 69 30 7 57 53 38 90 92 7 54 9 86 48 6 35 97 61 37 13 4 94 5 46 93 60 82 4 70 33 54 18 52 54 20 86 71 26 94 70 72 19 4 94 17 62 91 48 78 55 14 85 43 56 39 22 16 89 52 40 11 45 52 85 59 73 50 67 5 92 73 59 6 82 61 99 35 88 69 88 78 18 65 92 37 45 31 42 26 6 64 31 72 2 76 16 21 97 89 20 26 22 45 28 60 68 95 91 8 93 7 25 68 19 59 6 54 31 50 76 
26 91 27 67 41 21 10 54 95 42 81 20 57 83 20 79 64 96 75 66 26 50 65 37 20 36 80 67 98 63 79 53 78 64 92 11 52 90 20 76 79 13 33 8 91 25 71 80 87 37 47 94 41 84 41 65 92 18 6 33 54 11 63 54 9 58 6 10 8 74 96 96 75 91 68 36 5 65 24 66 59 71 38 49 72 4 54 63 48 78 86 11 62 31 21 11 58 18 11 7 51 16 81 59 28 21 30 49 43 50 22 80 23 42 91 75 63 53 48 75 32 62 66 45 65 66 94 67 70 85 50 47 26 59 21 7 79 44 64 91 48 23 9 66 21 93 53 16 58 76 67 45 86 12 89 80 8 61 30 68 91 7 69 73 76 47 56 83 73 7 12 6 64 27 28 66 98 68 65 14 99 17 55 16 57 72 98 60 34 60 70 55 62 23 10 30 45 26 32 34 
67 25 77 21 95 51 64 19 39 77 61 96 25 38 47 16 35 70 54 37 99 13 63 26 3 6 10 49 79 90 78 72 16 10 8 65 51 10 86 98 73 36 54 45 26 36 5 76 99 59 79 70 40 58 74 2 43 83 37 50 55 89 65 94 76 33 8 17 57 71 67 1 99 61 96 29 57 66 1 90 36 46 34 70 91 64 5 59 34 86 73 48 22 80 50 28 67 12 95 94 34 53 27 43 36 73 7 70 39 47 53 74 61 47 35 56 73 51 72 17 94 36 37 60 98 80 51 91 8 66 90 18 99 74 82 45 1 89 3 84 89 96 82 47 96 83 3 45 4 37 95 93 44 49 45 8 3 10 88 5 17 14 11 4 73 54 53 26 14 29 5 92 28 35 7 29 58 72 55 58 1 41 93 8 99 44 19 7 54 86 79 84 12 73 75 72 74 12 57 4 
88 95 34 89 69 31 79 61 26 76 95 62 39 46 18 35 47 63 39 32 47 57 10 11 93 65 38 39 99 35 92 90 35 18 94 48 28 76 28 3 65 78 32 51 89 3 5 99 2 33 1 62 63 62 35 60 89 89 76 24 57 25 55 88 96 83 57 99 1 88 28 10 17 72 69 80 52 75 42 79 69 43 62 82 90 31 8 74 96 3 12 46 24 28 64 98 68 85 16 37 81 62 73 78 76 52 2 45 22 57 22 68 42 86 17 86 24 57 24 46 8 96 38 1 94 37 15 14 41 19 64 55 64 90 57 1 37 11 21 38 91 42 40 60 15 57 58 67 55 36 74 68 16 67 49 81 61 46 98 30 11 75 96 46 43 68 74 72 92 41 23 54 55 24 89 48 80 49 79 18 78 60 55 36 17 8 40 80 20 49 11 39 71 51 6 6 11 87 18 84 
4 1 12 62 26 49 65 28 44 15 86 98 49 58 39 79 27 77 74 12 47 10 34 80 70 34 50 4 48 64 40 45 18 56 13 3 10 4 67 15 38 41 88 60 12 39 52 54 24 10 25 54 60 3 59 54 93 8 97 87 86 54 73 28 90 8 6 87 45 76 7 18 82 6 74 8 19 79 97 87 62 23 52 25 11 97 7 28 50 6 15 42 54 87 22 53 87 25 60 86 4 36 54 5 43 77 14 11 39 49 41 47 11 85 26 93 68 62 45 70 9 94 69 36 20 35 53 89 79 76 44 67 51 49 77 45 91 26 76 38 43 16 54 2 38 67 13 28 99 67 45 50 38 44 30 39 53 63 38 5 34 30 27 98 59 87 45 7 94 20 29 59 97 48 3 21 13 35 83 98 75 80 73 36 8 23 66 19 22 42 44 69 21 55 77 49 94 18 27 59 
15 88 77 21 72 78 94 26 4 90 19 58 14 61 6 77 55 22 54 38 24 98 7 89 61 13 54 75 55 83 31 36 38 22 17 8 86 36 38 19 26 30 65 97 23 2 15 63 92 44 47 34 92 48 69 20 29 96 34 30 50 70 38 64 51 44 24 23 72 88 80 97 99 68 40 76 64 46 82 45 43 77 30 80 55 14 52 57 70 2 65 45 98 84 27 10 98 98 44 11 72 78 65 4 69 51 88 40 81 40 53 65 49 64 47 21 54 39 1 44 28 72 90 66 45 69 41 16 24 30 19 15 31 50 37 82 77 20 53 30 18 27 71 68 54 50 41 99 34 67 56 24 47 51 55 37 32 68 25 27 71 80 93 79 91 47 38 76 68 21 78 91 18 49 80 97 4 77 57 60 37 44 63 42 70 83 2 1 5 26 21 86 83 95 12 48 98 14 13 29 
63 5 72 34 7 65 1 40 18 10 15 5 15 5 70 8 40 95 49 8 64 4 59 37 84 24 37 8 25 32 43 7 35 78 66 97 90 89 22 21 96 68 50 91 81 96 21 6 1 30 27 32 39 1 89 17 6 21 58 83 35 75 5 32 90 27 32 38 61 16 66 54 63 57 62 10 38 45 99 12 55 47 85 42 10 11 54 59 23 56 65 98 44 83 6 73 48 68 89 72 36 62 55 59 37 94 70 77 5 68 27 45 21 68 45 56 93 50 71 82 57 49 78 73 72 77 64 52 27 23 56 20 35 49 6 56 37 97 91 13 99 87 21 23 18 10 24 92 11 38 60 7 27 19 14 25 38 74 98 85 46 8 51 1 75 94 37 62 80 87 47 36 41 18 99 65 63 92 40 71 79 94 39 49 50 82 92 72 60 94 28 91 23 43 93 32 76 16 67 95 
22 54 83 17 16 30 99 49 52 86 65 51 53 98 94 66 76 25 37 19 10 8 71 16 77 69 13 47 32 18 7 87 63 43 32 92 89 16 1 1 65 92 58 34 77 11 81 96 43 92 81 75 15 40 1 42 77 41 15 48 49 64 33 29 78 61 97 5 49 68 81 75 76 3 92 26 10 64 71 23 31 37 90 16 52 86 55 38 23 63 5 5 22 97 10 13 61 5 73 46 87 81 35 66 78 10 61 21 46 51 57 38 33 51 58 32 16 40 30 96 6 29 76 11 44 11 29 34 6 64 55 11 99 49 54 67 66 8 59 12 78 65 34 38 43 31 76 19 99 94 19 13 21 32 23 61 10 99 84 85 6 36 35 92 78 64 34 72 32 90 78 94 2 2 93 15 56 68 41 69 97 45 14 80 61 68 38 49 14 56 71 61 55 13 8 85 19 22 68 74 
35 77 10 85 86 48 2 18 58 29 46 5 56 86 6 44 50 99 8 46 73 63 43 38 25 83 65 58 64 82 94 61 20 96 14 14 80 74 69 97 99 79 72 10 96 91 98 59 52 1 87 70 14 14 40 81 91 51 27 44 59 45 76 24 56 46 85 2 83 16 15 72 9 30 85 43 63 78 86 37 40 67 69 90 98 14 49 53 61 51 8 91 16 25 86 82 12 96 94 20 66 41 5 10 56 47 51 72 26 18 36 44 81 68 22 73 95 32 38 23 3 53 76 70 2 89 93 7 57 17 10 36 95 20 9 78 9 1 41 68 53 75 17 51 47 73 15 89 74 37 75 59 84 25 3 49 87 9 66 63 59 73 98 19 41 19 96 49 37 59 21 97 14 23 98 26 4 50 17 8 5 98 30 31 74 37 55 96 40 51 73 23 88 37 30 38 72 9 35 88 
31 75 45 71 65 79 93 43 64 84 37 2 92 57 25 73 35 30 28 52 99 8 38 2 12 67 67 60 19 53 47 31 87 81 29 91 6 39 87 88 79 81 13 37 39 36 21 25 31 1 42 10 25 41 33 19 9 95 67 50 93 73 38 72 8 52 60 23 1 81 70 12 43 78 22 18 27 34 91 90 60 7 75 50 76 28 89 85 26 96 71 58 80 84 75 98 33 31 81 8 95 49 86 57 99 19 7 89 99 92 82 15 68 93 71 16 99 12 52 46 8 13 23 29 26 28 5 55 10 61 37 91 33 85 79 69 91 46 13 94 2 57 36 40 98 3 72 52 38 38 62 45 96 88 67 5 71 49 69 86 79 86 70 17 57 36 93 91 64 6 81 77 77 71 96 12 94 79 24 2 35 49 66 26 38 66 47 30 61 90 12 35 86 50 26 27 13 43 72 66 
62 50 72 59 29 74 25 49 19 34 97 47 49 39 30 65 35 50 65 63 95 79 47 55 50 90 21 5 21 99 33 30 29 73 34 97 1 30 73 27 60 40 2 88 37 25 74 6 59 59 44 53 57 65 69 54 64 22 7 88 14 56 17 82 40 47 60 19 81 27 1 28 76 76 1 93 64 32 27 50 86 78 47 85 87 52 31 37 12 44 47 93 5 92 69 98 15 91 70 42 90 82 25 71 84 63 12 80 49 78 8 17 37 27 92 79 6 58 49 21 11 74 59 41 13 28 8 94 70 24 81 87 47 18 67 75 5 18 54 67 10 82 35 24 29 23 99 55 29 2 44 25 81 33 62 49 56 81 52 91 27 64 13 72 68 50 44 59 55 59 47 74 66 64 27 89 80 86 86 29 77 3 33 68 41 38 74 35 55 70 22 8 3 30 84 16 73 98 75 42 
86 36 21 83 89 13 91 74 40 4 4 65 52 93 98 42 45 23 26 52 49 91 43 96 98 56 15 37 40 31 16 92 24 89 26 40 10 61 33 13 65 36 34 4 66 58 34 62 96 33 45 96 46 22 85 72 14 44 84 13 6 76 77 99 38 55 8 71 32 72 26 25 18 78 91 15 33 83 70 54 23 53 39 13 42 11 77 19 51 40 77 58 20 79 37 74 25 27 61 70 51 38 65 4 89 26 68 92 43 62 2 12 19 75 1 93 32 52 12 29 7 37 87 67 75 33 87 13 77 98 80 32 59 53 43 44 76 72 59 31 91 88 20 29 76 94 26 34 8 39 83 97 73 30 8 33 66 30 23 8 89 64 59 49 51 11 55 40 71 10 57 24 73 56 21 99 90 5 6 26 64 66 84 19 44 11 33 51 86 66 37 53 54 17 90 16 21 6 93 84 
61 56 24 78 93 7 15 90 96 6 33 69 22 61 77 40 59 65 82 16 41 4 23 99 34 48 13 84 48 59 4 51 30 89 87 70 65 77 95 1 79 52 98 90 38 33 4 77 43 24 60 88 38 24 54 39 4 16 13 33 61 75 1 64 70 65 21 16 30 38 19 60 77 35 76 57 89 85 14 57 83 11 92 99 13 17 12 12 71 5 10 11 94 58 65 4 52 54 93 84 56 57 52 39 58 21 35 39 46 88 75 48 48 92 47 17 33 53 63 87 8 80 72 87 16 74 66 37 43 23 74 44 14 3 64 4 90 80 44 4 75 11 59 18 8 40 95 11 69 1 77 35 79 15 69 33 94 94 73 36 14 41 31 63 71 43 24 26 44 80 71 21 46 21 32 36 31 21 4 48 90 27 25 23 56 74 69 14 99 86 55 66 31 77 34 12 96 48 99 72 
38 94 53 27 94 92 30 37 50 22 66 29 1 47 82 67 39 77 93 57 53 68 9 52 25 20 35 50 34 78 72 94 52 35 17 75 49 26 61 25 89 33 90 24 32 83 87 96 32 48 31 13 39 47 91 87 98 42 38 82 51 41 34 3 34 97 39 99 76 12 6 69 8 27 83 55 47 33 18 42 14 63 47 65 19 1 9 1 72 68 32 72 74 38 43 48 27 27 62 41 21 93 7 13 47 47 88 65 90 39 15 48 29 66 88 58 38 72 6 35 89 44 60 63 48 16 41 75 74 64 31 46 26 16 10 98 54 39 51 98 5 47 25 58 21 1 95 36 40 6 25 33 95 12 66 99 15 15 72 28 22 56 88 57 36 22 56 70 70 44 13 98 34 99 89 16 34 11 15 41 68 45 11 41 33 16 94 25 19 81 81 50 12 45 79 18 92 55 91 73 
99 18 46 76 21 48 72 8 70 40 78 3 19 4 48 60 17 75 45 5 88 20 7 87 36 27 50 86 38 11 65 8 49 17 22 81 3 14 64 66 5 97 14 46 42 91 68 31 74 44 4 60 40 31 70 96 55 55 96 32 9 46 85 82 68 58 19 92 80 74 54 32 63 3 25 98 15 78 42 15 11 63 92 31 98 45 41 24 8 40 27 96 40 89 66 79 76 60 54 28 73 47 60 25 64 72 30 79 59 82 86 29 44 52 30 35 81 82 37 86 12 99 60 99 50 59 29 17 90 41 48 6 1 52 2 62 27 26 47 9 91 23 21 93 93 30 35 91 8 59 78 4 87 52 17 59 59 75 90 13 30 20 19 45 80 7 96 64 69 82 95 5 32 19 64 27 78 15 26 19 96 96 83 94 52 18 13 95 85 55 69 87 15 16 84 65 33 31 65 49 
91 20 24 19 15 12 54 80 49 46 71 13 94 11 42 44 31 28 14 39 25 52 19 90 23 68 70 30 54 97 65 16 34 91 82 43 57 37 84 38 3 51 16 61 32 84 6 5 88 22 64 93 1 79 85 84 77 6 45 70 12 84 2 73 79 30 98 51 40 89 59 91 32 44 92 18 82 8 88 83 95 27 21 78 62 79 44 21 55 78 97 65 29 68 4 96 22 26 67 36 55 62 74 34 32 20 95 74 39 75 84 75 46 38 75 86 5 48 88 92 49 80 24 7 99 43 65 79 54 74 81 91 97 49 22 58 94 71 18 25 96 80 85 72 33 48 24 14 20 77 12 93 55 5 16 90 17 2 80 15 70 69 36 13 60 44 95 59 16 92 53 64 48 18 87 69 51 51 58 51 4 61 10 18 64 46 67 8 75 39 42 97 64 5 25 91 37 41 89 30 
74 85 85 72 81 99 86 97 16 93 91 34 61 97 17 19 14 5 89 54 83 74 53 4 95 27 65 96 89 50 94 27 18 92 28 51 47 69 64 90 58 58 15 31 46 2 9 21 21 7 85 73 5 43 1 67 35 45 25 43 64 12 40 7 56 6 44 29 90 54 49 41 62 46 79 43 76 39 74 95 57 49 89 25 39 61 90 22 71 21 61 39 18 40 95 94 58 94 4 72 82 22 11 17 96 27 54 39 22 76 85 14 91 1 71 78 54 96 91 36 72 24 41 53 21 5 28 60 91 27 74 52 89 43 18 87 31 68 7 88 50 83 8 43 92 31 98 2 20 20 72 79 7 22 35 54 41 72 8 71 27 72 26 36 80 85 38 21 33 40 8 59 30 29 12 53 29 8 41 63 5 98 1 20 44 83 10 12 48 13 3 96 32 98 27 93 26 17 42 85 
69 66 8 66 62 34 31 41 53 44 5 86 90 83 40 24 97 59 18 96 63 97 89 66 48 46 75 15 86 74 68 46 77 68 30 83 94 38 91 70 80 11 57 71 47 38 98 69 78 86 60 70 27 48 55 97 17 32 67 97 42 68 50 36 66 8 29 98 26 22 97 90 25 2 23 39 38 59 39 90 11 25 51 12 61 52 37 91 72 14 43 36 4 2 83 74 79 30 48 54 98 32 92 44 29 60 45 33 7 90 3 31 40 17 35 66 9 53 80 90 60 35 47 72 15 18 14 4 61 77 32 93 58 10 19 74 37 30 67 97 96 76 35 35 10 6 55 78 15 93 27 39 25 39 23 52 20 60 84 68 53 93 24 62 47 99 23 27 92 55 34 77 53 61 80 46 61 36 55 89 22 19 23 81 8 71 16 17 63 72 39 12 2 24 67 3 9 45 45 44 
74 62 72 97 61 43 66 33 24 47 49 77 3 95 61 26 86 10 93 77 18 14 88 31 91 33 41 87 50 93 96 49 92 24 53 22 66 54 60 9 71 16 17 19 59 42 76 60 32 67 42 44 45 28 70 82 5 62 66 87 68 8 89 74 45 7 50 61 95 2 9 65 32 36 79 7 18 55 27 6 70 6 66 87 55 38 66 73 91 2 47 92 48 48 77 70 49 30 81 36 65 4 33 22 24 25 57 59 98 52 31 81 20 44 84 24 66 62 96 25 68 70 1 22 10 32 78 54 24 12 65 65 96 79 49 96 66 3 67 94 20 52 9 5 99 99 15 74 96 20 79 53 55 86 46 93 70 78 12 46 88 72 22 66 7 48 77 10 77 87 29 33 99 74 77 94 28 92 76 56 66 29 33 79 71 70 4 27 49 7 95 64 60 28 69 59 16 28 36 78 
95 35 18 68 72 10 73 64 78 58 41 78 45 21 57 30 63 45 17 45 79 87 69 58 99 12 26 14 87 88 52 60 62 96 74 56 6 26 75 68 52 68 94 70 96 28 31 43 92 15 42 77 49 47 39 68 34 52 96 24 74 63 43 54 52 22 66 81 10 78 12 34 46 88 81 47 19 20 38 67 41 44 98 44 87 41 40 38 86 2 97 17 29 21 63 55 58 4 86 38 80 62 75 55 55 15 95 5 4 91 70 94 3 27 80 39 87 63 65 59 51 53 23 86 44 55 7 58 74 36 29 20 10 70 60 25 73 40 30 35 47 36 22 20 72 56 81 55 44 7 9 27 21 1 65 26 14 59 66 55 94 13 86 20 91 96 61 38 92 58 78 33 42 48 87 37 41 28 94 87 51 65 64 34 89 37 19 31 32 27 36 40 12 27 55 33 21 36 70 88 
30 61 20 45 9 90 60 74 71 73 96 73 65 98 97 24 27 94 17 48 81 28 2 8 45 5 84 3 20 69 90 73 1 6 32 96 67 37 9 91 93 25 14 14 37 71 24 60 48 16 11 63 64 37 29 98 14 55 28 78 12 26 43 54 64 46 98 18 66 51 9 99 1 16 76 66 41 53 93 29 47 17 42 32 71 97 92 64 52 28 3 50 20 75 23 53 91 50 88 77 74 1 27 65 63 13 54 98 45 14 75 98 93 67 82 24 71 79 59 73 31 91 77 85 14 88 97 37 50 88 70 43 59 55 34 59 50 86 17 80 20 21 37 38 56 36 98 6 34 49 98 94 18 17 21 54 61 32 38 74 9 30 13 84 90 83 97 50 29 4 33 79 33 43 47 17 3 91 60 48 27 77 78 96 80 69 1 25 32 75 11 36 36 42 85 69 37 53 87 6 
55 66 43 70 36 24 37 56 28 80 74 82 8 18 28 3 94 12 18 65 55 32 6 14 2 46 3 87 89 16 61 21 22 97 82 43 46 45 10 80 54 6 35 52 83 21 93 74 19 31 66 59 88 69 78 11 65 64 3 33 69 40 56 21 65 17 1 68 62 9 43 61 16 28 36 84 27 77 79 15 41 60 15 26 49 70 32 87 87 2 65 62 38 39 93 12 28 66 41 88 29 59 78 44 59 91 21 23 82 31 29 67 5 41 9 11 82 79 11 86 13 3 33 21 40 57 16 36 54 89 48 49 89 39 60 71 27 40 32 13 91 25 85 75 54 18 89 57 31 41 58 53 83 11 49 52 18 38 68 39 87 31 64 91 87 91 33 87 62 18 15 95 99 3 94 82 33 35 3 9 40 96 18 30 45 69 59 99 17 25 93 62 71 34 35 62 67 62 40 36 
71 97 38 3 93 76 2 84 44 94 94 52 85 42 73 61 11 86 15 41 37 69 27 98 9 12 42 17 97 11 20 55 1 38 45 50 43 45 32 15 74 56 19 39 73 75 71 89 43 82 82 7 15 31 69 12 45 56 78 98 17 65 82 42 41 44 77 88 55 56 90 64 21 38 73 72 30 7 3 89 96 52 83 72 66 45 48 52 7 29 54 37 15 26 85 11 13 34 53 37 50 28 95 51 3 58 75 69 73 52 83 82 90 16 39 58 9 30 83 40 13 50 87 48 9 13 49 81 32 26 91 14 46 79 64 94 38 35 44 50 22 33 35 86 41 91 65 81 62 4 91 92 81 38 97 53 18 42 92 72 20 40 11 38 62 29 18 12 45 87 99 33 95 67 74 19 69 97 82 61 45 84 93 30 31 11 3 69 60 35 33 3 93 93 31 29 16 96 72 23 
39 9 96 77 2 35 76 61 44 61 76 6 30 78 99 16 53 56 81 78 40 49 92 65 53 95 33 30 83 16 38 9 58 12 75 21 36 69 45 69 9 57 79 38 99 27 45 94 67 13 40 91 1 31 95 60 23 82 76 18 90 48 80 62 90 95 36 76 45 71 7 25 9 8 87 55 67 17 7 96 41 97 26 63 82 27 39 51 76 69 72 38 42 69 85 85 29 54 71 38 23 36 54 24 38 6 93 52 26 42 78 15 68 4 34 88 78 33 15 31 7 53 13 84 32 72 47 71 68 82 74 99 62 55 82 59 92 47 91 22 70 96 54 42 42 26 56 59 84 40 19 94 7 25 91 50 54 51 60 14 1 72 41 54 57 24 84 24 63 24 75 58 93 73 27 73 57 58 88 71 91 43 43 35 71 79 4 30 2 99 17 7 22 19 63 96 1 35 55 13 
99 60 98 34 94 13 22 69 24 97 70 26 83 45 47 18 35 3 21 71 4 29 22 29 77 98 49 48 12 98 60 96 23 33 81 60 91 16 99 37 64 79 69 38 49 66 5 90 22 35 88 35 18 59 64 26 40 24 40 31 54 31 90 33 90 93 51 29 41 41 23 30 66 16 71 59 85 75 25 57 87 90 76 75 20 45 84 81 98 39 69 57 2 84 17 95 71 10 75 8 13 55 59 16 98 76 45 58 61 42 75 84 1 36 55 60 78 55 54 66 23 12 6 95 23 30 9 54 34 51 24 66 75 28 78 65 30 28 60 3 45 34 26 41 31 40 91 59 62 58 40 48 79 11 18 14 85 36 35 77 48 86 65 72 97 28 48 47 30 41 85 63 5 20 44 97 46 73 55 40 40 22 12 95 40 5 73 82 60 70 63 34 81 83 68 95 48 24 38 28 
75 70 78 15 93 2 2 64 35 31 69 25 22 54 40 5 97 38 90 79 26 19 20 97 89 5 47 74 92 73 11 99 59 73 69 31 34 21 4 95 80 6 13 93 85 87 18 93 53 94 58 35 10 26 94 28 1 52 10 51 92 13 4 55 72 19 98 61 46 51 37 60 42 60 80 14 8 68 13 52 10 66 35 77 37 16 72 63 98 50 68 50 23 71 86 51 58 52 11 51 75 37 45 2 63 38 16 28 32 40 68 22 12 96 66 50 53 33 97 46 28 43 67 15 27 92 2 32 61 16 48 43 64 21 72 63 86 82 64 79 2 46 29 49 2 30 95 96 1 20 14 22 32 74 49 90 49 20 93 41 26 55 55 80 56 47 62 88 57 37 67 14 61 31 38 75 25 10 67 61 24 22 63 33 54 87 59 20 32 97 6 21 93 12 75 9 96 60 59 22 
74 91 3 65 25 65 31 89 66 23 1 13 98 33 87 55 26 17 70 89 49 47 26 38 73 48 37 75 7 94 85 28 56 15 54 75 31 86 29 45 43 40 96 19 6 58 47 30 31 73 68 62 37 71 53 51 40 88 94 83 59 13 87 1 16 84 29 89 31 93 15 95 29 84 46 10 34 50 24 79 74 37 49 98 78 43 28 19 74 17 65 37 94 58 68 6 72 21 46 29 43 8 8 59 41 74 67 5 6 28 37 22 74 26 32 19 90 79 69 59 94 49 66 53 31 49 44 64 45 43 23 11 85 47 27 56 98 30 78 22 37 11 6 76 50 60 35 42 92 1 95 91 20 7 18 50 86 4 35 94 53 68 80 53 77 30 89 5 21 69 99 79 47 17 48 61 19 57 76 84 4 26 25 35 68 8 38 48 81 41 59 16 14 17 36 76 37 76 16 22 
69 76 98 80 89 10 17 26 36 41 30 66 48 52 55 38 72 87 19 38 62 45 54 21 80 83 1 97 95 19 9 37 87 23 34 68 41 29 41 74 49 25 3 99 13 58 98 45 41 33 17 68 50 12 53 85 66 15 10 72 21 21 1 59 54 65 42 37 15 42 63 54 58 3 96 14 47 56 87 80 54 70 84 76 58 69 45 78 47 36 38 24 14 13 34 8 63 95 17 82 5 42 75 58 57 66 7 2 46 40 15 40 7 92 15 57 79 12 26 92 14 42 77 47 68 87 5 77 8 9 52 97 5 25 72 81 41 12 24 58 4 4 75 17 91 94 3 4 7 32 87 23 62 25 22 35 77 39 4 60 81 97 41 75 9 82 47 17 2 31 44 76 14 42 63 5 3 68 41 11 35 25 24 62 84 79 66 80 36 61 27 50 78 56 77 10 9 9 93 58 
23 25 17 39 83 57 44 78 26 67 87 75 30 63 23 11 16 44 64 51 43 98 66 53 9 2 21 64 50 20 59 19 43 7 52 40 4 7 9 42 85 52 79 28 82 65 51 87 26 57 50 2 88 27 43 40 79 64 35 61 49 47 70 13 85 43 31 32 17 7 40 43 10 85 59 62 70 12 87 92 42 10 65 27 11 91 71 48 98 59 22 26 67 4 74 22 18 4 24 83 91 28 7 50 66 34 94 49 61 69 2 95 34 70 78 96 79 60 18 46 35 55 48 27 73 56 40 12 10 56 99 63 96 37 76 31 25 68 54 56 25 9 61 66 68 8 59 79 63 3 52 3 57 20 84 32 37 74 35 53 30 71 27 40 1 4 18 55 53 56 8 52 31 97 35 71 16 91 74 43 30 86 44 86 34 23 97 12 27 27 30 15 47 16 73 82 73 97 1 91 
19 11 88 63 64 42 91 25 58 35 88 24 39 74 91 90 46 89 13 2 10 56 55 80 58 92 19 94 15 65 1 56 96 84 89 25 18 6 72 3 85 31 30 40 6 7 40 30 76 25 73 13 92 22 97 73 44 80 76 41 17 29 66 91 90 41 21 46 41 33 88 71 40 71 14 77 54 63 35 22 44 63 86 7 68 72 98 78 78 34 96 31 23 39 1 1 44 23 27 72 80 67 84 74 65 98 82 80 29 87 21 9 93 51 96 26 81 51 2 40 6 95 25 7 76 38 49 27 1 76 51 46 77 52 6 56 5 57 80 91 72 23 41 36 68 30 46 15 74 3 51 2 67 12 5 14 22 71 53 15 4 43 38 12 77 32 93 59 1 90 52 55 30 14 40 45 12 45 80 18 91 70 88 8 10 24 79 95 2 81 58 8 97 67 30 13 23 49 92 29 
47 6 89 97 4 53 22 29 97 87 68 60 25 18 85 38 57 77 10 36 42 28 52 52 5 57 1 13 46 78 20 70 43 33 49 4 51 87 9 19 1 36 91 47 99 99 67 48 31 24 85 6 56 83 68 33 13 78 17 66 13 34 8 73 48 5 94 43 85 69 8 94 67 35 54 72 15 33 17 48 23 25 55 19 66 95 6 8 93 58 82 68 31 50 73 75 82 39 44 34 26 17 39 75 18 1 77 55 90 37 53 57 53 98 39 92 91 82 85 97 67 15 17 35 19 47 34 95 63 56 18 95 90 48 22 78 69 53 77 12 45 31 94 93 39 63 56 46 50 63 25 19 51 68 38 87 95 41 10 53 10 73 32 47 97 82 72 23 41 12 74 63 97 31 59 77 1 39 24 99 61 57 42 91 66 36 65 43 78 53 19 67 40 11 8 7 67 39 12 28 
73 25 25 75 56 25 92 77 48 41 64 79 61 49 70 48 90 58 21 86 14 12 11 27 92 83 18 36 69 82 99 14 71 50 2 91 8 58 48 35 69 15 48 42 33 58 91 43 54 61 54 3 74 28 90 15 17 96 43 10 86 38 32 50 74 54 63 30 50 82 26 77 69 90 89 51 68 81 8 46 68 89 18 87 72 82 39 34 64 59 73 77 15 53 6 42 74 31 4 84 76 89 18 96 39 62 82 99 62 13 13 49 28 38 8 35 1 67 49 76 31 63 3 30 47 23 15 80 65 73 16 49 81 75 20 86 74 24 21 80 8 45 99 47 25 98 16 39 55 77 16 38 9 5 25 62 78 41 53 61 42 75 94 16 58 33 24 42 68 68 99 88 97 72 63 34 54 66 38 92 28 6 31 12 91 76 33 69 2 2 15 77 97 32 33 80 1 56 25 57 
