200 20
93 81 88 60 19 48 38 79 43 74 93 93 55 31 78 26 10 18 29 25 23 55 87 56 64 80 2 98 53 36 9 38 50 72 40 58 50 33 7 38 78 52 94 42 85 50 63 16 35 23 35 81 3 39 86 27 70 33 49 6 16 95 98 23 11 74 48 37 9 61 45 49 48 87 62 96 36 21 92 47 48 55 43 95 21 7 27 54 44 8 60 46 58 97 53 3 43 19 5 52 15 14 98 19 19 10 90 13 24 23 9 26 17 45 47 24 93 39 52 42 54 35 27 77 97 21 16 81 16 37 4 57 84 70 8 51 59 50 70 46 69 38 55 57 10 23 39 21 39 17 7 96 67 46 43 53 52 47 31 65 96 57 38 10 36 13 17 53 37 39 95 53 87 45 73 46 95 19 13 42 76 19 32 23 51 70 2 30 40 56 40 60 53 12 99 64 87 21 68 30 
74 46 77 34 66 98 87 54 95 29 28 45 40 55 96 34 13 32 61 74 28 26 27 9 73 76 7 43 77 70 86 12 78 10 96 50 90 77 80 58 77 9 62 72 18 58 19 34 75 73 41 60 65 54 11 7 26 33 66 43 85 32 70 17 35 41 77 26 87 82 9 83 60 80 14 89 30 27 43 1 11 57 16 93 21 12 88 40 48 8 25 72 23 9 64 51 84 91 86 37 49 17 88 57 82 96 46 75 64 63 84 59 59 38 50 52 85 99 74 37 81 54 47 9 78 5 82 42 67 15 88 61 64 83 35 8 86 12 25 6 14 69 59 39 61 66 10 13 48 20 84 23 64 25 98 28 43 21 41 18 22 61 47 77 23 83 62 61 10 75 14 59 65 46 81 67 55 94 59 52 99 75 33 26 38 70 43 10 5 60 55 4 90 84 28 60 14 20 85 45 
18 6 11 60 4 60 42 21 16 27 38 45 22 98 21 32 63 60 60 93 97 42 12 7 41 52 64 53 15 30 80 62 85 82 45 56 13 34 2 94 90 64 5 17 90 57 57 86 9 42 55 33 5 38 35 99 50 95 14 84 69 45 34 83 83 35 7 35 55 80 58 65 33 4 68 30 92 80 21 59 83 80 41 98 70 13 42 58 76 72 72 51 31 79 52 42 10 24 22 83 80 12 84 69 42 9 53 72 77 79 86 86 87 35 40 76 42 79 8 18 19 45 63 40 50 44 9 73 66 11 12 88 37 40 56 44 18 39 82 29 93 64 28 6 20 70 77 54 70 48 5 16 76 74 12 38 75 53 78 15 50 58 3 36 74 77 47 26 58 58 80 88 90 49 19 54 80 45 78 19 5 31 8 89 50 23 41 31 56 17 35 4 60 27 19 13 42 34 32 50 
39 85 79 62 28 45 77 3 65 11 97 60 90 65 8 90 8 69 99 41 1 83 4 64 51 83 10 38 59 80 83 87 64 40 88 98 57 99 3 41 8 88 38 82 75 48 58 15 32 46 98 65 80 98 83 18 73 89 48 35 31 87 54 70 60 64 7 94 74 15 80 7 9 76 31 60 45 44 17 76 25 96 17 65 69 5 52 42 2 60 1 52 61 88 18 81 24 67 56 81 23 51 82 85 64 81 97 27 47 14 54 59 83 30 77 74 15 60 80 21 33 4 86 25 96 40 47 6 52 58 57 95 51 65 79 60 69 14 58 15 27 14 42 45 4 54 99 26 62 24 39 37 62 27 28 86 82 3 12 26 39 44 31 69 4 18 42 14 22 81 35 58 31 4 51 20 82 79 5 54 57 55 98 74 85 41 45 70 65 34 83 25 82 35 98 36 28 66 42 31 
94 4 15 23 88 14 7 51 34 3 51 59 30 2 38 1 80 38 63 72 95 25 22 6 80 61 3 62 31 19 81 26 27 43 17 99 27 40 40 93 58 76 50 26 18 66 11 9 58 73 40 51 85 95 6 43 53 66 20 57 56 45 31 38 20 9 19 97 1 52 88 7 75 74 62 92 36 77 75 29 84 56 68 35 26 97 83 60 58 68 53 87 75 13 99 22 51 45 26 83 39 43 9 7 64 41 92 27 15 27 87 79 42 31 55 91 46 25 10 73 76 11 8 20 21 17 44 93 4 94 43 27 74 5 55 14 6 19 48 98 84 9 3 78 9 40 5 88 77 69 40 3 86 34 89 22 23 49 19 72 56 98 76 95 36 31 84 44 80 50 33 74 76 15 76 42 67 26 23 94 51 25 31 64 71 83 4 63 12 4 80 76 90 2 31 56 53 14 50 16 
69 29 27 80 18 12 35 54 16 72 61 36 9 50 65 34 88 63 37 65 60 71 64 25 13 47 4 56 86 45 46 16 40 69 88 48 24 43 99 49 46 78 92 35 40 41 90 16 36 23 96 60 27 12 62 62 40 55 57 17 3 34 34 83 15 27 5 54 13 84 1 27 44 92 49 69 30 44 35 90 38 8 76 12 51 94 86 28 34 29 48 83 3 18 79 38 95 16 3 37 36 99 16 76 11 29 57 77 30 25 75 48 97 30 1 60 86 82 13 10 99 82 5 93 40 62 58 70 84 52 11 36 47 53 22 89 50 4 44 99 91 49 88 78 18 8 99 45 85 43 18 1 38 32 53 88 66 31 49 70 85 49 56 92 97 11 96 54 63 31 37 76 69 80 52 70 99 53 98 8 1 39 81 87 51 90 22 7 33 90 30 27 98 22 66 46 39 37 18 61 
46 6 33 93 49 31 35 27 63 69 30 81 22 58 72 78 86 9 65 81 89 54 6 50 76 86 25 75 52 9 37 28 23 71 77 2 42 21 52 56 50 40 74 59 25 95 18 35 17 77 50 4 1 46 84 26 13 75 21 47 98 94 87 43 59 35 86 61 85 71 40 64 13 65 30 75 57 11 44 21 62 80 17 75 43 60 79 4 29 5 95 6 7 72 11 61 66 71 95 70 42 6 87 99 61 18 33 27 79 30 37 83 34 92 3 95 79 22 75 34 37 50 85 51 35 64 95 31 55 53 42 27 73 49 78 12 8 73 20 15 55 76 84 72 44 87 44 64 71 54 59 65 49 84 27 81 47 95 28 1 39 56 62 32 41 26 2 49 63 5 26 38 44 74 73 36 4 41 77 80 80 80 18 46 76 82 58 96 5 90 93 22 28 53 93 84 7 59 43 62 
83 63 97 27 19 43 39 36 50 65 85 92 70 62 81 88 7 42 18 53 43 11 49 73 34 87 13 8 26 26 43 9 76 34 99 42 71 87 74 1 45 54 22 31 96 10 70 45 13 59 40 41 82 51 69 25 18 99 25 26 72 4 27 15 60 64 64 27 75 4 12 77 8 82 56 78 64 23 7 62 89 21 18 98 77 73 8 12 98 87 76 99 14 7 26 55 93 26 75 80 38 13 85 11 96 22 71 28 81 21 26 85 93 99 35 21 36 98 99 78 35 22 51 26 58 55 73 74 34 89 19 96 69 35 28 47 70 44 50 78 56 25 59 62 84 65 74 6 66 49 76 71 84 73 31 99 15 70 3 19 41 25 75 72 77 92 74 34 86 19 77 25 96 57 43 37 22 89 20 47 78 45 74 38 8 14 1 17 91 74 47 35 72 6 31 4 70 7 56 16 
24 4 86 59 56 63 64 66 92 34 86 13 16 17 52 56 86 96 79 38 34 42 8 76 52 96 83 60 90 70 60 48 52 38 87 52 83 29 8 40 72 21 50 27 35 37 21 67 18 37 1 49 84 12 37 87 15 76 38 23 93 65 66 7 9 24 33 2 43 4 89 72 66 58 25 82 33 31 56 81 74 55 25 7 87 44 87 73 39 85 14 65 48 36 74 34 87 14 41 88 75 94 77 93 68 3 30 57 54 5 28 29 48 7 71 93 86 44 28 62 17 78 27 68 95 88 51 59 81 65 30 94 26 7 38 33 70 9 82 33 40 63 2 41 34 47 57 88 24 19 27 85 42 12 97 12 80 29 64 15 82 33 18 98 36 44 40 22 66 33 1 89 34 12 47 47 25 31 1 72 42 72 50 72 7 41 43 77 45 62 83 29 84 72 22 81 48 14 52 90 
77 97 67 63 66 20 83 29 38 10 69 51 97 78 48 77 28 72 57 69 63 42 20 84 56 13 10 32 47 50 27 53 33 34 57 80 36 20 50 14 72 16 81 83 20 44 23 23 88 16 15 34 88 93 30 61 97 66 44 55 32 14 6 41 16 77 4 92 45 29 38 96 62 36 84 23 22 37 66 90 59 5 24 44 59 16 80 13 27 23 14 86 54 18 23 78 89 6 97 2 7 71 87 30 73 48 69 71 18 84 18 35 4 17 74 2 90 37 13 90 9 59 11 28 28 89 19 18 21 96 28 9 36 77 37 65 68 29 26 32 23 13 19 8 86 30 56 10 96 84 65 47 10 53 24 83 68 57 33 11 73 27 84 18 49 73 28 55 15 55 43 7 52 50 7 60 74 21 60 70 93 84 79 34 92 82 44 53 89 47 6 11 12 73 57 30 59 85 99 52 
76 49 31 32 71 67 39 87 31 19 44 38 98 10 38 11 23 27 90 37 6 79 91 93 39 46 99 43 57 15 83 86 73 31 62 99 26 38 56 78 25 21 24 84 91 53 11 87 4 36 90 9 41 47 7 65 27 79 23 14 71 90 59 95 19 39 42 77 85 36 44 97 12 82 27 8 95 20 91 20 45 64 13 46 19 59 91 45 69 17 93 66 84 57 93 90 38 59 20 77 26 97 1 5 15 91 3 18 85 47 77 68 72 97 8 61 14 54 45 95 90 44 61 12 70 54 82 34 54 78 44 11 19 60 26 63 60 34 99 27 35 71 70 95 10 25 24 65 99 69 67 77 15 48 74 63 3 17 28 86 92 84 65 89 40 60 20 34 69 96 67 47 19 31 68 63 80 31 11 71 50 39 57 52 66 16 83 30 56 81 28 10 76 62 30 25 63 35 79 78 
70 50 90 7 1 75 74 33 3 54 3 93 36 88 29 53 99 84 96 83 39 65 63 89 75 92 16 23 19 86 90 98 85 41 92 21 24 47 14 97 24 8 50 55 42 57 24 67 21 84 98 64 2 42 1 56 48 77 37 51 66 39 15 73 18 7 56 82 43 1 24 92 78 7 33 90 75 91 75 54 19 25 35 70 46 93 8 58 66 24 18 82 77 99 44 73 87 80 28 48 31 20 1 29 88 84 98 57 7 74 81 20 14 41 53 61 44 2 78 6 48 67 5 74 22 51 74 8 15 96 53 78 57 88 41 14 74 75 91 16 7 90 36 74 29 65 97 94 66 51 11 6 18 40 41 87 70 77 3 84 21 87 79 30 93 89 40 56 57 13 59 22 47 22 37 27 82 32 16 29 84 25 1 67 94 75 75 78 95 61 25 14 28 88 51 62 11 7 93 65 
61 30 10 79 66 27 63 19 72 40 52 50 33 54 27 10 71 56 4 85 70 33 59 11 71 63 21 58 64 11 63 32 81 19 4 62 95 3 89 1 6 48 99 11 41 97 31 64 44 49 99 36 72 51 28 92 89 89 42 92 58 90 64 73 34 8 9 53 60 16 71 18 60 10 28 15 35 93 24 53 51 76 71 90 38 63 42 31 81 55 60 16 17 34 93 21 23 64 55 46 16 83 88 13 41 94 67 56 72 62 84 19 98 5 50 43 23 90 83 68 52 26 5 23 95 57 32 15 55 57 73 32 17 24 23 29 53 69 49 27 7 20 94 4 91 4 66 86 81 48 30 50 8 71 6 6 50 78 58 1 35 54 94 5 21 54 53 10 3 3 4 21 94 85 34 51 35 41 49 13 69 55 64 16 52 59 94 59 36 17 55 21 68 23 48 58 82 92 61 98 
89 61 87 18 58 49 54 6 4 94 59 83 6 55 20 23 86 6 77 50 77 16 73 16 92 12 9 66 91 50 20 10 52 84 46 85 40 31 93 33 74 44 11 60 95 78 51 14 41 64 48 45 6 69 79 83 15 70 34 97 92 26 88 74 31 39 67 76 57 28 17 20 5 97 74 39 77 4 31 55 26 26 8 47 7 33 21 18 60 54 49 64 74 48 5 46 53 66 3 55 87 32 28 80 23 96 3 84 29 19 60 62 67 30 8 20 59 97 1 35 58 4 5 30 14 5 72 42 46 7 6 86 7 30 27 32 56 80 49 61 27 15 42 50 92 16 2 28 40 53 20 48 34 57 54 60 89 87 93 76 37 98 28 37 93 14 18 86 32 88 65 36 48 81 77 34 31 24 40 36 27 88 82 73 17 55 50 20 77 84 70 63 53 83 21 70 25 73 3 60 
81 11 73 79 18 9 33 90 23 9 28 43 47 67 47 19 52 52 13 78 57 81 24 12 78 71 2 74 74 82 30 37 92 56 1 26 8 64 61 70 70 51 50 39 47 77 49 94 68 61 21 26 68 28 56 1 29 47 18 5 26 82 80 87 73 30 79 5 61 64 50 62 8 84 75 61 96 54 27 39 23 48 10 17 37 92 6 39 88 13 19 23 70 75 15 94 60 30 70 39 67 56 13 41 74 7 66 31 81 49 93 26 51 12 42 75 50 25 84 3 94 67 65 52 92 10 42 31 89 56 34 53 10 90 60 81 5 18 84 75 88 11 61 31 90 50 79 26 94 72 4 63 83 10 19 17 80 35 76 72 97 8 35 71 78 15 4 57 36 17 90 18 4 87 40 27 78 64 83 92 58 86 75 97 91 39 43 42 21 1 29 91 23 83 32 18 57 79 56 43 
27 28 26 13 63 94 26 30 70 52 56 20 75 80 86 34 65 8 51 32 4 31 69 4 47 33 65 81 64 5 85 65 60 58 19 38 87 51 13 83 69 1 94 9 16 8 90 60 47 68 41 43 8 99 25 40 85 55 71 29 34 44 84 3 86 48 59 90 79 44 2 70 68 21 45 93 46 95 73 2 63 36 34 43 46 78 62 95 17 46 93 82 8 66 91 90 87 92 56 92 73 21 51 62 52 7 18 95 98 89 94 28 96 7 38 53 53 13 39 42 23 2 42 63 22 19 65 98 48 88 19 65 3 25 20 31 3 55 19 36 8 37 12 11 30 76 61 93 62 49 15 50 89 17 25 92 9 47 66 98 52 32 54 29 1 5 67 46 5 62 59 35 6 82 84 21 49 41 13 85 8 33 48 90 98 89 50 91 2 97 50 61 81 18 73 5 1 5 51 79 
86 38 15 32 94 67 49 87 28 60 37 49 98 8 37 17 7 43 39 36 32 45 61 87 28 24 38 83 12 16 22 63 65 81 68 80 22 97 39 4 63 46 87 8 16 15 56 64 39 87 71 42 21 39 34 94 75 25 16 57 32 83 53 40 30 22 39 22 15 11 18 42 28 84 77 97 6 26 49 35 66 68 90 44 11 80 89 51 11 71 54 15 8 71 5 18 99 37 68 60 43 39 75 56 39 57 51 24 34 72 8 83 8 64 41 46 69 3 24 12 52 40 97 62 6 9 68 51 91 10 1 3 73 13 8 2 15 44 49 92 69 83 25 65 79 58 65 54 64 35 27 33 16 15 87 4 95 26 38 94 24 20 77 52 74 61 6 36 72 26 17 9 80 90 94 35 1 29 6 73 63 8 92 68 22 73 67 45 45 54 7 6 14 47 43 17 15 16 62 12 
89 14 13 7 78 20 96 29 96 19 67 20 51 17 99 95 76 56 30 87 6 79 30 15 37 98 66 52 3 65 79 96 38 39 43 37 51 58 40 25 91 3 28 40 15 69 8 62 59 38 91 36 8 37 75 45 57 20 4 75 93 25 41 88 52 51 39 86 91 24 4 83 60 62 70 73 68 50 64 98 52 7 74 17 45 49 23 76 48 67 30 75 93 89 84 39 21 52 14 81 37 69 52 82 93 98 9 47 50 12 34 81 44 65 95 58 59 66 38 86 97 43 59 79 43 11 73 25 33 45 83 50 30 47 50 98 82 14 57 88 2 6 83 89 25 17 68 86 90 43 85 53 96 49 7 15 80 41 72 23 80 31 63 20 9 10 63 10 15 11 32 25 61 84 75 98 86 63 8 30 76 29 29 53 35 87 86 10 47 32 48 13 52 13 67 18 13 9 55 92 
90 93 55 18 97 34 43 26 23 22 65 2 82 1 26 77 32 77 43 71 14 70 93 34 97 47 53 87 27 71 40 75 58 47 64 97 12 62 64 62 8 30 55 27 18 36 72 40 1 79 13 87 52 17 80 36 46 11 31 73 79 64 13 58 15 73 12 60 24 67 98 2 32 51 65 7 63 51 76 41 82 58 9 55 38 71 93 34 8 42 66 32 43 18 5 23 9 83 73 42 32 12 70 31 43 96 69 77 18 8 62 65 26 27 4 12 69 94 57 16 31 54 34 99 14 92 40 54 89 89 22 80 37 55 6 37 90 78 43 77 81 67 54 1 80 97 74 92 47 49 94 67 65 58 6 14 93 52 44 40 7 3 33 13 37 61 27 6 24 8 58 41 52 92 76 33 96 81 93 35 69 96 31 75 60 65 58 12 80 57 40 66 9 34 79 74 32 90 60 25 
51 94 56 17 38 11 6 15 14 13 55 95 56 42 81 97 45 63 25 90 86 80 11 94 30 60 66 99 84 47 40 85 43 82 21 37 94 26 55 66 49 72 68 29 50 68 79 46 99 35 27 18 73 85 78 47 39 42 56 57 76 56 52 8 96 27 52 17 60 21 45 78 94 89 51 81 14 86 36 26 40 91 30 46 17 23 46 28 32 60 2 25 36 62 33 79 59 85 20 41 30 4 96 86 96 24 76 36 44 8 71 72 11 92 5 61 13 2 36 71 56 74 74 86 60 75 4 33 75 18 95 92 1 81 30 23 3 33 16 75 36 40 7 18 59 94 24 46 57 32 68 9 56 43 46 26 44 3 84 4 92 81 50 55 68 64 66 22 58 75 39 85 86 90 64 96 31 59 57 82 46 20 65 76 78 25 88 27 85 54 97 24 55 35 54 13 28 61 29 16 
