200 40
34 72 36 18 66 20 93 22 54 15 14 10 42 2 77 41 99 2 94 49 25 11 99 43 41 3 55 12 97 29 48 18 72 17 94 3 66 68 35 82 12 64 39 50 62 62 98 76 3 94 38 8 42 71 3 67 17 78 67 54 87 79 33 44 45 13 27 91 6 95 4 24 10 21 43 49 26 56 52 48 51 49 64 80 8 21 41 81 42 70 68 63 30 72 58 15 73 80 53 2 1 22 18 65 66 3 45 24 51 4 55 72 64 83 94 83 39 77 35 4 36 96 76 58 43 28 44 49 75 37 91 53 72 65 95 24 2 29 64 94 57 23 28 70 59 18 45 37 55 61 3 54 17 76 11 59 46 65 8 65 69 3 60 63 38 44 57 20 34 18 19 79 62 32 87 60 56 69 37 59 75 89 62 50 5 29 89 82 58 2 69 82 73 95 78 52 18 76 21 71 
57 92 82 70 2 73 70 75 66 91 29 23 8 4 5 39 16 52 78 30 13 61 65 86 53 37 9 81 24 69 90 71 47 30 21 95 74 75 45 75 93 43 41 15 22 54 19 1 12 12 21 5 48 3 24 78 48 96 36 59 61 46 99 63 72 84 89 93 95 31 12 34 79 85 6 51 7 31 47 95 89 35 38 99 77 45 20 77 49 94 62 29 17 96 70 35 27 50 80 58 57 34 61 46 19 12 18 29 55 29 82 17 45 16 26 8 95 81 48 76 50 23 82 86 83 15 95 79 5 19 87 83 54 77 90 6 5 15 68 39 63 41 21 59 69 47 77 22 94 6 1 69 44 75 88 24 56 94 69 91 99 86 6 61 79 55 91 6 31 90 54 77 23 62 54 15 58 24 85 38 69 12 72 50 26 47 75 36 27 30 85 64 6 45 28 87 27 62 57 39 
57 56 91 35 99 92 82 66 45 8 16 2 64 81 20 53 90 8 83 45 21 92 62 19 18 59 74 28 8 42 5 38 80 91 98 33 88 71 67 9 52 59 85 73 52 48 93 52 35 42 94 82 11 62 55 17 55 43 8 22 5 32 46 76 63 92 32 76 96 99 86 29 36 43 99 56 75 30 21 95 73 76 67 97 54 16 19 27 3 93 19 61 71 73 75 93 74 27 60 32 91 44 11 95 65 29 25 20 3 96 69 54 75 78 70 61 18 20 21 18 31 80 77 16 77 33 60 60 83 64 54 69 42 75 7 77 9 83 33 33 4 16 7 94 9 18 71 40 73 45 29 59 8 71 51 54 90 80 68 43 58 72 79 58 18 62 45 45 37 76 90 63 46 58 4 87 42 63 39 5 86 60 14 19 3 35 9 44 79 84 70 12 68 22 8 65 87 72 93 64 
81 47 84 32 88 86 17 68 12 4 30 78 37 33 96 56 70 79 7 69 38 20 72 50 86 97 25 7 84 30 17 15 18 3 21 20 93 72 30 39 42 65 57 59 10 80 36 38 66 83 20 3 99 12 83 51 20 75 22 52 57 52 47 44 59 89 97 35 98 8 26 6 64 95 10 5 67 13 44 51 40 89 45 36 33 27 50 20 17 93 16 34 85 32 19 77 51 52 57 24 45 37 49 13 22 37 32 58 54 75 64 41 35 45 26 15 79 7 15 2 21 94 51 94 15 13 74 59 35 35 44 27 78 4 41 4 58 35 66 63 12 12 41 50 94 90 5 80 84 95 21 38 76 24 71 80 87 40 57 32 57 80 2 90 41 51 48 23 18 31 58 64 85 65 17 23 63 71 27 77 90 38 14 74 26 24 20 33 48 55 12 41 58 33 74 58 76 25 12 13 
67 96 28 69 81 5 29 33 69 17 73 24 47 92 4 4 33 46 65 86 46 40 2 36 8 89 61 68 42 63 91 52 73 78 44 7 26 5 70 3 29 65 23 62 11 33 57 60 3 33 31 21 37 40 99 23 47 84 25 94 68 44 67 16 38 50 89 18 93 86 55 86 77 85 32 54 29 35 84 9 91 70 84 88 12 81 2 82 34 10 8 32 8 45 75 31 80 33 82 22 5 67 4 2 33 95 18 18 19 15 5 70 18 77 46 8 88 81 26 34 88 83 27 2 78 84 36 17 20 43 42 36 77 66 33 68 15 13 99 73 1 93 36 61 1 71 34 97 86 60 90 95 28 25 2 21 99 82 67 93 75 2 87 80 30 3 62 5 43 57 97 37 91 89 96 3 58 72 66 76 24 34 15 85 73 52 51 10 90 55 87 78 64 26 36 73 82 94 12 29 
40 81 16 86 17 20 76 8 24 49 37 59 80 12 49 85 15 6 68 89 63 89 61 34 71 76 99 35 89 39 65 71 78 10 47 75 5 74 41 41 44 80 50 17 80 32 89 13 5 90 76 91 15 75 39 79 18 63 14 55 29 90 44 59 68 49 80 88 68 90 81 96 66 23 15 97 7 13 54 60 44 83 83 14 40 19 90 44 63 58 76 94 89 97 44 66 6 94 10 19 3 60 92 69 82 68 23 93 52 45 38 24 27 79 82 51 32 14 10 23 98 53 79 46 66 55 60 84 82 38 28 60 2 79 67 53 86 11 69 99 9 25 34 96 46 70 68 95 85 55 88 9 21 42 17 5 53 55 84 9 92 75 30 7 58 40 98 40 73 45 47 9 72 45 36 71 96 52 35 42 93 34 22 95 21 20 83 63 42 93 12 33 31 98 9 52 66 36 82 26 
77 89 32 55 46 55 25 20 76 41 32 91 60 42 89 83 27 41 72 98 45 11 94 29 24 13 8 56 10 98 4 50 89 7 15 70 88 66 9 65 71 96 95 72 41 3 24 18 39 81 79 17 49 19 88 75 90 87 18 86 23 51 69 32 46 63 87 85 96 63 55 6 52 82 93 44 28 41 62 40 80 46 61 20 2 96 30 3 27 77 45 92 27 66 24 86 14 28 22 68 37 14 33 11 86 69 93 77 90 25 74 19 17 3 88 76 72 13 86 78 2 53 59 45 90 13 36 82 62 68 83 89 79 87 12 50 44 25 64 40 97 25 29 24 20 21 29 54 29 36 28 72 84 81 30 11 83 57 74 88 60 55 44 16 92 53 58 90 93 18 75 2 18 8 94 23 56 68 51 22 41 35 23 52 43 31 24 58 72 71 9 73 77 56 70 18 45 78 42 3 
24 58 57 36 64 75 16 17 98 12 3 16 20 78 34 41 16 29 19 46 69 65 63 28 59 33 69 31 57 22 31 44 34 70 41 1 52 58 85 80 72 14 48 8 49 9 5 53 32 62 29 32 67 35 87 5 94 36 46 76 50 20 61 99 66 84 87 70 69 74 75 31 80 79 67 67 18 34 6 13 92 19 24 46 15 59 52 88 85 25 19 11 5 33 43 24 66 45 41 89 58 68 27 10 66 53 5 36 69 97 79 63 42 44 47 31 56 81 2 25 77 43 32 75 65 7 20 60 76 96 46 1 64 81 84 62 73 76 4 59 48 42 70 47 25 81 44 30 36 47 79 55 12 34 28 17 73 83 36 53 41 81 45 49 29 59 92 33 46 95 9 79 97 12 23 10 82 74 56 87 97 98 29 25 33 42 52 77 74 7 35 46 4 43 82 77 97 45 93 63 
66 69 52 42 20 80 47 54 70 84 54 99 64 18 33 4 28 45 24 17 64 54 41 18 51 63 76 12 44 16 99 29 74 79 54 29 50 51 63 94 56 53 23 37 54 36 9 93 82 74 72 30 54 71 41 35 61 55 20 27 71 81 88 49 29 33 5 72 54 18 4 93 44 71 94 36 73 55 65 49 91 57 79 10 27 93 76 22 81 5 74 15 37 58 66 44 49 50 22 93 50 1 88 72 52 57 87 16 40 94 20 87 76 13 61 75 2 40 65 96 32 31 60 92 59 64 53 32 52 48 25 10 58 17 35 48 98 29 21 96 72 71 91 28 54 59 39 46 97 31 26 78 30 53 95 79 56 19 65 31 59 47 31 39 96 85 64 41 3 6 12 94 89 7 1 90 45 15 29 40 33 83 77 86 94 89 98 94 48 39 24 60 87 65 60 2 83 26 92 68 
90 42 3 79 53 78 76 4 8 51 34 83 34 81 24 81 97 23 76 92 46 63 6 45 10 22 10 1 1 51 65 53 16 36 37 29 34 95 69 87 16 80 90 23 6 74 10 58 32 94 23 52 3 88 4 95 12 40 14 12 36 64 93 58 31 8 68 23 40 52 45 29 86 11 16 30 77 30 52 15 2 88 11 4 32 98 31 49 25 6 33 39 17 85 23 90 30 49 87 55 66 41 96 20 14 35 4 99 42 41 43 46 2 1 35 41 29 88 80 1 41 12 62 74 38 10 49 43 5 55 89 21 7 55 18 55 91 47 47 25 93 2 77 44 26 24 88 58 85 51 46 44 54 52 94 14 93 30 64 11 51 19 68 13 53 88 2 29 14 40 41 1 26 6 48 5 67 52 66 48 96 80 22 71 58 21 24 49 77 40 64 87 61 35 18 25 2 36 43 34 
47 24 33 82 56 58 52 11 79 31 43 66 11 35 34 48 63 27 68 22 60 31 3 17 40 31 9 26 57 78 69 7 77 88 84 80 82 37 68 31 66 68 46 9 40 87 60 28 25 65 66 64 58 37 32 61 92 1 41 23 91 19 91 20 37 18 94 84 21 89 76 17 50 87 75 76 48 31 46 90 49 4 55 48 3 51 85 5 74 86 33 77 40 83 7 49 93 81 31 65 39 83 44 36 97 57 97 36 4 34 58 4 5 10 6 42 63 43 35 18 55 58 53 60 71 42 83 64 16 47 62 89 8 88 41 58 78 47 82 57 76 65 66 38 60 52 85 15 7 79 46 67 3 83 69 38 53 63 90 34 72 83 58 27 93 73 35 52 61 25 98 9 34 93 40 60 85 1 64 35 3 30 90 23 87 31 52 79 54 16 96 27 33 61 86 46 67 8 95 86 
85 63 36 52 7 35 35 16 87 73 56 58 48 84 82 22 80 94 63 69 44 52 21 83 71 26 46 66 64 3 3 42 94 91 21 54 5 21 5 66 8 40 26 62 86 18 29 48 95 46 27 48 57 32 4 7 65 8 14 90 85 24 80 84 51 51 99 95 68 80 37 49 12 23 27 92 28 12 74 93 31 99 57 38 8 57 22 35 16 78 83 13 81 76 30 18 2 84 18 21 43 57 75 9 45 67 2 92 15 10 63 2 30 99 98 84 41 72 18 13 66 81 99 76 94 5 92 85 86 37 18 73 71 95 65 89 49 16 94 6 90 55 37 16 38 90 93 30 1 20 36 82 60 61 6 25 70 53 15 32 52 52 44 96 96 39 49 34 69 13 50 76 1 91 42 79 96 16 87 18 29 45 21 87 42 61 46 3 51 63 38 1 40 73 41 36 64 32 70 86 
1 82 11 76 1 78 96 91 73 2 21 45 11 75 73 35 55 22 97 60 98 66 87 22 87 37 89 23 18 60 1 67 38 67 70 61 48 89 99 11 99 60 40 26 95 14 94 17 89 85 20 94 88 14 23 73 50 38 61 69 83 98 45 97 49 39 36 76 59 3 48 26 78 35 44 67 22 82 42 24 56 94 9 20 1 21 63 81 25 15 77 36 50 28 74 12 51 16 26 41 52 35 60 55 29 43 52 88 10 1 32 76 74 68 80 54 53 8 27 63 30 85 57 41 39 65 6 31 64 16 59 75 45 6 55 19 69 6 83 8 77 87 85 91 62 25 54 17 66 92 33 37 85 68 20 5 66 31 60 72 7 58 54 95 57 34 52 34 19 40 56 44 45 60 20 88 39 82 49 27 58 93 1 24 10 83 82 44 52 42 55 54 97 62 29 23 8 38 69 20 
47 34 24 63 41 48 14 38 89 92 95 19 82 18 63 31 65 79 67 10 46 39 18 97 86 70 82 45 9 52 84 11 90 71 9 60 69 23 93 67 39 9 40 13 53 40 2 87 21 35 94 88 10 21 90 20 47 30 18 95 15 5 65 35 55 95 76 68 67 58 57 31 9 59 65 67 93 71 22 29 93 75 3 75 41 60 42 75 24 22 33 3 87 64 24 41 36 1 23 82 31 50 96 25 91 40 67 75 96 7 18 48 79 93 85 65 35 51 68 56 12 39 20 60 20 24 54 23 26 80 40 96 52 89 7 43 83 44 40 32 57 40 82 39 72 83 36 51 83 88 61 58 5 77 74 63 7 78 51 72 19 28 23 3 27 72 81 77 75 64 75 29 68 63 10 96 64 39 49 27 81 65 16 74 95 29 89 4 41 20 8 85 8 39 64 96 46 91 15 24 
15 5 13 24 50 42 93 60 82 13 51 87 47 44 44 29 69 2 17 46 65 92 3 38 38 62 26 45 80 92 98 46 75 8 24 57 92 69 89 36 93 79 77 77 26 77 55 17 29 43 80 28 30 93 1 24 44 87 52 55 78 20 58 15 26 28 34 31 71 85 82 73 86 6 95 50 34 42 55 9 63 85 30 35 15 67 80 55 17 56 55 32 88 63 90 70 36 35 15 13 55 58 41 40 31 60 76 73 39 6 13 72 40 97 33 35 88 81 11 1 25 38 5 44 80 89 65 83 73 95 33 73 12 57 34 7 95 12 86 17 10 37 96 76 30 50 59 97 21 7 58 29 38 2 68 61 22 68 51 22 7 80 58 79 12 50 30 40 48 28 95 49 15 5 75 91 99 10 75 90 80 10 93 10 23 14 16 51 82 68 16 54 5 57 58 2 23 7 96 10 
82 1 48 37 97 89 57 8 24 9 58 71 82 32 68 76 38 32 52 66 5 75 18 80 36 23 20 54 37 32 58 16 53 56 78 91 77 42 69 2 47 33 68 61 48 66 55 81 6 78 56 68 96 95 44 25 38 43 34 47 95 41 89 27 79 4 18 53 43 41 71 8 88 60 48 68 61 60 92 10 52 38 92 1 97 85 81 4 79 88 41 80 25 30 93 84 6 86 10 66 40 32 6 70 90 34 42 39 66 55 24 7 20 55 3 6 51 88 74 62 4 3 82 97 67 43 14 31 76 50 99 73 12 58 19 34 97 98 93 15 7 97 93 14 54 75 31 27 1 48 67 42 54 29 5 43 66 24 93 11 35 36 29 20 1 63 51 41 54 97 46 40 27 29 45 77 97 40 23 9 91 9 2 87 76 12 49 60 67 17 77 68 24 90 43 49 52 91 49 37 
66 48 37 14 11 7 73 83 68 41 65 89 31 18 92 63 15 80 61 10 66 48 4 14 55 18 79 34 80 63 74 7 64 33 3 46 60 54 1 41 44 29 36 56 20 37 1 36 18 35 13 99 96 53 18 41 37 3 88 35 52 67 23 28 77 11 45 47 75 71 8 93 38 64 88 46 79 81 92 60 44 90 51 67 2 37 22 74 47 43 89 68 5 6 64 10 22 1 84 36 76 77 13 61 68 65 42 78 29 68 88 53 13 67 95 31 2 20 34 32 4 59 99 53 55 96 18 69 18 19 38 30 79 90 36 62 55 51 15 71 86 18 6 35 41 83 63 11 14 18 71 32 26 69 40 9 24 58 4 27 83 86 25 49 6 30 94 16 17 40 26 43 71 47 63 23 49 57 74 24 58 52 55 92 31 91 27 52 29 11 38 99 38 22 64 12 72 13 7 40 
4 59 99 81 28 96 21 39 99 54 21 42 15 3 35 78 99 98 33 20 15 77 17 20 53 59 21 14 42 49 12 22 39 30 90 47 36 72 90 72 57 27 75 67 60 27 47 81 35 91 34 48 4 18 2 84 23 91 47 88 80 75 1 42 98 19 24 11 30 52 14 42 62 90 97 64 16 29 36 92 42 49 24 22 26 11 87 31 87 61 87 82 76 27 14 19 76 19 94 68 4 31 85 40 10 39 78 28 74 4 97 7 14 65 97 35 75 49 69 54 40 62 34 88 22 96 46 44 65 25 94 11 51 2 99 61 91 67 14 51 30 43 24 18 44 34 48 81 45 26 39 48 75 90 80 2 11 79 90 14 60 29 19 34 66 58 49 99 3 68 96 28 76 42 10 19 27 48 69 55 29 36 91 5 85 37 22 16 38 68 41 20 55 27 61 31 42 94 28 49 
73 35 22 82 38 3 8 36 61 85 98 27 3 31 63 82 89 97 34 44 9 59 7 69 15 5 41 27 26 36 63 1 22 69 60 90 48 34 84 8 16 75 54 78 96 51 47 43 30 34 11 56 16 10 52 85 22 80 44 16 75 59 25 41 72 74 93 73 70 70 16 37 90 3 22 71 20 43 3 29 9 75 17 77 69 99 85 95 82 28 93 81 89 87 91 41 95 20 90 1 73 80 69 94 55 38 70 76 41 75 97 11 93 91 22 77 38 96 76 68 67 17 59 92 35 91 32 71 59 73 20 40 25 32 15 49 77 48 68 61 29 18 1 56 53 50 93 24 90 70 92 71 44 16 8 18 81 38 15 98 33 5 51 61 94 94 19 68 26 3 85 95 51 37 81 33 57 21 1 86 95 89 3 73 82 93 10 27 97 97 10 93 84 81 52 33 51 37 52 21 
66 54 56 50 42 55 64 52 1 12 62 84 85 91 27 23 58 30 57 16 4 35 71 80 25 84 9 5 46 26 29 46 13 77 11 34 88 29 54 66 58 38 80 12 28 34 28 11 23 16 60 72 89 55 56 77 93 90 18 74 22 33 67 85 81 62 47 1 99 31 19 81 24 60 65 59 22 41 89 36 81 35 16 84 12 76 86 46 42 65 65 34 20 76 38 32 17 52 9 92 20 7 2 40 41 24 62 68 11 57 55 41 78 32 68 94 16 42 7 32 15 53 96 29 85 2 85 32 61 91 39 56 93 99 46 87 55 72 13 83 38 26 69 71 57 49 62 46 45 96 61 77 55 97 54 2 62 50 51 27 60 23 81 33 63 52 95 67 8 49 63 49 49 91 74 68 61 30 40 83 42 83 92 26 7 43 82 95 92 68 81 62 55 89 81 67 73 10 94 22 
28 86 32 73 24 85 86 80 95 45 91 64 44 87 25 99 73 85 66 7 87 62 95 61 93 93 95 91 99 6 50 72 15 79 45 36 50 43 66 62 20 80 3 83 37 24 44 85 17 57 83 2 78 19 13 21 39 96 26 82 21 30 22 76 45 10 95 43 35 79 49 79 17 33 81 27 17 16 96 85 63 26 97 2 86 14 91 75 18 77 83 58 89 70 84 53 37 96 4 15 96 12 53 49 6 21 47 15 4 84 1 19 31 11 29 24 31 63 51 42 47 53 87 36 24 46 58 23 11 58 87 68 54 58 98 92 5 64 19 63 16 47 74 5 39 30 94 88 30 86 11 40 46 43 55 36 43 76 62 4 82 15 65 24 25 39 3 26 34 80 14 93 71 23 37 61 6 2 15 14 4 4 89 89 33 66 8 76 66 78 14 16 73 82 56 98 30 71 85 69 
51 61 23 48 79 7 63 11 90 74 85 98 31 9 13 8 56 10 78 91 27 34 25 62 15 97 1 90 95 73 61 2 55 93 72 81 87 47 5 73 94 81 40 77 83 99 66 53 72 64 77 17 85 97 77 42 55 75 79 60 21 35 1 62 32 70 68 96 43 32 18 66 20 30 90 37 31 31 39 28 58 60 20 20 86 2 98 48 13 93 50 7 38 36 56 50 74 84 5 86 39 53 94 84 59 15 31 69 67 98 25 26 6 91 99 94 25 39 81 74 82 44 7 24 42 68 22 56 77 30 76 44 69 6 31 19 7 30 53 69 85 94 19 40 11 50 11 35 94 5 19 17 56 22 44 5 24 27 91 75 33 1 75 65 27 82 20 66 56 69 52 29 80 15 13 63 66 32 46 35 88 90 7 67 30 20 54 43 79 6 58 2 36 91 96 42 6 77 54 19 
77 8 26 45 57 18 39 88 88 29 83 33 90 40 75 48 24 39 66 90 86 2 49 6 15 93 56 29 83 70 58 85 11 74 64 86 48 39 23 36 90 86 22 24 70 27 89 32 57 60 90 29 64 76 30 73 39 52 53 14 70 55 41 85 86 42 18 15 54 58 43 16 78 37 19 93 6 3 83 41 18 67 16 39 40 32 33 59 32 88 91 61 96 15 87 95 74 80 56 98 42 44 70 98 21 50 42 12 66 37 25 44 75 29 10 88 82 39 26 31 64 71 42 41 33 17 67 83 42 58 48 7 82 64 71 51 85 94 61 46 20 98 83 10 96 14 42 47 62 65 77 57 4 69 72 23 48 30 47 19 59 42 62 8 43 88 16 43 41 39 45 66 37 57 28 7 52 90 80 83 46 79 57 7 19 51 51 73 9 24 97 69 94 4 67 71 92 84 72 43 
10 8 8 5 45 58 9 84 18 29 16 57 64 51 39 99 19 96 83 33 6 88 48 26 50 89 30 91 69 11 18 86 77 10 99 17 81 86 55 30 86 87 62 20 91 5 92 27 90 75 13 36 75 82 85 76 30 54 69 24 35 62 17 99 65 25 77 70 94 8 94 46 86 19 7 84 6 13 48 86 7 89 50 1 43 92 37 20 63 14 29 80 9 88 41 67 19 97 85 9 28 67 68 77 63 69 91 93 50 20 51 23 9 81 40 72 53 62 45 99 93 14 50 5 36 36 33 32 81 71 67 74 25 8 22 67 59 80 61 92 70 68 44 77 42 96 25 94 49 34 55 61 66 97 79 40 60 47 38 39 95 88 67 13 30 72 98 60 19 96 59 25 10 3 70 96 48 77 50 11 74 53 10 46 23 9 58 30 25 65 97 31 6 93 28 67 87 7 43 99 
56 4 70 86 42 8 19 10 7 77 35 1 23 48 53 33 38 80 86 4 76 63 21 41 39 9 22 95 5 58 31 48 27 79 65 3 37 66 19 91 42 38 62 73 26 42 43 34 50 52 84 84 51 68 88 63 42 18 31 36 15 52 65 93 35 52 23 53 46 24 9 60 68 99 7 86 97 40 77 28 9 30 56 11 49 82 56 83 47 37 66 26 4 59 54 40 98 40 61 58 88 99 8 36 5 82 88 58 57 60 75 33 32 33 18 99 89 25 42 20 70 86 48 84 88 97 17 9 36 62 2 36 82 12 35 37 70 4 25 7 24 22 56 68 39 79 89 71 91 12 64 90 33 84 94 29 89 87 70 16 67 37 60 7 46 79 9 82 84 82 35 53 15 44 38 53 49 88 90 44 73 64 44 15 52 49 24 80 26 46 35 81 11 84 57 86 99 21 47 90 
6 47 27 36 62 13 17 4 70 27 20 43 25 96 48 57 4 66 96 79 69 11 42 75 62 37 44 46 12 87 46 22 25 34 72 69 95 84 33 85 96 77 18 2 87 84 2 79 7 12 41 18 79 95 75 44 10 8 28 21 87 51 3 42 85 61 89 36 56 7 57 63 38 91 60 17 50 48 36 21 96 44 4 37 63 80 64 55 18 89 4 99 12 37 88 28 79 22 71 31 38 76 83 31 86 63 42 82 8 80 46 75 68 57 78 30 16 57 2 2 80 75 64 76 76 39 96 73 2 11 12 47 34 84 6 80 37 86 56 93 54 75 26 36 15 45 58 91 30 21 81 78 91 59 5 45 77 51 21 72 46 22 5 77 39 27 17 8 82 54 96 42 82 28 68 96 30 3 38 16 98 64 97 78 45 35 18 98 7 67 54 19 6 48 45 17 46 95 11 5 
26 12 84 66 8 81 97 6 25 63 51 79 42 92 91 78 36 67 76 60 97 52 80 45 31 73 90 18 57 24 7 26 9 59 45 83 33 98 36 66 91 25 22 15 59 87 61 34 27 97 24 93 97 31 97 26 89 27 80 28 33 90 87 61 75 90 46 50 76 57 97 84 9 87 98 18 62 42 20 66 37 46 44 12 51 86 70 1 34 16 11 41 29 51 91 7 95 73 53 37 6 26 49 31 47 19 50 56 18 25 36 42 35 80 6 83 25 86 68 36 32 8 50 24 13 73 88 32 38 76 36 10 91 74 61 73 73 88 44 1 96 5 80 32 88 70 78 76 88 1 61 3 54 72 66 45 53 27 46 4 70 70 64 40 1 71 2 81 58 65 51 18 67 49 20 5 66 84 30 60 12 96 17 68 68 77 30 75 20 79 34 92 62 22 7 95 4 85 39 22 
24 74 92 73 91 6 95 23 30 69 61 82 91 79 53 54 1 69 5 54 48 94 18 25 98 29 68 25 86 68 97 36 16 28 23 57 60 44 27 10 66 71 65 36 47 88 63 96 88 91 16 73 47 96 89 69 49 42 21 7 89 85 16 28 36 4 52 96 26 96 75 96 65 82 4 31 33 99 26 24 76 8 98 21 14 86 51 84 34 36 81 2 95 76 59 77 28 47 24 37 30 10 84 27 72 46 22 13 94 56 84 81 8 63 95 40 91 9 44 16 98 54 92 56 49 84 71 29 34 99 82 22 18 26 98 44 30 6 61 25 75 2 84 12 26 1 51 76 25 5 15 6 85 41 97 12 92 53 94 25 99 8 71 94 32 89 60 92 83 5 68 11 19 80 69 59 75 63 10 71 56 21 5 98 40 39 41 14 71 27 75 10 68 13 34 99 17 43 15 17 
49 85 60 12 67 57 88 67 84 57 23 91 52 42 65 67 72 71 67 78 97 4 34 13 35 2 22 57 41 30 37 2 23 53 41 35 41 37 43 52 9 50 7 45 86 63 44 11 90 46 22 46 87 73 57 48 93 18 18 20 79 56 25 60 66 66 49 74 25 26 15 67 81 18 96 44 10 24 20 15 38 26 63 86 45 12 56 73 61 67 80 85 67 80 68 38 97 43 4 48 37 44 22 31 23 79 12 7 41 42 11 96 34 30 10 22 90 39 51 6 55 70 28 74 22 24 86 54 37 2 22 73 96 10 83 62 50 53 71 52 99 39 36 75 95 75 80 68 43 73 59 65 96 44 79 5 63 3 97 26 1 63 24 70 21 42 19 79 83 58 93 97 3 31 14 70 43 81 93 45 20 33 1 70 2 9 53 95 9 37 22 73 11 44 28 57 30 59 45 2 
71 95 28 12 42 35 86 8 38 50 22 3 52 65 78 50 31 13 59 10 81 32 24 52 67 69 89 51 11 80 34 92 91 27 88 67 47 81 46 74 72 22 56 22 21 34 24 25 4 12 17 7 88 58 54 97 3 82 20 37 31 2 50 70 16 41 41 53 55 35 47 47 9 24 80 21 91 56 9 54 77 89 62 32 96 87 23 46 39 22 36 99 51 74 2 99 37 31 78 65 61 88 82 20 42 50 87 94 58 28 27 32 45 40 89 78 98 14 23 90 67 83 33 32 62 92 83 74 51 90 94 96 57 36 45 85 64 95 72 36 14 41 70 51 3 57 92 42 87 31 47 26 83 60 4 30 60 50 87 87 50 13 82 40 38 71 30 38 71 51 28 39 52 91 35 7 42 34 64 16 59 32 90 46 79 45 43 86 39 40 10 33 28 93 37 91 97 87 30 72 
57 11 49 42 41 51 98 10 2 66 70 63 79 61 76 52 4 81 15 66 93 13 74 36 57 79 31 30 90 42 52 54 79 5 93 55 99 7 99 20 15 30 3 70 77 91 27 73 31 50 82 29 5 4 71 80 21 88 82 8 87 79 94 31 4 90 76 9 56 75 84 40 22 27 65 60 66 77 53 47 44 95 72 16 98 92 36 19 63 17 47 51 60 55 96 45 98 37 65 70 79 26 22 40 92 28 26 1 14 86 24 44 13 85 52 95 44 47 38 22 54 32 95 31 75 40 29 65 33 13 30 10 39 26 81 88 94 99 54 61 89 88 8 31 6 89 92 37 10 36 46 58 60 3 95 14 4 2 58 61 76 86 38 95 3 46 30 53 96 12 18 10 62 52 74 76 90 75 61 9 64 28 29 95 51 97 17 69 13 10 54 99 96 27 58 95 40 54 38 6 
24 77 52 56 74 1 1 5 34 52 59 5 41 2 16 49 83 16 4 27 90 56 3 21 39 76 34 10 50 31 70 69 91 66 24 68 75 23 54 71 58 40 68 39 44 50 16 27 79 81 91 85 59 58 38 62 22 97 41 96 51 15 32 27 77 20 88 85 73 16 33 98 61 5 33 89 5 80 2 76 15 35 95 72 48 53 21 85 5 17 25 22 33 3 3 78 23 82 92 51 13 24 81 30 85 88 97 99 67 36 17 41 33 18 60 29 99 84 94 36 32 77 31 29 38 37 25 67 73 97 79 11 38 89 42 11 75 37 5 14 76 61 7 65 77 76 30 2 58 95 3 57 46 24 1 61 12 62 42 38 72 10 91 7 90 57 59 82 74 92 99 76 74 98 13 92 91 53 46 32 67 31 89 92 90 99 80 63 96 23 99 33 63 62 73 83 17 70 76 91 
51 65 61 96 5 42 3 87 26 57 66 77 3 49 76 18 52 36 89 38 14 8 84 45 59 36 68 21 81 65 75 25 5 18 66 91 75 92 27 34 69 66 71 41 88 88 38 77 61 89 94 85 41 74 35 82 11 24 76 64 76 96 66 3 74 28 77 46 64 29 9 17 34 86 86 19 97 67 62 29 96 11 16 1 96 34 52 65 92 33 3 31 5 77 28 81 79 14 12 76 90 68 66 54 39 39 30 29 49 4 66 88 76 17 69 3 98 8 54 13 24 82 67 39 84 25 80 78 39 95 88 5 73 30 19 65 2 41 20 89 61 18 70 77 19 28 74 10 67 13 61 42 23 91 88 7 34 60 41 14 70 90 27 47 31 33 84 69 42 12 76 20 53 28 93 13 44 62 50 42 19 68 91 74 9 78 85 54 72 99 30 5 93 19 46 23 82 95 83 83 
66 69 76 7 36 79 46 76 67 67 63 44 43 67 5 10 78 97 75 58 24 59 18 56 59 35 3 54 98 90 36 83 89 75 58 60 12 23 38 83 79 45 81 33 35 41 24 73 60 89 36 50 63 56 20 94 89 84 11 18 16 5 77 15 51 27 21 64 38 46 73 27 52 40 4 45 2 68 10 46 26 73 24 39 99 80 12 17 29 98 71 52 53 19 32 4 45 16 58 12 8 45 46 1 81 47 25 74 34 44 56 24 70 41 35 19 26 26 87 16 70 71 76 50 5 29 93 43 64 36 65 97 15 12 49 98 59 58 38 15 28 61 56 98 87 87 61 83 37 87 41 85 8 95 22 7 64 27 56 27 3 81 34 14 53 41 76 15 79 68 38 60 75 14 5 65 70 6 96 26 26 57 66 21 35 65 99 14 24 8 14 49 54 46 60 55 16 25 22 42 
33 12 76 95 70 18 53 94 52 45 6 7 81 56 92 27 23 28 38 63 9 50 29 39 33 28 17 88 55 79 19 64 96 37 13 31 45 47 44 65 52 70 21 62 32 81 14 27 63 70 60 80 89 39 59 58 19 5 76 10 21 97 38 96 32 63 38 96 50 61 33 2 41 64 41 16 30 60 49 58 10 49 6 63 36 47 22 77 27 83 75 63 68 3 7 95 7 60 21 63 54 30 86 71 86 96 36 36 44 59 68 90 31 32 42 80 15 44 84 64 28 36 83 18 66 63 92 29 90 97 29 97 26 22 74 43 59 35 74 92 43 49 38 92 95 89 39 1 95 97 16 88 89 28 68 43 83 49 64 66 53 42 32 70 34 6 65 85 26 49 24 54 96 97 29 32 72 89 65 91 48 78 84 18 79 31 99 8 89 28 90 75 62 64 97 49 47 49 29 68 
27 4 12 99 34 11 94 90 49 97 7 88 21 12 84 2 21 72 81 11 39 70 76 64 85 63 62 83 93 82 56 56 12 28 96 45 15 70 38 78 92 50 58 60 58 78 55 59 45 37 47 19 5 78 72 50 12 24 87 36 59 66 73 29 61 68 29 51 52 63 72 97 86 53 44 30 39 15 4 82 5 88 33 60 99 91 31 38 59 8 20 58 40 90 40 39 19 67 53 64 90 33 42 89 74 53 8 41 7 63 73 16 45 72 82 79 67 54 96 70 73 58 1 94 79 1 98 31 27 70 13 26 73 24 89 98 99 91 92 38 5 70 8 3 8 30 39 21 52 10 13 92 96 20 75 88 22 39 93 48 31 20 52 81 45 79 60 70 6 12 43 64 76 77 50 86 39 7 47 27 96 2 24 48 72 36 88 83 11 51 69 34 74 59 16 74 49 44 96 46 
1 71 13 87 37 28 56 1 42 33 23 45 52 16 77 53 7 61 82 9 45 2 5 47 9 24 11 53 40 64 70 66 86 13 54 76 91 10 34 24 5 47 83 2 75 67 78 54 54 67 94 78 93 92 11 21 47 42 8 80 72 65 65 8 25 64 68 6 63 90 99 28 50 50 46 79 45 97 96 17 13 42 39 48 18 42 64 35 28 9 65 87 10 5 36 70 34 42 72 95 71 88 70 32 95 60 30 96 80 25 50 58 3 5 33 38 38 69 82 9 68 43 4 94 72 99 2 71 33 67 86 65 34 23 66 55 60 96 52 72 99 68 57 98 41 72 96 66 72 91 84 61 87 61 40 20 78 71 81 30 40 58 29 32 69 13 5 16 63 78 33 26 23 47 38 56 47 64 47 51 39 28 89 10 4 85 94 81 47 36 92 65 74 32 18 15 96 76 5 33 
13 54 22 61 19 75 54 13 18 96 77 4 31 9 42 29 89 64 7 44 30 70 38 61 99 94 12 51 51 61 10 42 45 50 22 20 52 4 46 27 48 19 88 66 19 50 62 96 56 13 90 35 60 75 1 57 39 68 31 95 10 77 26 41 94 48 38 41 27 83 28 4 45 41 64 90 96 41 23 25 37 58 88 86 28 27 51 13 41 38 13 98 55 40 78 97 55 42 65 21 37 7 95 36 2 57 99 70 58 74 17 9 26 96 93 92 28 20 83 22 99 98 50 55 81 43 61 7 21 24 96 51 76 68 41 20 11 60 87 1 97 45 37 41 16 21 99 46 54 48 91 77 9 43 37 57 81 79 68 61 84 88 26 26 38 61 59 46 67 45 22 73 8 45 78 16 2 25 1 41 1 6 68 74 61 65 67 98 50 42 92 54 41 30 48 40 16 80 43 12 
98 84 33 28 98 65 95 63 15 41 56 84 47 65 60 63 33 79 88 60 50 14 63 27 14 87 45 1 78 9 32 10 39 75 64 71 28 75 20 92 18 82 14 68 21 62 3 81 85 68 81 8 3 45 84 8 1 23 84 34 46 23 92 26 46 55 61 15 46 20 80 18 31 4 78 43 25 85 24 87 90 31 25 38 29 94 27 68 81 23 16 42 29 47 17 14 89 91 92 25 22 67 46 6 23 75 19 78 29 5 92 50 16 34 86 21 96 33 59 76 26 57 9 95 96 52 72 42 39 54 27 71 24 87 86 27 62 64 6 42 2 87 78 37 30 48 36 24 75 27 50 3 2 93 31 62 16 6 30 79 61 12 33 24 21 48 70 49 17 41 7 3 11 4 48 18 3 41 41 17 33 47 68 14 78 2 52 10 57 76 56 95 27 33 80 50 81 19 65 42 
68 71 22 35 6 48 66 47 99 12 46 64 83 60 17 83 81 38 28 46 18 35 22 38 9 85 41 94 67 69 19 90 1 13 86 52 13 85 70 45 2 6 90 84 61 32 64 29 80 73 4 82 44 81 16 96 32 53 2 64 20 31 61 27 76 3 85 70 69 3 64 24 58 8 80 66 99 44 13 17 45 79 37 43 42 29 21 58 33 52 31 19 55 54 26 28 41 85 63 34 19 41 91 29 13 64 59 54 42 40 6 91 20 99 69 71 55 21 81 67 54 26 70 2 16 82 58 37 37 4 62 86 7 47 96 4 11 18 70 91 33 63 87 96 47 77 46 10 28 2 42 68 40 19 64 55 47 61 99 98 8 3 27 71 74 64 23 91 95 12 58 23 16 57 1 75 72 57 10 2 3 15 45 4 34 75 57 25 92 33 95 56 98 25 2 33 67 34 14 36 
