200 60
37 84 41 39 13 20 82 60 86 5 98 4 29 55 62 10 75 28 88 92 84 80 88 89 90 21 34 20 60 69 5 43 53 13 51 13 73 60 46 32 28 98 44 12 81 52 35 28 15 36 5 73 79 12 84 19 55 46 14 66 5 67 94 7 30 18 44 74 30 13 56 6 56 98 55 94 68 5 49 47 92 4 94 39 73 65 42 73 36 13 2 34 37 79 91 43 23 67 3 18 87 97 45 27 28 73 14 45 97 32 38 12 65 3 41 83 73 61 94 96 88 89 77 16 63 27 29 96 89 32 8 37 55 35 44 39 1 93 3 58 74 54 32 66 90 2 25 3 85 19 73 34 70 45 25 9 92 28 38 13 88 81 42 28 39 43 86 86 31 28 4 28 7 89 64 55 26 69 30 89 18 58 11 29 39 51 26 5 31 3 52 36 74 84 87 84 46 42 3 16 
89 88 85 86 9 60 70 71 60 14 21 56 14 70 58 43 61 59 19 81 4 96 36 51 28 68 19 42 87 14 40 35 88 4 8 86 67 22 54 4 71 47 15 33 42 37 8 36 94 3 17 72 4 97 72 81 76 93 34 63 42 63 68 60 28 62 34 37 42 12 60 62 55 74 28 92 81 43 56 48 60 14 74 1 36 75 11 49 41 85 73 3 75 50 26 65 90 13 74 11 66 27 46 68 95 43 71 5 67 86 62 2 41 41 1 38 36 28 11 75 6 91 47 33 23 74 72 72 62 3 40 80 75 66 74 46 80 99 53 45 35 65 88 19 25 30 7 59 39 53 32 84 55 61 66 26 20 33 68 6 28 79 40 20 6 26 5 18 92 93 85 84 20 77 93 23 94 31 4 35 80 48 35 98 76 41 39 55 2 23 73 86 73 90 85 1 91 5 95 5 
93 80 26 38 2 15 64 64 11 72 94 86 36 52 41 59 16 90 5 77 18 65 73 81 46 8 19 66 46 3 13 84 14 99 26 58 98 15 38 77 11 41 42 13 28 53 51 19 3 12 8 39 65 72 84 18 34 90 93 98 17 28 93 37 23 58 93 3 66 75 62 89 68 97 31 18 72 74 2 41 42 92 53 57 71 84 47 9 92 30 35 90 77 66 63 59 48 95 79 36 79 85 39 13 10 79 13 63 44 4 91 42 58 71 91 95 13 89 63 68 49 64 95 6 5 9 23 66 14 50 33 20 16 32 68 61 62 25 38 14 19 30 22 33 79 86 73 17 63 75 31 9 28 31 24 8 72 42 73 70 46 60 6 19 50 5 51 48 49 73 58 32 74 42 92 28 30 75 49 83 99 32 54 45 55 70 72 59 58 54 16 84 71 63 48 95 58 91 88 86 
39 11 7 77 53 27 63 35 95 36 6 76 88 6 63 96 76 91 49 92 49 67 91 97 79 57 64 12 49 67 16 31 85 18 7 80 86 72 35 44 57 69 69 99 40 55 80 44 43 14 73 31 74 97 17 95 72 60 76 91 35 87 43 20 55 28 68 58 49 23 89 96 88 42 69 65 30 8 19 65 48 35 35 3 69 54 27 20 97 49 52 22 47 82 44 14 77 33 43 29 21 21 31 59 16 44 59 88 35 6 82 24 21 46 87 25 14 78 26 36 84 13 46 19 65 93 22 79 81 24 86 7 81 8 63 97 69 68 93 87 35 88 75 88 88 40 85 14 84 12 17 13 61 45 10 98 68 60 80 84 94 93 52 11 8 24 89 78 77 5 27 78 10 99 1 25 80 8 82 86 62 96 5 15 58 35 99 78 34 26 24 93 48 32 93 55 80 11 14 67 
3 49 30 37 40 3 12 29 37 17 13 62 74 9 91 41 22 38 19 88 95 56 42 3 10 69 36 12 38 92 59 32 67 7 15 20 52 11 1 34 76 84 72 87 2 39 90 5 31 75 87 78 62 44 16 28 42 93 6 48 26 34 26 76 32 89 34 38 98 55 38 13 39 54 46 80 98 92 30 87 13 18 76 96 60 71 45 43 21 48 26 94 31 53 91 7 42 54 59 75 72 42 40 97 69 82 4 25 60 78 27 23 12 20 53 23 84 44 51 80 90 90 64 33 48 57 75 54 41 58 57 12 70 78 29 20 14 28 16 3 81 4 3 42 72 40 90 40 29 70 52 71 94 77 92 45 71 54 97 52 73 59 98 30 84 70 23 14 15 45 51 94 56 73 76 76 38 35 55 30 87 56 68 50 78 65 78 13 95 50 77 32 84 13 54 12 12 27 42 9 
83 9 61 68 28 71 67 39 13 26 54 42 38 73 43 67 42 15 39 97 90 33 10 85 50 70 69 35 74 17 54 88 83 82 15 98 47 87 83 20 62 36 68 79 37 3 25 66 72 11 43 11 43 16 26 62 75 82 71 75 34 73 54 85 99 22 7 97 50 20 98 59 44 95 21 49 1 94 66 53 79 64 10 47 65 32 88 80 45 85 86 53 94 60 13 1 52 12 84 74 9 5 9 20 81 89 60 62 1 85 66 86 84 61 86 17 29 18 95 97 82 65 61 79 27 12 27 93 65 36 97 39 96 75 12 60 98 2 32 29 10 8 21 29 12 85 22 30 9 7 45 76 9 7 43 64 6 64 95 24 62 81 91 3 85 67 7 41 16 18 85 59 1 98 28 38 82 23 63 95 75 36 34 74 47 95 80 17 3 52 17 53 63 32 16 74 48 17 89 22 
49 98 66 33 34 99 93 39 92 18 54 85 63 30 51 47 91 11 1 52 41 41 39 83 97 12 26 91 71 31 54 95 13 31 52 91 7 73 94 58 90 56 3 63 52 19 58 71 38 50 2 46 62 93 46 62 12 54 76 7 48 3 60 85 20 83 54 35 67 24 6 22 24 34 64 52 31 16 85 77 36 72 38 2 3 11 8 86 18 48 8 56 95 19 81 9 85 82 9 15 77 27 15 31 7 75 75 2 63 96 21 66 97 4 46 68 24 68 13 55 30 20 58 92 79 58 4 64 23 53 54 80 1 57 12 85 51 9 75 63 13 37 53 40 38 70 64 96 90 42 48 71 60 95 67 67 61 93 17 55 44 21 31 84 2 92 83 88 70 58 2 86 43 13 70 97 69 96 32 38 66 7 3 35 22 1 72 29 4 3 10 80 63 13 74 76 42 7 19 38 
65 60 81 21 94 25 60 91 60 88 70 90 76 85 7 96 4 46 28 46 84 21 89 63 66 18 69 96 41 29 3 42 71 67 14 83 25 91 45 17 4 43 91 83 73 73 26 3 2 76 37 3 81 21 58 50 66 80 97 83 1 64 67 41 52 52 23 97 42 18 84 90 75 70 74 53 74 76 46 46 8 97 19 88 23 19 2 88 77 79 33 75 71 7 5 31 74 43 99 19 61 83 18 19 43 99 10 56 93 76 10 32 87 41 63 57 25 95 61 82 67 45 67 27 69 33 55 14 4 70 36 99 1 65 87 4 72 58 90 44 49 50 58 63 8 34 64 63 4 28 77 35 3 5 92 90 11 24 61 94 7 61 23 93 74 44 35 51 29 76 8 72 56 77 32 45 35 6 11 60 76 96 91 51 48 88 98 22 13 57 63 77 50 46 51 56 99 97 2 62 
19 60 59 5 20 66 6 61 62 61 65 23 48 79 2 86 18 20 95 39 3 98 94 19 84 11 77 64 51 80 5 75 51 23 78 70 53 96 94 37 96 60 5 95 55 30 66 49 87 38 3 43 94 82 58 20 78 88 56 77 95 65 50 22 16 57 87 29 74 7 60 93 33 4 62 91 33 47 45 35 54 99 79 25 65 43 2 12 90 34 80 49 53 63 64 52 43 8 45 51 66 91 9 50 4 37 92 81 65 25 46 63 50 50 81 55 98 76 31 13 52 91 8 49 5 69 54 84 66 20 7 7 11 46 46 27 39 5 55 34 33 58 76 54 8 34 66 3 75 75 54 44 95 6 94 47 33 79 27 39 17 36 30 64 89 64 80 43 73 51 6 20 18 42 42 27 59 94 91 38 77 37 77 25 53 22 97 12 20 85 88 34 26 3 72 94 85 41 19 18 
23 87 88 63 77 78 98 72 48 7 6 31 13 33 42 61 32 38 18 44 32 97 96 98 85 69 79 64 93 70 87 81 64 59 40 72 1 18 38 24 71 34 43 69 3 78 63 65 52 91 29 77 94 61 77 60 1 2 32 38 17 42 86 87 52 2 82 15 54 73 94 44 92 2 7 90 38 71 98 48 48 79 24 67 44 26 92 38 93 86 52 69 92 97 66 72 46 40 2 40 51 16 3 29 72 33 79 43 31 82 82 9 80 24 87 63 89 65 78 30 25 45 25 5 30 8 63 33 7 95 81 93 98 21 99 77 71 49 48 73 90 85 50 44 9 47 6 12 43 53 70 34 56 1 35 92 39 47 11 68 93 91 9 24 10 59 19 87 49 74 96 31 27 52 37 53 93 71 63 60 13 60 2 48 46 75 68 80 31 85 46 74 67 51 67 78 91 4 96 55 
88 85 69 88 94 37 10 77 64 60 10 60 1 12 7 45 29 31 16 30 99 49 27 7 98 95 19 65 48 98 62 4 19 2 27 33 30 60 85 82 60 52 24 5 53 85 43 87 22 99 70 52 55 77 59 67 26 47 3 48 96 90 34 70 25 50 35 67 68 33 44 47 94 18 58 86 85 61 44 49 40 7 39 83 89 85 62 32 91 28 20 38 49 66 7 50 7 44 21 30 61 18 61 59 67 68 39 43 46 3 83 19 85 65 47 62 53 38 12 89 96 51 94 71 56 89 58 32 65 95 9 58 58 78 12 9 80 18 90 13 87 73 39 85 58 88 21 25 97 97 82 28 42 31 55 86 69 24 62 4 2 19 25 91 12 77 72 82 33 79 40 34 59 36 85 36 58 90 86 13 72 27 51 35 28 79 25 23 39 31 94 54 17 28 95 67 72 79 18 70 
62 88 16 96 25 25 85 6 19 81 59 40 67 64 82 25 97 99 70 24 66 71 34 69 99 44 16 94 17 2 22 65 63 74 47 9 44 69 13 47 54 8 94 28 8 47 56 56 73 20 75 24 1 61 82 43 55 43 86 76 48 2 8 66 66 69 10 70 7 11 29 89 6 47 8 1 68 92 25 86 5 82 28 69 56 8 60 40 29 40 98 87 26 72 80 37 76 42 34 72 67 65 13 74 77 68 27 49 3 19 69 58 94 56 55 52 85 24 45 99 25 2 81 22 5 32 17 20 96 57 47 8 80 49 43 45 72 36 79 66 64 40 68 13 47 6 87 62 44 29 16 65 47 92 62 69 39 95 96 55 32 82 79 66 98 78 99 41 96 18 96 42 9 74 98 89 66 97 52 92 85 38 52 77 98 80 71 22 81 79 97 84 86 83 60 40 76 70 59 4 
94 43 23 5 22 52 99 4 26 85 60 58 34 6 90 77 82 85 19 61 75 66 62 57 40 14 95 14 79 74 93 40 36 32 1 56 40 61 77 57 73 89 60 65 19 46 20 83 20 24 13 58 37 36 42 31 5 65 11 92 84 29 79 48 24 30 22 63 12 12 81 27 36 22 27 5 36 60 11 95 64 39 22 90 36 38 45 23 94 63 16 33 57 98 75 16 79 68 31 83 7 86 8 20 33 17 6 34 56 31 60 20 35 60 91 13 43 54 67 42 28 38 54 90 67 66 76 48 21 80 72 73 92 65 49 42 83 6 40 9 48 40 61 63 52 21 65 83 26 67 2 94 26 23 70 23 83 13 76 54 68 97 89 89 40 32 1 2 8 20 74 88 81 69 9 33 35 53 88 60 56 58 45 87 6 49 9 87 76 21 70 40 41 52 29 89 19 68 58 5 
65 86 81 21 51 13 58 2 52 17 87 28 40 72 96 68 40 9 2 36 8 97 94 80 15 31 20 58 26 6 59 23 83 1 9 2 84 61 66 77 69 78 6 71 94 72 63 21 20 70 17 65 87 92 68 24 2 29 22 78 15 23 68 54 2 50 67 99 47 6 23 72 25 77 71 15 78 33 59 38 1 97 23 4 20 39 76 4 75 44 82 42 5 4 43 17 18 94 77 1 85 55 99 22 16 73 8 45 37 63 56 56 78 49 43 38 52 45 90 55 34 36 25 35 44 61 55 48 31 93 62 88 49 21 70 59 40 27 37 47 20 74 27 9 51 85 99 52 32 22 85 13 73 66 71 42 81 5 78 81 38 8 45 50 83 12 8 21 95 98 81 6 73 77 45 32 17 67 15 32 8 79 33 13 93 93 45 48 63 44 84 53 37 97 48 69 37 39 83 42 
68 79 92 60 37 13 35 79 51 36 49 27 69 29 8 4 8 66 47 59 44 25 63 96 27 87 31 83 76 53 97 51 97 39 97 6 81 92 56 33 13 90 94 6 75 51 38 87 63 36 22 42 78 59 94 35 44 95 30 47 9 79 27 73 52 18 21 33 89 94 88 74 83 76 50 85 44 20 83 91 38 73 23 69 95 91 68 49 16 35 95 24 72 77 53 52 20 16 77 67 1 69 94 80 53 95 29 91 12 85 6 90 21 81 62 67 35 72 49 16 30 7 40 41 4 99 38 65 88 33 78 35 53 67 39 26 8 46 43 50 17 1 69 61 98 59 53 62 34 51 97 10 73 13 77 23 43 95 46 87 48 72 38 62 83 40 84 87 38 31 8 87 98 16 37 78 60 9 10 78 31 79 80 7 36 52 22 96 27 17 39 94 85 33 70 75 32 38 93 40 
36 97 19 79 8 26 8 77 83 21 8 19 36 80 16 58 21 76 26 94 6 93 64 3 2 52 11 60 98 45 43 80 87 67 56 47 4 45 1 41 47 73 13 74 20 38 43 19 55 56 91 40 51 99 34 28 97 34 58 28 12 40 93 69 66 56 40 2 22 2 2 23 60 9 19 11 11 58 95 54 87 7 35 86 16 19 69 11 64 99 88 41 79 24 76 23 13 69 36 71 55 47 26 2 64 32 90 58 3 94 87 45 59 33 25 61 89 5 86 30 42 55 68 28 91 50 7 20 68 11 10 85 92 36 90 56 2 45 94 43 83 99 36 68 11 39 26 95 64 11 2 65 73 3 64 19 40 73 3 39 76 82 30 72 28 23 11 66 13 54 98 96 48 29 58 4 83 28 5 18 32 91 32 93 98 48 42 42 17 47 79 60 75 89 60 61 50 61 5 9 
30 74 54 54 49 17 17 48 5 84 27 85 46 69 6 4 28 48 59 57 74 40 39 69 27 60 93 89 7 81 30 48 67 83 63 15 53 13 80 54 55 40 89 79 65 15 81 15 36 21 82 45 32 33 14 74 91 76 43 85 80 77 46 90 47 24 59 90 79 21 37 32 62 45 9 62 33 3 34 85 39 84 59 20 89 23 73 50 17 50 65 91 31 49 80 39 75 16 73 25 82 11 69 78 32 18 17 78 6 2 45 11 44 58 20 25 3 79 99 91 9 2 93 53 15 67 15 88 59 77 39 63 21 51 60 87 72 79 47 71 40 81 97 84 59 63 97 8 30 71 75 91 73 51 58 14 88 2 31 34 7 30 87 50 51 13 91 53 89 47 31 86 92 12 73 1 90 18 25 10 28 69 82 46 20 18 93 19 10 20 12 70 24 91 51 29 30 63 45 70 
15 10 45 85 21 10 99 8 13 7 89 19 48 2 82 9 23 18 78 34 61 88 93 99 92 35 41 39 34 49 12 95 69 74 53 8 34 85 58 84 92 71 36 88 23 17 2 21 96 80 54 97 60 82 56 33 15 78 18 21 99 45 79 17 72 60 85 17 89 85 75 41 90 43 58 14 75 5 95 44 87 64 82 9 95 25 32 33 74 78 51 70 85 87 26 85 59 65 2 36 75 56 63 52 45 21 17 17 90 14 73 51 29 64 25 90 52 62 32 72 6 33 99 8 76 25 62 74 64 85 61 87 74 47 29 88 88 2 71 21 53 90 45 15 57 79 41 67 15 42 67 24 46 39 25 58 57 5 97 56 24 21 24 94 72 4 84 24 57 83 82 48 48 84 22 8 7 8 91 60 69 13 46 60 28 95 87 43 13 73 43 4 72 66 51 78 54 74 40 30 
97 12 45 89 51 28 12 41 83 22 73 64 38 83 84 52 80 34 69 32 95 34 29 71 1 84 46 85 48 39 93 42 32 8 41 67 96 62 56 56 39 44 19 73 19 68 19 61 62 32 70 48 69 20 13 53 20 13 16 91 78 86 91 81 5 29 97 51 54 36 41 45 89 25 88 29 81 38 69 96 20 48 84 77 19 65 12 40 20 44 11 1 4 89 31 29 90 62 18 54 51 86 17 70 10 54 83 45 51 33 84 23 29 71 11 32 69 6 76 94 78 67 31 27 49 85 61 48 66 97 1 89 13 52 35 95 75 19 5 34 54 89 18 1 64 89 51 26 47 81 59 80 70 70 78 82 41 13 34 2 7 22 49 70 63 72 45 83 62 8 53 10 16 47 18 96 4 91 7 72 77 30 10 62 72 42 53 81 6 11 1 54 88 24 62 11 31 83 98 98 
59 8 96 48 47 93 55 4 68 40 98 67 2 73 97 30 16 78 75 52 94 27 35 1 71 10 96 74 59 70 27 40 85 30 68 61 17 28 70 31 94 43 26 1 66 32 93 13 15 58 39 35 92 22 57 84 48 93 11 67 62 45 55 2 77 77 76 56 26 57 15 76 67 43 3 19 15 22 93 81 68 33 91 32 45 9 85 45 12 96 76 28 15 96 15 55 13 91 25 97 5 74 40 56 67 83 34 89 78 33 51 50 56 45 37 11 82 77 71 98 42 59 98 25 47 17 58 19 71 13 17 54 82 69 1 86 72 4 23 78 85 59 19 36 55 36 78 37 33 21 70 60 17 23 80 23 85 96 40 7 32 82 58 91 87 34 50 83 61 46 73 52 64 90 53 56 47 46 20 76 25 31 35 47 15 29 26 88 61 27 15 37 73 44 51 74 49 60 43 64 
46 7 47 19 44 81 52 26 47 40 43 42 14 4 78 46 38 75 75 81 2 97 67 6 29 10 62 53 47 5 94 88 40 82 86 62 6 9 98 68 10 71 93 2 45 32 83 9 87 91 94 53 50 36 17 62 39 99 64 89 15 20 29 68 43 90 40 70 52 23 17 58 92 97 27 46 86 24 40 51 93 93 88 55 57 39 22 56 67 89 58 26 16 26 49 69 49 38 30 74 30 80 75 77 88 28 62 8 82 35 17 55 49 88 77 20 66 64 51 69 7 87 64 95 92 81 25 72 53 32 73 8 83 37 44 6 94 68 19 19 76 23 82 4 50 82 81 79 24 68 76 84 52 97 3 31 90 42 25 60 49 78 90 2 56 52 92 28 4 27 18 11 14 45 9 77 89 83 18 66 72 8 65 84 98 30 91 63 53 65 19 15 33 85 2 88 92 80 89 25 
61 34 76 30 51 29 46 87 95 94 65 34 85 42 61 30 74 3 59 47 58 9 68 46 55 70 61 59 86 61 55 72 61 99 95 4 54 27 33 90 89 90 7 62 19 27 29 28 6 39 61 57 6 80 95 59 47 35 42 62 12 99 2 99 18 64 55 90 3 93 38 16 97 8 27 5 16 65 16 14 31 42 3 10 59 15 65 49 38 39 49 59 11 35 40 21 5 64 53 49 17 16 10 73 90 81 21 22 97 43 67 97 23 48 81 64 41 95 26 27 2 16 80 11 7 51 18 44 94 35 86 40 22 78 95 74 42 47 88 73 88 44 33 88 54 91 94 81 74 10 24 4 10 3 34 78 22 33 82 81 59 10 55 23 39 65 43 29 25 38 27 21 9 54 59 98 95 7 41 21 81 42 8 88 35 33 7 20 78 67 82 41 72 25 54 58 91 62 99 46 
18 87 40 43 21 46 3 44 91 18 26 23 37 35 32 7 68 23 48 70 6 6 14 38 85 12 88 94 65 79 56 85 32 67 32 30 6 54 67 22 49 52 61 39 69 5 59 48 28 3 65 10 48 82 44 89 15 36 30 57 87 15 35 99 4 41 47 23 83 7 47 58 41 85 7 73 84 38 97 72 27 15 1 6 89 66 7 74 11 48 25 39 50 26 92 23 94 83 75 21 68 28 77 5 32 95 48 27 97 58 85 32 28 33 43 57 45 82 40 44 38 24 61 39 66 38 68 6 70 71 4 27 72 44 98 11 85 56 75 99 21 93 59 76 93 35 80 66 26 56 82 49 58 39 27 60 50 77 1 99 92 80 22 40 9 82 47 28 63 45 76 93 68 68 59 57 87 94 2 34 47 14 72 40 35 70 10 1 14 70 27 55 25 86 18 61 91 66 63 6 
46 39 41 49 97 44 57 70 98 49 47 78 17 70 91 17 31 86 6 55 70 66 64 22 42 5 39 34 63 50 25 32 91 40 76 5 58 27 33 27 96 13 55 87 75 80 54 20 31 25 22 36 93 80 63 56 27 59 28 38 49 77 41 14 74 85 34 13 36 5 77 3 22 54 10 13 6 80 71 68 75 96 32 23 67 5 26 87 97 31 83 61 89 58 56 67 11 55 56 79 97 7 82 52 92 50 52 59 73 99 33 17 81 82 76 19 58 66 45 68 71 97 46 8 51 22 63 48 16 26 84 6 9 62 39 29 24 81 22 31 44 66 32 18 65 59 98 28 31 96 12 54 65 37 59 79 98 97 52 9 7 78 60 98 35 98 38 87 33 26 62 30 85 9 59 27 43 7 37 54 54 22 17 97 93 31 62 82 1 15 16 4 1 90 24 59 45 45 71 80 
95 76 81 57 28 9 14 14 13 53 67 32 8 49 33 36 51 42 62 82 18 40 19 22 77 73 38 50 47 44 84 67 49 90 4 37 70 37 85 35 13 53 11 13 54 10 16 49 2 34 45 10 52 67 9 99 42 19 36 24 8 27 36 40 44 10 49 16 55 23 9 87 12 20 90 11 14 2 76 23 36 78 5 95 94 24 29 92 96 29 74 25 98 64 94 7 62 28 24 14 14 12 40 38 92 47 14 44 18 69 71 25 35 70 46 60 77 54 36 69 24 97 60 71 49 98 16 37 86 41 35 50 78 46 36 58 37 29 88 34 98 57 59 27 79 3 77 23 33 5 86 1 6 18 99 83 93 75 59 2 97 43 89 44 82 72 56 17 27 61 20 98 88 10 96 96 53 72 7 4 92 18 39 54 24 85 1 81 62 40 79 69 79 28 93 16 56 34 54 83 
25 32 93 81 98 51 12 93 53 14 29 78 45 98 15 89 30 24 32 53 48 23 19 55 6 28 71 19 54 49 18 88 76 59 10 10 59 72 96 9 83 25 8 78 1 58 37 54 15 99 20 99 64 42 17 84 3 28 94 68 79 29 7 79 23 27 77 98 21 95 77 38 99 82 10 26 10 88 89 81 2 51 26 6 12 24 2 51 41 60 57 13 37 90 68 6 76 7 31 45 43 43 39 29 13 58 68 18 32 12 56 20 99 52 85 68 49 92 61 3 30 96 95 52 88 55 87 18 46 71 6 48 86 38 66 28 32 24 19 53 27 50 23 17 19 73 34 85 38 70 78 86 82 11 43 83 93 47 49 61 43 93 36 5 12 3 45 83 68 53 97 30 56 27 75 19 70 89 6 56 38 78 40 51 6 74 36 4 12 89 38 84 76 46 59 13 77 60 61 44 
70 86 16 25 55 54 75 25 86 50 8 21 54 24 35 66 59 7 43 94 26 12 93 25 5 43 27 74 77 2 70 55 67 92 41 89 41 31 59 12 17 46 45 74 73 88 32 54 51 40 71 60 61 14 37 40 91 66 32 82 16 99 98 30 90 68 16 78 74 87 18 87 24 39 87 85 4 73 72 76 94 24 86 44 94 4 17 61 32 20 31 93 64 75 82 10 92 76 16 79 58 38 76 89 59 92 12 44 47 93 82 71 41 22 65 34 29 93 60 28 74 65 99 96 27 42 49 31 22 79 17 80 92 95 61 56 72 70 93 37 3 60 86 79 41 96 82 18 63 96 93 78 71 66 14 77 2 13 24 34 31 42 94 70 77 72 97 25 15 36 9 54 73 88 13 36 46 13 15 85 98 26 41 51 72 86 49 26 91 1 32 55 69 27 25 37 14 82 13 36 
9 56 97 95 68 8 16 26 54 8 36 1 11 37 9 57 55 69 23 37 5 99 33 21 12 76 94 60 90 34 93 4 54 23 74 35 40 39 77 97 46 59 64 32 59 69 54 3 85 95 51 31 86 37 77 28 3 96 4 21 92 12 82 89 58 87 75 94 81 24 87 12 50 51 98 57 90 58 93 26 4 27 93 18 89 59 85 71 81 13 58 95 79 29 30 97 77 65 78 18 97 27 75 58 18 97 18 17 10 70 56 17 62 80 27 37 19 35 86 45 3 43 37 27 56 53 64 20 65 73 63 44 90 16 71 30 6 16 1 54 21 71 70 68 17 72 32 31 77 28 9 38 21 4 20 55 27 49 15 48 74 28 8 16 66 55 3 18 66 22 27 9 26 29 65 71 19 19 87 40 70 7 81 42 87 11 83 22 94 83 11 73 59 46 92 73 27 14 98 12 
50 66 7 49 72 98 86 84 13 38 51 67 7 28 18 60 41 65 85 59 13 60 88 51 88 88 61 68 53 52 83 46 74 34 45 77 53 53 99 70 83 22 19 7 4 1 50 91 61 58 74 17 59 21 61 13 19 38 23 8 36 29 73 79 33 46 85 17 19 29 42 73 42 58 98 23 52 15 35 17 50 35 14 41 48 68 35 70 24 30 94 27 79 62 39 35 95 84 21 76 86 56 58 49 60 28 85 23 70 1 17 91 77 79 95 38 99 33 54 79 71 48 71 34 3 83 24 69 30 31 48 63 76 67 92 56 6 14 75 14 78 90 41 74 13 73 16 15 33 49 64 98 32 73 46 36 26 26 72 40 8 67 60 82 9 94 88 51 48 98 60 3 96 18 50 22 25 98 68 79 68 46 9 83 75 87 16 39 67 21 30 4 97 76 51 43 2 70 92 90 
77 71 41 65 63 31 84 60 10 96 79 27 24 42 94 93 82 19 11 56 16 36 2 59 83 46 11 80 62 21 38 8 21 36 21 23 7 50 11 84 23 88 58 4 12 22 92 31 37 49 6 35 61 79 29 84 32 12 19 27 59 14 35 75 98 11 23 83 30 58 95 31 44 30 14 4 18 92 68 74 98 95 58 84 86 43 77 24 13 81 91 14 23 78 20 90 57 6 20 80 32 16 63 84 21 31 21 62 39 17 44 9 17 66 42 38 89 85 69 62 74 66 1 77 51 75 17 40 45 31 84 49 10 83 35 31 3 3 51 15 72 52 42 20 37 73 30 31 66 68 27 86 62 77 20 52 40 65 48 8 11 95 88 26 61 21 35 54 35 55 77 95 17 60 86 91 9 25 94 99 17 50 73 80 26 24 21 73 88 7 36 79 1 12 6 45 83 88 83 40 
92 20 54 45 63 89 83 92 85 41 3 1 92 62 7 79 66 31 43 75 46 20 18 88 34 5 6 71 99 66 50 37 89 3 74 66 30 30 86 15 36 91 84 16 16 65 63 90 78 66 21 52 38 56 65 11 23 47 22 82 78 10 34 94 76 79 76 92 20 62 57 42 49 39 26 43 48 74 77 27 50 23 61 71 48 35 87 1 93 60 29 93 10 59 32 90 92 4 22 99 22 87 8 2 62 31 89 57 75 88 63 14 21 51 29 11 64 57 95 84 85 95 90 80 81 14 58 49 76 23 76 63 24 6 53 17 16 21 39 35 88 9 33 76 27 1 85 44 74 23 5 88 35 3 69 18 81 75 26 96 65 90 1 60 14 20 5 16 46 58 39 51 73 37 2 40 8 24 94 47 66 34 28 39 80 32 30 82 99 44 48 58 97 56 60 65 80 28 77 23 
91 67 84 39 54 93 48 38 51 14 65 71 23 72 33 28 58 59 19 5 31 39 82 43 26 87 16 59 70 17 68 73 71 14 83 42 39 63 24 89 24 86 8 40 43 67 37 46 17 86 31 24 95 52 56 81 93 30 56 48 19 73 85 13 6 61 40 48 43 20 87 45 11 61 99 44 5 12 83 64 74 43 11 37 50 4 51 37 72 51 4 12 30 82 27 16 85 64 70 37 8 67 6 34 4 93 58 62 50 11 38 9 25 82 71 21 35 98 34 39 53 8 76 29 45 48 61 10 3 78 91 86 74 10 44 83 94 37 97 73 21 68 67 9 57 58 32 55 92 40 70 18 27 51 88 79 6 73 52 24 49 55 20 75 83 51 70 23 74 45 37 56 57 87 38 94 64 26 8 19 64 31 28 2 86 37 58 40 53 62 69 87 15 50 71 82 77 94 50 81 
83 14 57 58 30 84 71 42 57 87 87 49 47 47 33 72 34 17 64 63 59 34 24 86 33 78 98 76 82 29 73 91 15 15 91 75 70 79 4 8 78 30 32 63 16 97 21 68 60 92 98 56 50 59 26 22 38 36 59 83 46 6 5 32 26 58 71 91 13 41 33 73 81 20 80 37 1 32 77 38 95 46 21 93 97 13 92 30 3 26 17 47 30 78 20 68 74 14 81 99 66 89 93 84 23 27 17 64 10 71 35 27 96 47 13 71 8 12 54 56 85 19 52 62 42 64 51 46 17 52 2 94 35 45 15 85 60 22 21 40 51 34 24 79 20 64 57 82 88 77 44 43 42 82 47 22 87 83 31 9 11 42 16 71 29 26 31 21 50 72 77 58 29 40 77 39 23 68 36 24 46 29 93 37 30 87 84 23 76 56 91 2 13 52 4 25 53 52 72 34 
74 69 52 94 48 87 35 75 89 78 43 36 23 2 69 35 33 60 59 17 47 84 93 92 19 11 69 21 8 66 78 90 58 47 89 1 86 1 34 43 56 7 79 80 62 59 19 33 13 47 45 54 9 36 36 16 24 47 36 86 92 43 35 16 81 5 51 12 78 15 10 27 71 38 29 35 27 5 98 16 75 87 59 32 90 86 86 17 70 11 72 49 20 56 4 37 29 88 46 1 59 27 24 51 20 21 4 73 50 35 69 6 5 28 13 24 28 35 5 19 42 49 86 80 24 3 42 76 86 47 84 38 63 35 37 37 86 2 11 66 68 47 91 27 85 16 15 3 57 77 52 45 25 10 90 53 40 81 12 58 39 27 78 99 26 36 9 8 56 30 63 88 17 41 24 1 5 99 76 39 12 12 87 16 5 41 93 42 4 88 72 5 70 77 35 55 82 29 98 85 
37 86 19 46 61 76 78 28 77 2 32 63 71 49 67 90 35 34 35 75 81 99 59 19 46 29 39 62 91 49 55 92 22 37 80 52 77 23 80 41 51 6 24 27 89 47 86 48 99 86 60 21 57 47 54 46 9 34 6 17 84 52 86 21 97 2 6 52 55 93 17 10 61 46 29 14 25 2 5 1 69 25 73 41 31 11 34 34 71 95 62 25 83 56 16 2 92 21 45 8 69 74 90 46 33 63 98 84 55 3 22 62 70 84 26 98 79 81 1 96 59 52 57 49 62 51 45 47 31 32 49 84 96 55 1 63 92 93 83 4 53 38 38 45 28 6 69 59 79 45 54 47 97 41 44 54 98 24 74 71 39 72 69 43 13 24 49 74 65 75 34 34 96 95 55 63 67 26 54 83 6 90 96 97 12 2 72 2 68 63 5 87 42 82 56 49 92 69 35 93 
11 83 39 56 91 26 86 12 6 12 81 34 22 59 64 37 62 12 98 78 36 72 96 87 69 29 56 95 39 91 89 71 1 18 55 47 22 49 87 54 13 38 29 52 57 84 62 60 43 61 42 88 97 48 23 70 14 63 93 92 84 94 9 25 30 30 16 56 36 88 91 20 77 53 71 31 56 1 77 11 27 34 57 26 32 12 6 11 31 81 4 7 33 9 46 89 26 11 73 99 10 86 4 75 29 47 61 85 98 48 14 56 42 21 96 5 17 5 48 73 49 73 39 56 64 74 7 31 18 52 83 94 25 84 27 87 95 11 55 33 64 68 75 61 18 15 15 44 31 68 53 26 97 33 54 56 58 34 94 17 34 45 98 56 58 23 65 23 8 38 5 89 31 2 65 93 82 5 65 59 54 43 26 35 5 50 3 24 92 28 13 12 5 81 72 3 90 45 24 47 
14 4 86 90 75 68 12 12 65 20 98 70 79 39 59 75 89 31 13 43 98 83 38 51 98 28 30 93 28 88 55 40 22 43 12 92 77 78 81 36 1 46 85 2 71 20 48 19 91 48 43 72 48 15 55 58 64 95 37 43 60 9 64 15 4 77 88 43 73 82 1 35 8 20 80 90 68 57 56 57 89 88 59 91 40 93 83 8 74 88 37 41 95 90 1 2 4 64 87 26 58 86 91 42 32 97 51 19 65 59 2 25 28 11 32 83 67 25 42 31 73 64 96 70 29 39 86 32 66 60 77 23 28 97 73 88 17 36 68 69 58 32 6 52 50 70 31 30 26 17 50 59 6 80 87 13 53 63 38 38 36 23 27 15 74 22 64 7 8 92 1 23 39 83 86 71 3 25 25 13 11 76 29 25 16 92 79 49 65 69 77 53 56 9 8 84 94 68 84 29 
32 34 32 80 21 62 42 42 71 41 9 42 50 76 41 94 7 11 69 39 46 3 25 28 21 15 21 1 2 87 34 69 66 24 88 99 78 72 32 90 67 3 20 57 11 94 98 11 16 11 82 38 1 86 37 89 76 3 62 53 24 75 70 37 81 31 69 56 23 86 42 7 38 39 30 50 13 37 13 95 18 69 92 80 78 41 69 49 67 58 27 38 75 8 14 55 1 37 21 60 28 41 69 49 5 34 85 30 31 41 83 11 35 71 48 74 53 3 18 64 17 65 61 65 28 17 60 81 46 30 92 22 64 69 14 78 91 74 35 8 37 41 6 15 89 1 97 31 95 7 81 97 46 10 13 46 55 40 8 78 41 93 31 51 6 8 71 55 21 44 25 93 5 71 78 68 5 45 87 60 79 88 57 8 80 76 29 88 30 13 55 5 8 14 84 59 25 91 40 39 
27 33 80 30 11 73 12 80 30 36 12 13 67 16 26 15 7 95 96 12 31 47 76 77 33 44 28 34 24 63 33 65 35 91 99 15 25 35 67 99 89 23 11 14 62 13 50 32 26 99 57 19 15 21 57 36 24 62 40 45 15 62 63 15 18 24 59 31 45 15 45 97 90 77 20 46 40 33 81 40 76 90 26 83 85 50 54 24 63 10 82 62 21 72 44 57 90 54 97 31 33 86 34 75 46 25 80 61 65 53 9 41 73 93 42 55 8 10 57 41 64 13 94 38 6 70 64 91 64 11 51 63 54 28 22 34 70 90 29 11 1 48 20 35 29 34 43 86 43 75 52 89 40 97 14 23 32 31 13 20 54 17 60 80 70 13 97 73 75 1 4 44 10 93 4 23 56 37 69 27 55 24 30 70 4 90 79 67 64 31 77 42 73 99 62 32 44 18 49 93 
64 48 89 43 21 10 46 38 18 44 11 15 1 79 81 13 4 73 57 67 74 46 69 39 8 10 11 50 79 2 68 10 73 12 58 49 14 19 47 51 98 19 95 81 31 56 79 22 44 55 27 97 42 51 48 13 24 25 64 78 18 28 43 48 12 19 27 42 85 90 64 85 40 7 41 35 31 27 16 15 97 43 43 40 96 9 13 58 31 66 75 70 84 87 76 71 47 96 87 73 52 3 37 43 6 35 40 29 18 70 31 94 30 67 97 49 54 94 5 79 97 63 34 80 95 60 10 85 44 74 32 99 31 33 8 30 64 33 81 18 8 66 67 67 10 56 80 79 33 90 65 82 89 45 32 61 68 23 84 92 71 81 51 72 37 63 19 49 80 30 59 54 18 91 66 35 1 39 83 83 47 73 36 68 72 40 61 67 20 56 42 97 93 46 37 46 88 70 10 4 
56 79 63 67 15 31 32 98 13 72 86 32 22 3 1 72 35 71 52 4 27 36 76 44 8 15 24 4 82 48 17 40 6 51 5 16 35 71 21 52 92 44 38 88 17 51 26 37 22 72 5 36 51 48 6 14 35 28 25 35 48 36 77 65 63 18 58 25 9 3 93 42 26 60 3 12 23 51 48 54 33 90 96 64 68 97 73 77 81 57 17 17 15 72 39 53 60 23 78 64 17 20 57 85 44 64 37 70 21 98 75 43 98 70 84 58 62 81 83 56 79 47 56 19 64 54 9 24 29 13 24 5 41 18 17 5 79 1 96 33 92 87 15 24 53 56 26 86 13 91 45 69 60 41 2 10 79 73 93 94 2 31 50 14 63 89 81 17 64 14 40 70 22 12 72 16 27 92 77 19 3 24 65 36 57 85 8 61 42 26 1 87 10 22 16 62 66 31 58 42 
17 23 8 61 94 76 55 41 9 46 81 32 70 15 73 91 13 19 30 79 71 29 46 25 68 34 87 20 88 20 80 91 64 52 83 89 54 59 77 63 29 8 40 44 48 90 33 30 41 2 78 61 93 25 41 5 22 9 12 36 60 48 86 19 39 70 50 86 65 12 54 25 5 2 99 51 66 40 20 95 78 85 60 85 71 28 58 24 61 76 28 69 29 38 38 22 3 99 93 1 37 7 22 25 96 49 45 97 37 38 69 85 82 90 62 1 15 8 35 79 45 59 23 67 4 62 68 98 14 62 99 78 80 16 15 60 64 73 60 34 68 56 15 98 16 41 68 53 35 40 5 69 35 81 81 77 94 92 14 47 34 81 53 68 5 13 69 30 67 97 33 6 70 68 93 32 37 59 64 91 41 95 3 91 91 64 87 48 12 3 9 65 22 79 38 17 21 70 20 30 
74 23 18 53 43 24 18 41 78 58 95 83 59 79 59 81 75 12 76 9 25 57 83 24 31 4 88 69 43 29 82 85 40 8 39 8 45 19 26 82 22 48 10 66 88 1 60 36 21 1 59 91 58 3 6 66 11 93 24 29 65 3 63 94 90 6 15 27 47 30 8 47 87 66 21 36 67 67 89 48 51 60 9 8 17 47 40 24 63 19 19 93 14 54 61 6 27 29 69 49 1 23 37 22 75 27 57 31 47 44 25 5 67 2 51 95 52 54 60 87 88 92 1 3 38 46 53 6 49 91 31 13 55 60 91 95 87 42 42 88 79 92 41 94 70 39 12 93 15 87 42 44 87 28 95 93 90 42 13 83 57 7 23 55 62 5 46 56 25 26 2 47 15 76 14 7 60 85 17 40 55 9 63 81 62 38 28 5 21 6 17 27 54 88 72 15 73 20 76 92 
88 25 90 1 24 53 73 71 60 8 1 74 95 78 60 85 68 14 46 59 85 54 89 55 57 62 87 71 27 54 38 74 4 30 66 32 90 8 62 44 19 52 7 72 77 5 5 73 45 19 17 29 22 89 89 79 58 83 86 49 90 68 22 86 67 51 88 87 84 3 92 29 15 90 80 4 37 12 73 46 72 23 98 68 13 73 20 86 49 32 66 57 10 23 68 6 84 55 87 57 60 53 42 69 51 89 48 60 29 16 43 47 55 92 21 67 12 20 59 19 33 74 55 86 38 32 57 73 58 6 89 34 71 75 90 5 33 17 41 34 7 34 94 16 95 92 12 19 72 47 86 18 15 77 83 28 30 14 66 30 92 72 26 9 71 87 18 77 64 38 87 16 25 83 6 95 98 91 99 14 50 72 81 26 96 8 79 73 38 83 74 18 90 20 25 72 15 4 1 30 
11 54 54 11 79 1 19 17 11 90 1 93 1 3 1 13 43 15 46 23 88 60 47 6 94 85 49 34 86 2 96 26 12 48 81 3 99 43 4 43 11 40 28 42 1 88 36 66 69 84 88 7 23 33 75 42 27 96 78 88 64 59 19 59 90 77 24 19 89 40 75 42 31 21 69 68 25 37 69 57 80 7 69 46 61 1 40 7 38 5 93 99 53 70 38 34 66 74 28 19 20 74 30 23 89 64 70 29 44 31 96 92 98 12 33 95 73 47 33 5 49 42 41 24 20 18 47 57 57 71 38 58 58 28 60 90 7 4 75 81 27 52 12 80 43 32 24 14 31 53 50 43 77 40 65 19 36 83 41 36 83 98 96 94 75 83 62 52 1 69 29 81 43 83 9 27 32 1 87 58 1 3 85 31 43 32 11 40 70 49 15 77 65 90 51 85 40 21 30 17 
42 93 74 52 78 57 40 1 26 16 99 1 7 26 48 22 32 42 10 20 85 94 20 23 1 73 6 4 43 10 68 69 91 56 60 39 22 66 73 23 84 79 14 10 88 1 87 39 81 80 78 93 30 97 33 69 3 40 37 65 51 85 2 60 89 84 42 94 78 40 58 53 5 87 17 45 60 79 34 85 28 64 54 76 61 69 33 90 64 79 19 46 71 21 30 95 34 40 43 3 96 88 67 24 81 99 32 91 66 73 61 94 69 56 60 56 29 22 94 21 81 54 72 31 51 26 24 12 22 82 84 49 25 22 74 72 15 75 81 36 57 91 41 2 4 14 19 16 78 64 90 95 54 23 23 6 39 11 58 44 51 71 90 19 9 50 51 33 1 76 87 62 78 46 46 42 28 99 52 42 58 7 91 50 79 46 91 55 81 86 4 27 20 67 82 96 96 84 70 40 
33 47 96 59 7 71 85 56 60 78 8 13 6 73 85 49 99 43 86 21 48 63 31 25 13 5 99 9 21 40 39 73 64 52 68 81 13 34 82 61 17 3 62 16 15 99 80 29 38 98 6 69 19 17 10 97 95 11 72 73 18 93 92 61 57 34 89 38 8 66 9 94 95 92 33 47 85 93 83 44 83 33 32 65 48 64 99 36 93 34 68 29 95 91 86 72 2 95 73 55 31 17 28 32 85 48 32 34 55 8 58 69 23 46 78 35 73 56 64 17 95 73 99 3 92 84 82 82 84 36 34 58 19 38 4 50 73 71 73 1 62 91 67 82 46 39 57 4 34 44 66 16 90 30 79 19 45 23 45 66 94 57 85 74 11 80 98 25 47 62 70 73 45 96 74 57 40 13 82 97 67 78 70 10 66 5 22 5 93 57 37 2 20 58 39 28 45 93 76 31 
51 89 72 73 32 51 51 86 87 92 51 47 56 32 4 6 94 7 74 91 9 97 94 45 90 63 94 50 40 68 31 64 5 22 23 50 6 98 79 6 72 77 30 98 70 72 61 94 37 59 42 89 8 10 58 40 50 25 43 96 96 62 8 32 71 69 75 77 26 15 8 46 67 18 40 71 91 83 11 37 14 29 93 3 97 19 30 45 91 93 54 77 55 4 34 92 93 37 94 84 84 53 52 84 16 16 45 93 12 18 68 10 65 20 96 61 72 76 26 38 57 71 95 23 9 45 27 23 11 28 47 99 72 69 29 2 58 75 14 94 21 30 50 92 35 36 17 92 22 39 63 98 86 64 34 61 47 42 2 4 66 46 1 53 81 17 55 75 35 1 13 3 12 74 72 65 62 81 21 26 37 59 58 6 22 73 34 22 63 48 76 13 1 94 21 74 2 49 48 85 
81 20 95 15 24 73 47 62 42 42 85 17 6 40 96 83 82 52 44 66 93 90 18 27 66 56 99 42 95 89 11 56 96 27 72 39 60 63 62 45 13 1 69 65 71 7 50 84 96 74 86 41 55 74 40 78 68 14 10 4 75 88 86 43 85 45 14 2 36 33 35 13 47 61 62 99 79 56 19 32 89 18 8 76 85 72 60 60 87 34 93 23 76 57 69 73 57 93 49 46 11 51 48 58 52 45 95 66 87 60 86 18 66 1 41 17 43 53 61 68 31 37 84 46 56 63 41 40 17 91 13 18 40 87 83 77 35 71 2 8 52 86 33 39 35 44 18 6 84 86 25 97 6 41 14 17 70 76 83 39 72 60 35 61 82 11 22 64 4 60 13 69 31 6 42 88 4 66 69 88 66 42 34 41 18 67 15 80 77 68 79 63 31 17 49 20 92 91 47 13 
89 28 91 70 43 30 55 17 94 59 70 54 15 16 36 90 56 63 28 39 34 10 70 99 6 90 25 36 53 47 65 63 66 10 64 25 20 80 72 74 58 12 98 58 75 86 90 93 97 5 21 56 60 59 63 52 94 21 74 10 6 16 77 53 54 10 43 83 41 90 68 66 80 44 59 8 89 40 14 37 67 13 99 86 72 42 39 76 8 30 86 91 3 91 14 68 89 26 86 67 90 7 52 65 94 54 13 27 42 25 15 92 2 86 24 55 56 4 9 43 82 16 22 5 31 22 82 82 7 56 56 1 55 76 34 44 38 40 20 38 17 87 5 34 35 22 53 83 97 93 81 26 53 76 40 70 74 54 95 68 41 97 11 5 20 48 26 74 44 99 40 64 1 76 93 32 4 18 48 93 81 59 68 97 54 9 2 11 19 36 63 98 27 47 12 3 68 69 36 30 
68 37 70 78 50 70 54 20 73 91 15 96 66 94 81 98 59 90 39 37 95 17 40 51 34 42 4 15 59 71 29 43 85 55 94 96 59 93 72 90 75 42 26 1 71 21 23 65 43 16 37 96 47 91 57 85 6 91 94 6 16 48 82 24 55 85 90 1 84 30 27 4 60 14 46 7 36 82 51 2 68 97 6 99 27 50 38 42 99 57 44 6 95 79 98 6 54 16 58 6 52 19 70 22 7 95 75 30 85 18 18 70 10 24 48 59 62 29 31 86 91 28 53 29 23 4 28 53 57 35 98 24 85 97 51 8 88 75 16 81 47 66 72 37 44 82 62 89 76 67 88 80 58 89 24 88 24 59 21 30 42 30 13 69 13 5 22 26 83 42 67 76 45 64 67 63 47 62 51 3 97 3 60 88 74 32 56 96 26 85 30 96 82 91 2 55 59 78 33 39 
38 53 83 64 57 24 21 41 77 3 97 41 82 34 56 38 83 52 30 14 44 21 74 92 17 57 95 71 71 68 82 48 23 80 40 58 72 68 18 2 29 90 43 78 43 19 50 13 43 67 15 92 58 27 82 94 58 95 1 20 77 8 51 22 51 68 78 38 43 83 25 24 79 88 58 80 78 83 6 89 83 64 83 41 92 48 28 65 88 13 29 68 74 22 58 56 1 59 4 71 97 59 97 23 9 36 50 16 18 21 78 85 85 84 41 26 74 76 65 22 86 51 83 81 88 4 59 67 49 94 19 24 65 87 88 15 94 76 19 49 90 20 20 16 27 69 89 13 35 3 49 79 31 53 69 27 51 44 6 71 77 15 28 62 74 59 53 17 18 50 71 48 24 73 85 97 86 61 35 69 1 19 32 54 2 59 89 70 89 34 53 85 63 62 36 53 55 66 43 45 
97 71 18 56 64 4 21 76 6 52 11 64 10 11 13 15 82 43 3 75 7 41 60 97 97 79 24 93 58 73 49 94 36 36 66 7 78 29 31 66 92 25 87 96 97 63 19 62 80 1 9 30 58 74 92 20 26 53 17 65 19 98 93 66 67 15 59 48 52 10 29 17 60 52 51 16 43 24 68 78 70 77 69 91 90 92 48 44 81 36 56 89 11 10 65 97 88 15 17 13 30 5 83 11 3 41 22 53 90 50 30 45 47 78 5 91 49 53 95 52 60 32 62 97 76 64 34 70 93 44 59 32 56 70 66 28 15 97 19 41 85 97 73 44 4 13 33 62 79 13 5 25 54 50 55 23 62 20 69 66 76 10 4 38 74 62 44 53 91 29 61 12 72 25 68 58 36 85 74 37 24 28 45 46 61 96 53 96 11 32 41 68 32 18 72 63 31 39 88 66 
92 64 54 3 24 84 84 3 38 58 31 4 60 64 68 51 12 38 13 38 94 50 97 87 72 91 59 27 48 52 16 78 49 4 49 34 10 78 86 37 45 54 81 67 40 31 94 20 28 17 76 83 70 6 45 28 40 62 73 81 2 97 63 12 92 56 32 8 6 92 92 63 67 58 33 53 24 76 99 20 17 26 77 52 68 25 71 66 61 10 86 87 21 14 12 32 94 56 1 86 35 13 49 90 80 7 82 20 34 85 30 62 50 1 13 6 11 91 21 12 9 68 95 6 28 87 11 50 29 39 53 29 21 23 6 31 55 35 27 28 93 44 34 57 2 75 81 3 21 91 44 74 53 74 99 95 46 3 6 74 66 40 86 95 85 9 8 94 64 77 64 39 25 37 58 15 43 86 79 4 21 10 88 65 70 62 95 17 96 45 46 18 80 94 98 47 52 56 5 89 
47 71 57 13 26 7 95 55 77 81 82 44 68 60 90 34 56 87 88 9 94 91 43 94 43 95 31 62 67 20 36 34 51 89 66 89 99 42 52 72 45 30 54 99 56 30 74 60 40 51 54 29 53 35 88 70 5 67 27 43 60 81 82 7 56 67 37 30 96 73 46 95 66 18 48 6 33 90 68 91 57 61 26 15 92 86 41 77 2 16 39 26 50 96 59 60 25 79 57 36 32 28 17 73 5 22 50 66 14 66 11 79 68 93 91 66 27 74 39 65 96 20 55 13 50 90 3 45 21 2 16 8 17 30 2 59 24 19 51 79 11 84 40 75 40 25 40 84 67 23 22 86 55 53 62 4 73 89 52 13 8 11 1 46 66 7 40 3 86 82 37 48 38 71 94 28 33 31 58 69 29 58 26 89 38 92 50 99 32 20 46 14 48 81 99 53 93 82 70 54 
64 39 32 23 80 28 40 53 71 2 51 64 95 30 10 24 68 84 32 64 89 65 35 11 75 35 66 19 86 47 35 2 66 81 48 60 65 70 36 19 75 35 84 51 63 13 69 17 95 89 85 87 77 34 78 83 75 23 73 99 59 78 11 39 23 94 74 47 22 72 24 37 2 47 25 26 33 24 82 63 36 7 69 63 20 27 59 36 6 79 58 20 66 53 34 8 50 59 51 87 17 62 95 62 65 18 15 92 69 94 40 18 5 13 24 93 83 72 70 23 81 83 62 82 74 1 98 61 65 52 20 83 17 70 44 48 82 25 94 54 40 52 34 33 20 87 92 83 36 99 3 96 20 14 28 93 50 50 94 53 83 54 22 42 87 25 58 49 70 47 6 15 12 25 54 64 96 11 15 35 43 37 48 12 36 48 95 56 59 30 13 37 23 43 99 64 96 54 32 18 
99 3 79 57 43 28 73 24 36 21 16 59 18 93 21 5 91 58 49 27 89 72 64 70 20 6 87 14 31 87 55 29 63 68 75 33 6 75 84 51 53 66 99 65 63 88 81 75 11 33 84 53 44 91 16 1 45 15 92 4 79 65 95 90 57 75 27 88 86 3 66 75 33 88 28 43 72 12 16 47 50 45 78 67 35 14 67 61 75 49 95 24 58 45 87 40 63 18 40 42 18 56 77 66 58 82 8 12 78 10 79 90 93 90 37 89 91 83 76 24 91 2 4 95 98 71 87 45 63 89 22 13 33 78 73 93 11 43 46 90 13 26 31 74 22 63 68 39 47 46 99 57 75 68 23 36 34 88 54 75 40 86 79 22 62 16 12 26 72 63 49 98 7 5 27 69 18 58 80 37 33 45 93 31 11 42 61 67 95 41 44 2 75 3 21 87 38 13 50 33 
54 64 26 97 48 70 6 39 37 58 41 54 72 89 17 96 45 3 50 31 68 86 72 19 57 68 4 95 14 89 42 57 1 92 43 36 32 98 94 85 47 87 8 60 93 83 90 97 11 32 32 98 11 83 85 8 56 75 46 98 44 11 33 51 88 40 73 32 98 45 80 80 62 16 35 86 25 37 69 71 73 65 45 72 17 10 38 20 65 19 16 22 16 54 22 41 28 78 53 83 9 32 47 71 92 17 57 30 26 76 38 66 41 76 25 51 45 88 16 2 95 69 49 60 87 43 92 76 27 80 17 88 21 82 80 6 50 62 10 88 57 21 82 29 25 37 7 33 56 42 2 2 57 2 80 14 19 99 32 4 97 19 99 45 95 20 65 33 43 24 29 60 79 95 88 8 35 22 25 14 10 92 82 66 59 87 45 78 71 48 25 70 50 66 38 50 93 65 87 97 
95 88 91 80 71 19 71 62 64 33 16 4 50 91 26 59 8 20 57 52 22 16 28 81 91 56 21 27 38 1 94 57 8 3 86 33 80 8 20 17 74 69 11 75 55 47 72 90 38 19 26 61 96 83 99 12 69 67 42 98 65 31 24 15 68 78 46 97 47 57 46 34 58 70 2 69 55 80 40 8 91 13 46 27 31 69 61 75 47 26 96 85 38 45 38 75 28 80 47 60 72 81 74 52 66 2 64 71 52 4 56 48 21 64 95 35 23 85 39 9 74 95 62 74 58 56 61 79 38 72 63 12 57 94 33 10 50 26 75 70 46 30 44 50 74 37 49 76 75 47 59 50 2 39 13 56 26 77 21 64 49 17 72 39 3 8 46 46 59 6 10 55 37 74 31 51 5 93 82 37 88 65 47 39 80 20 25 17 42 22 41 67 11 76 50 30 9 35 40 96 
98 63 56 8 82 28 95 73 90 17 37 90 7 58 37 12 20 8 26 30 59 82 40 17 26 89 52 50 21 59 3 43 82 72 30 80 9 1 4 48 95 25 54 61 67 79 5 1 6 73 4 39 80 26 52 76 83 99 39 67 59 28 71 58 34 47 6 11 50 31 75 38 95 16 29 37 33 38 56 16 37 61 21 26 19 11 91 96 63 99 73 62 53 67 39 95 9 4 60 39 13 85 40 36 43 4 42 60 7 99 21 48 68 89 58 32 80 2 88 69 18 6 33 73 8 43 33 46 59 58 74 9 98 31 27 32 93 7 70 70 93 31 27 89 52 73 93 99 67 67 71 86 2 35 98 44 26 22 82 2 41 26 26 59 12 33 63 19 1 41 93 11 95 98 3 31 44 30 6 69 83 72 69 40 69 3 49 15 13 69 17 53 7 25 93 34 57 58 80 86 
