200 40
80 1 55 39 17 12 1 14 42 50 95 56 56 13 72 69 72 59 76 22 20 16 68 45 39 72 20 37 86 80 22 57 33 58 74 29 62 87 94 42 71 14 12 49 73 45 71 65 95 56 31 71 77 84 63 13 72 32 55 98 50 64 6 1 93 12 31 56 98 66 59 66 76 88 33 95 50 97 9 73 61 82 57 92 60 91 64 10 16 39 29 48 8 4 62 90 31 28 93 88 95 18 63 53 25 43 27 64 55 40 52 62 38 6 24 52 39 4 40 5 37 60 10 54 26 66 61 95 14 76 32 93 22 10 76 73 86 48 62 25 55 40 71 1 94 96 1 21 80 91 57 67 6 65 67 85 76 21 69 85 12 26 13 43 46 11 66 94 29 71 10 44 21 67 36 58 99 22 54 67 54 24 87 65 90 23 71 11 25 37 56 28 92 45 7 3 38 89 3 86 
50 86 12 57 62 19 40 64 89 38 54 31 68 69 53 15 7 54 2 93 79 55 38 66 34 57 69 51 88 63 73 87 31 97 96 34 19 5 59 71 81 49 49 97 16 16 24 35 92 11 15 22 51 59 21 21 99 8 11 13 19 21 25 98 59 87 74 1 41 13 40 59 56 25 72 39 64 71 92 22 97 20 93 11 59 58 36 29 19 94 52 21 21 59 46 49 77 1 89 97 71 87 26 73 57 11 69 98 57 78 3 21 65 23 80 4 48 94 28 34 37 63 39 18 40 22 80 81 30 80 85 72 54 72 60 56 28 48 82 21 38 81 96 74 40 65 21 45 60 13 41 80 97 57 15 49 19 52 70 41 61 71 6 65 33 11 87 51 14 83 56 48 50 25 20 26 63 90 57 76 41 57 18 11 44 19 23 58 2 93 61 71 14 17 93 22 52 46 51 3 
71 23 83 16 13 98 92 20 83 89 34 40 53 97 77 51 42 22 44 31 21 68 7 60 13 40 88 17 93 44 65 85 89 88 64 50 77 83 65 93 88 40 97 6 3 69 42 73 53 87 34 86 23 10 58 38 50 54 50 20 20 38 98 27 72 83 43 56 97 13 75 6 38 48 37 74 86 15 24 63 88 41 81 74 41 55 7 13 91 85 49 84 41 65 9 95 40 26 38 55 91 3 42 74 51 32 74 64 24 52 42 39 67 2 4 14 91 21 70 5 56 53 3 30 74 42 14 10 10 34 68 65 78 74 83 19 47 13 25 95 33 99 15 21 9 86 22 24 93 27 69 31 62 75 31 75 40 89 33 88 2 26 53 4 76 45 18 57 44 8 10 85 34 76 60 27 31 16 52 22 67 92 21 12 30 72 52 40 56 25 85 51 34 22 10 91 5 34 66 10 
61 22 94 23 15 53 85 99 77 32 19 42 31 96 78 69 12 93 9 5 18 78 7 82 2 13 32 43 75 66 1 36 9 16 84 18 29 48 15 52 22 56 82 13 29 42 33 78 52 13 71 37 49 86 59 84 37 86 19 25 89 47 26 68 39 8 19 36 75 16 88 52 46 28 89 54 57 8 29 82 70 26 75 88 9 62 53 30 50 5 45 74 31 47 91 93 46 91 91 69 47 50 1 92 46 40 33 60 10 88 61 75 63 29 15 53 91 3 81 14 35 59 5 85 92 57 89 4 23 61 96 14 39 44 44 67 15 86 8 25 79 77 24 52 23 14 84 26 89 98 38 29 84 45 92 52 69 73 15 94 63 10 28 62 43 90 12 71 45 60 8 42 61 68 11 5 43 74 76 98 98 45 16 68 94 55 2 68 55 87 60 58 61 32 78 9 55 85 99 96 
79 7 63 61 61 27 83 86 91 33 12 84 61 8 58 31 48 68 19 38 21 76 83 61 37 28 28 91 41 61 17 62 69 52 6 43 45 16 38 43 82 6 46 12 83 16 53 37 39 78 68 46 30 65 92 4 25 86 15 17 83 91 12 27 53 69 53 19 70 47 93 15 60 92 77 76 38 10 41 3 9 45 7 33 63 82 86 48 84 44 82 62 44 91 85 35 1 28 74 59 5 91 19 72 93 62 75 46 95 58 91 94 26 37 4 69 90 94 36 60 84 68 2 98 89 30 6 53 80 94 39 32 18 15 83 82 52 82 8 90 23 29 73 82 60 22 28 21 81 72 8 11 92 28 40 93 91 75 41 52 61 40 15 7 77 88 55 16 3 24 44 79 89 90 55 35 79 70 47 59 3 83 71 68 78 92 67 17 16 96 61 99 12 33 71 50 53 79 4 39 
65 78 73 64 62 51 78 94 13 97 97 96 1 60 16 82 59 75 62 62 65 74 12 41 41 86 83 20 54 33 44 92 17 33 3 50 89 98 17 79 73 39 87 61 20 59 60 71 21 56 27 83 17 27 26 63 92 61 40 75 78 42 94 75 49 52 65 17 27 67 69 50 76 57 70 18 10 89 78 58 83 26 47 8 1 23 76 94 7 34 11 44 95 6 42 76 5 82 4 9 18 1 78 51 63 95 91 10 15 96 15 86 92 27 65 77 60 6 6 76 27 49 42 70 50 67 28 42 28 64 62 69 7 43 87 26 78 98 93 81 79 23 13 98 90 2 26 38 39 19 56 54 98 50 75 97 84 69 98 13 62 44 85 41 38 38 42 18 66 10 20 75 46 13 16 40 22 96 71 33 82 6 74 72 63 81 56 70 44 57 95 35 51 64 16 69 54 29 83 72 
59 97 37 98 90 42 9 25 15 61 31 51 51 50 10 36 46 80 79 15 72 99 2 97 29 34 65 73 42 82 81 6 63 25 93 36 72 15 67 83 75 82 96 40 3 36 3 77 14 59 31 42 93 14 56 59 55 35 78 29 35 37 23 28 98 12 45 10 38 24 22 5 71 18 62 19 42 14 96 36 22 8 86 16 8 73 17 94 26 59 99 85 25 92 75 77 83 76 9 37 6 88 92 8 21 86 45 7 87 2 12 31 88 44 64 52 34 98 2 21 60 27 49 60 31 68 57 73 37 38 6 38 93 28 97 11 44 7 65 23 59 19 65 81 33 86 84 72 88 7 31 56 76 55 44 71 72 81 87 33 77 16 52 31 21 61 55 34 59 97 40 85 74 84 77 6 73 54 63 92 93 18 23 21 94 63 5 40 66 53 85 76 24 28 69 35 7 5 85 94 
33 42 15 75 61 45 23 92 13 41 54 48 22 42 86 71 57 43 29 72 20 22 24 46 44 39 46 70 94 38 4 5 73 46 38 91 11 71 23 57 71 7 63 9 55 26 99 38 91 87 5 20 43 31 81 10 8 80 69 48 14 42 37 58 24 4 89 43 31 38 62 92 64 98 25 77 83 24 77 50 81 33 56 49 85 28 27 91 52 96 91 81 75 7 81 3 78 10 64 24 18 39 37 93 84 12 32 48 2 29 13 2 24 72 76 53 40 7 53 85 71 81 7 63 72 27 31 33 30 56 54 26 63 68 39 54 26 40 78 14 2 36 98 84 10 99 60 27 1 60 55 85 59 27 8 87 99 94 77 43 74 39 55 44 63 19 63 67 82 77 58 70 79 38 30 93 35 10 1 63 62 82 25 84 8 28 89 48 51 5 17 25 4 50 59 72 10 85 2 26 
40 55 77 38 87 58 44 83 42 14 18 4 68 72 68 31 92 95 32 10 10 60 7 98 75 58 58 72 9 95 12 18 95 89 59 36 84 75 57 41 87 98 25 64 81 23 46 48 7 22 68 50 69 85 3 43 37 19 27 11 43 38 80 55 84 75 66 87 23 76 53 38 82 2 73 47 53 25 24 71 87 33 63 80 4 30 17 59 82 31 73 6 69 66 84 32 74 79 66 63 71 31 2 42 96 90 33 21 52 46 70 69 5 98 86 69 83 61 17 18 81 64 63 26 58 49 91 18 35 73 30 32 98 7 70 22 97 35 72 54 47 57 55 11 26 86 6 84 75 49 72 87 3 87 68 40 77 55 71 81 35 23 23 61 73 73 29 47 55 4 59 17 8 26 47 63 22 65 90 95 51 62 51 35 15 68 55 17 96 54 92 91 43 98 17 21 65 99 46 85 
28 66 52 40 20 66 10 55 15 81 34 70 70 96 19 76 65 62 77 36 98 3 44 83 90 12 73 22 80 51 41 25 28 55 42 35 13 29 90 69 38 47 24 10 22 53 97 14 8 63 88 5 56 62 93 78 49 7 29 3 88 22 32 11 98 4 61 12 20 20 94 81 17 8 30 66 73 73 85 85 92 95 2 25 98 21 37 44 36 69 70 71 69 28 3 5 83 56 54 13 84 82 64 37 97 8 94 84 68 2 26 36 64 3 60 43 70 23 19 25 95 43 44 73 64 13 98 49 27 55 64 83 50 60 45 78 22 91 63 7 51 80 63 10 65 30 9 2 16 12 83 64 70 71 93 52 20 21 62 87 72 45 36 66 61 96 79 51 34 2 78 77 64 54 39 50 41 19 89 44 78 32 74 6 6 99 61 50 77 96 38 64 64 69 12 5 60 36 11 97 
4 72 40 47 91 63 37 15 27 96 47 78 90 69 25 88 62 33 28 46 27 88 16 5 68 91 48 69 73 47 87 94 28 11 96 89 23 91 41 13 49 50 87 74 98 97 4 38 65 96 59 17 44 62 27 77 34 61 78 35 32 10 88 58 38 79 33 69 55 89 89 38 86 14 37 88 37 75 57 95 13 49 31 84 21 64 43 35 73 98 78 76 79 81 24 88 52 96 68 5 7 76 2 9 58 5 16 38 24 21 4 77 23 11 60 67 76 14 81 98 6 24 66 13 35 80 12 3 89 80 22 15 95 69 97 44 81 43 42 41 78 53 63 4 16 97 67 84 29 31 63 86 50 55 60 63 18 26 72 21 68 51 12 18 41 88 93 63 77 48 35 18 19 90 54 93 11 31 70 54 96 32 5 16 26 12 81 45 46 36 23 61 8 26 57 34 61 52 11 84 
59 40 79 89 88 62 16 5 38 80 17 13 46 28 96 1 57 95 80 14 24 32 98 53 7 43 90 79 74 92 6 11 3 4 96 24 75 54 27 50 84 82 67 82 29 84 97 70 18 12 2 19 65 77 75 95 94 48 21 21 36 51 47 76 29 71 71 99 19 50 20 87 62 88 25 93 19 43 28 29 59 31 78 64 61 24 32 26 11 53 54 99 1 10 16 28 32 38 97 12 15 45 87 10 65 91 82 38 7 98 83 71 73 44 4 41 5 64 61 38 49 52 83 9 62 60 6 59 7 97 69 53 55 31 26 11 87 85 33 11 89 44 56 90 56 47 70 45 90 93 57 26 4 40 5 43 14 98 11 65 46 43 80 18 35 3 28 83 23 64 71 6 58 73 42 81 99 34 74 69 12 6 13 83 68 9 10 96 49 18 24 39 43 68 25 99 47 53 86 24 
86 33 15 96 91 91 16 52 11 91 39 24 20 82 51 36 28 8 59 96 87 94 9 5 89 62 84 50 61 19 11 9 72 62 50 47 30 76 4 22 80 37 13 75 10 8 58 43 42 43 58 46 40 83 71 97 8 61 94 96 86 95 64 34 56 96 55 89 38 62 83 29 90 80 1 10 11 28 99 79 37 69 13 72 45 59 10 12 50 42 2 12 6 50 36 74 7 6 1 91 83 20 23 42 9 91 69 97 92 10 43 15 84 54 90 43 72 90 93 17 85 74 74 63 90 53 94 97 91 59 54 23 35 17 92 32 4 38 88 7 22 25 59 18 50 67 61 27 90 45 90 81 83 28 81 22 8 71 9 72 80 25 83 52 61 22 59 64 45 89 26 5 68 40 15 57 5 77 93 93 68 92 70 75 11 69 92 53 26 75 48 68 43 71 60 47 32 5 93 10 
48 97 37 74 10 10 14 68 1 14 22 9 23 5 37 37 75 21 28 42 50 51 61 57 36 23 98 59 17 16 95 74 70 49 4 71 72 89 70 63 92 51 37 12 94 90 42 21 39 10 19 41 82 58 94 68 75 29 93 44 63 60 34 55 87 36 30 32 85 86 91 53 89 86 23 39 27 55 25 59 20 57 91 26 87 6 16 96 42 54 81 76 92 5 70 13 43 5 60 2 92 44 22 80 36 62 23 36 64 41 27 97 61 7 90 40 8 35 66 85 79 42 5 99 48 92 49 92 79 96 37 23 37 7 6 91 76 24 81 46 49 91 92 79 6 3 57 29 86 90 92 78 32 37 9 56 74 68 13 37 43 56 6 39 62 17 85 28 52 13 42 12 27 52 65 47 97 87 38 35 69 17 37 19 43 82 37 92 15 74 7 90 75 27 9 95 13 19 5 34 
64 59 79 85 74 59 90 52 98 53 67 30 35 5 73 19 60 4 47 46 27 63 6 66 65 29 40 59 80 66 22 32 55 73 94 18 48 70 82 78 94 6 82 99 8 56 71 94 75 22 99 3 64 31 98 92 14 38 70 54 44 26 98 10 50 1 40 4 3 97 31 10 50 77 81 26 17 28 80 79 5 63 92 22 91 24 58 33 30 76 94 17 53 16 96 7 67 61 35 60 57 60 56 64 82 86 85 29 80 40 22 92 66 47 43 22 28 61 4 6 34 61 32 64 27 54 35 41 27 73 96 8 31 77 76 61 11 52 11 26 18 11 13 54 77 91 71 21 92 61 53 32 43 12 1 17 82 61 33 33 46 55 45 63 42 66 11 20 55 92 77 37 48 58 72 80 59 17 95 38 5 44 26 28 76 47 20 91 41 55 8 99 45 27 98 47 10 47 77 58 
36 2 8 39 80 82 15 99 22 28 2 20 93 87 18 42 17 44 1 41 91 15 66 24 2 47 16 29 15 23 33 32 80 56 83 36 31 94 17 81 82 17 63 38 32 37 40 11 62 99 43 36 36 83 52 84 1 99 32 57 84 91 27 90 1 37 66 53 44 44 61 44 92 56 7 98 8 48 79 83 32 29 40 97 91 38 30 73 96 49 75 75 38 69 85 2 91 37 50 82 15 26 44 82 47 39 25 96 14 16 31 55 18 25 84 20 51 70 92 84 83 88 41 76 69 49 3 57 47 52 30 20 36 33 59 89 40 59 11 26 43 31 86 20 16 81 71 95 8 75 33 11 54 13 22 56 71 24 71 53 60 74 97 58 2 59 99 59 63 11 59 78 91 89 41 69 18 92 93 20 56 47 46 47 3 15 11 7 38 89 85 81 25 97 47 90 6 99 58 85 
65 80 20 41 20 96 41 7 7 84 1 17 92 82 48 68 57 92 45 20 95 81 68 94 17 80 8 81 41 83 67 31 7 49 66 59 63 1 38 46 75 25 27 36 23 72 95 36 96 59 18 19 5 62 82 20 67 27 92 40 20 59 65 43 12 30 31 57 5 75 36 74 76 95 38 52 18 51 11 10 35 72 42 32 46 49 32 68 84 38 97 30 98 58 66 94 49 93 83 4 12 91 5 60 76 64 4 34 46 87 65 57 39 2 88 29 87 11 87 8 36 82 90 21 45 49 40 56 88 7 90 67 54 16 14 71 45 2 92 50 77 50 25 48 80 17 25 76 97 16 17 8 89 29 42 79 28 1 54 93 97 40 23 17 1 19 30 76 52 74 72 69 79 9 60 51 25 84 20 45 47 33 87 37 16 46 19 76 16 81 78 78 46 60 48 21 20 68 24 46 
54 17 18 71 30 44 43 51 34 78 96 74 35 47 58 56 71 3 74 30 52 14 66 53 56 71 23 1 33 85 4 68 2 88 38 72 54 31 26 50 50 85 39 57 20 43 19 72 64 17 74 91 55 40 89 34 34 64 15 37 14 63 72 59 75 32 54 79 72 82 25 97 28 50 16 32 34 89 31 23 55 75 44 30 25 2 99 34 47 86 12 35 97 63 64 55 19 89 13 35 29 42 82 36 11 16 69 41 22 29 39 51 87 20 27 88 4 44 41 97 37 81 57 41 26 29 23 2 76 7 56 83 66 52 43 11 44 26 44 29 28 7 85 1 5 94 67 13 36 10 57 69 49 92 96 96 44 5 93 41 90 26 28 68 30 59 51 65 70 25 83 39 94 65 15 16 52 44 8 44 65 43 92 91 26 64 71 47 95 33 18 18 7 91 72 33 62 5 49 42 
31 10 81 25 15 81 36 44 62 28 99 66 3 82 51 53 15 83 23 68 32 68 96 74 36 78 7 39 63 54 38 28 1 39 30 11 84 78 69 58 6 18 97 43 6 7 8 38 76 91 41 18 62 27 94 60 60 62 15 44 17 54 98 48 32 56 97 54 55 28 12 45 89 26 95 7 89 12 52 24 58 47 38 84 54 96 61 77 84 23 81 95 11 94 8 29 44 79 4 73 47 47 82 23 35 69 11 75 73 18 5 30 80 68 33 85 25 96 16 45 29 79 25 12 64 96 83 90 55 28 66 87 77 57 99 10 58 67 62 69 75 44 83 75 60 73 43 42 94 45 75 82 12 49 64 13 96 76 44 50 84 20 4 15 66 75 82 26 79 39 69 6 16 8 7 79 19 81 88 70 81 62 60 7 51 51 18 16 25 53 10 28 51 74 36 74 31 21 48 88 
53 60 41 94 92 6 5 50 53 33 36 55 16 55 68 53 21 95 96 96 63 83 70 43 97 58 98 59 39 63 47 21 55 54 41 10 74 91 61 16 84 44 49 37 27 89 1 80 6 12 73 58 77 5 78 92 61 66 87 13 32 7 30 56 22 42 92 67 21 95 20 98 78 97 13 11 2 90 33 72 52 19 98 59 54 39 84 56 85 14 25 54 84 13 10 53 47 17 90 61 25 10 72 91 31 86 21 69 32 50 59 24 55 9 67 94 84 81 82 28 63 92 3 78 91 75 80 7 25 71 28 84 81 29 15 89 34 5 67 6 13 63 72 28 7 76 72 56 64 26 67 1 89 97 16 76 44 87 35 11 50 1 98 33 83 46 39 85 81 45 46 15 37 23 67 78 3 16 8 39 86 65 31 68 57 22 58 45 39 44 67 57 15 97 96 98 25 56 40 73 
10 84 32 48 29 89 84 37 73 68 85 36 37 79 97 49 2 22 73 21 40 34 54 33 13 91 71 7 69 12 43 3 49 49 78 21 80 98 75 98 79 91 20 16 54 2 88 86 97 39 45 69 95 55 43 56 22 38 27 83 37 18 28 23 94 61 67 87 34 74 54 27 84 4 89 32 65 33 59 33 85 86 43 96 39 28 5 31 15 57 3 82 85 18 78 36 16 87 67 18 59 86 91 89 57 72 62 54 41 43 80 55 32 34 36 71 39 22 9 24 59 19 65 70 81 80 62 10 81 97 47 79 25 4 53 54 66 68 7 51 50 1 20 23 8 50 94 62 63 5 22 4 25 90 84 17 94 74 49 14 59 61 75 42 99 94 11 91 80 58 92 90 59 74 46 5 81 3 85 39 80 46 15 40 80 42 28 91 92 69 7 16 20 46 21 74 52 29 32 70 
11 50 54 14 81 57 97 60 77 63 52 63 6 6 69 80 17 14 51 65 7 17 40 68 19 35 25 34 40 85 42 2 2 82 71 7 82 32 38 80 6 38 13 47 40 99 12 30 97 10 96 43 39 58 74 1 68 29 95 8 35 2 59 68 34 52 7 79 6 51 27 35 36 62 53 22 55 49 64 25 41 66 82 22 14 65 78 88 40 94 67 93 33 95 7 3 49 6 5 75 92 58 9 67 11 80 17 30 97 97 69 9 90 27 52 45 74 82 97 76 79 75 83 35 78 10 31 47 93 84 8 37 88 96 27 22 75 35 47 15 8 87 71 25 89 35 49 56 66 53 75 9 29 16 87 75 16 87 72 47 9 34 59 9 37 11 24 42 71 71 87 22 32 65 15 19 82 36 18 1 31 22 54 28 33 58 25 58 87 74 77 45 40 96 6 35 80 43 45 71 
97 84 90 41 61 84 8 17 55 54 23 88 95 62 90 35 26 52 92 15 18 45 39 61 68 39 63 85 98 7 29 74 61 98 23 92 32 42 61 78 13 41 84 50 35 75 60 2 55 2 84 2 54 52 77 96 43 38 86 11 57 46 86 43 59 37 78 69 38 53 88 43 10 8 72 93 16 95 10 26 26 84 8 24 35 21 99 45 65 27 45 26 64 2 33 78 9 20 74 91 98 34 10 30 62 72 7 36 56 41 57 28 59 21 80 99 80 69 24 25 54 23 59 50 41 91 85 1 30 64 30 77 33 5 43 57 91 54 5 96 73 31 21 25 72 28 23 49 9 18 70 55 28 45 47 2 6 36 65 27 40 89 64 44 59 84 7 44 16 72 86 93 88 84 21 36 85 27 53 89 38 82 56 53 6 13 27 99 75 52 89 77 59 16 95 13 96 90 21 10 
16 45 87 36 93 97 29 98 22 64 78 16 24 20 50 29 56 24 93 62 9 18 88 25 3 24 48 5 92 50 19 77 67 86 80 98 46 5 43 7 83 60 54 23 64 91 88 52 9 19 58 81 67 46 6 81 26 60 8 5 1 30 71 87 43 8 40 47 34 29 87 86 91 10 20 88 63 53 79 21 31 40 37 33 9 39 98 58 43 96 5 11 15 47 24 89 36 3 61 75 52 63 53 33 42 7 71 8 16 98 16 30 19 82 24 12 27 88 62 47 49 28 33 17 29 94 68 78 41 65 37 77 93 2 37 39 27 45 1 73 15 22 92 72 64 39 12 10 15 89 88 44 37 46 86 16 36 66 1 48 51 89 61 46 51 38 30 99 40 18 2 80 54 16 4 42 62 4 96 23 66 35 72 42 99 46 58 3 31 57 14 91 60 68 28 75 20 67 28 8 
66 48 42 48 42 7 67 40 81 44 38 6 90 26 18 40 38 32 32 57 58 56 73 80 49 5 94 50 71 1 15 21 52 78 19 59 80 88 52 48 12 94 26 81 62 74 15 71 16 20 59 40 18 37 62 26 79 46 90 82 73 81 76 74 39 90 14 81 79 36 63 99 60 93 48 36 12 55 56 14 30 24 39 68 72 18 13 51 62 71 57 26 86 29 15 73 96 53 95 83 7 17 70 64 95 11 75 37 7 37 11 36 48 12 40 11 89 67 93 23 67 47 61 52 80 12 2 86 92 34 33 33 31 1 41 12 86 14 74 54 16 88 46 8 39 53 31 36 38 53 72 12 62 44 73 27 23 99 3 83 95 4 94 1 21 56 45 9 3 72 16 55 9 78 31 97 72 18 81 12 87 45 19 85 17 31 60 21 83 59 89 33 75 29 49 53 46 52 51 26 
42 39 26 61 32 17 74 64 1 37 82 45 13 63 99 28 55 29 97 7 34 41 67 48 76 74 20 87 27 73 88 29 54 55 25 50 45 6 1 97 9 81 11 86 70 9 66 5 81 84 2 9 8 78 70 28 40 25 46 59 87 35 25 70 79 85 20 1 64 26 67 59 15 75 21 24 20 22 58 45 90 26 74 43 59 19 84 8 75 98 28 98 12 37 59 48 60 74 56 55 33 23 17 92 63 62 58 2 5 47 20 94 29 97 59 54 31 7 55 32 24 37 7 51 42 22 34 5 41 64 76 57 94 38 93 42 98 87 65 64 68 28 94 96 39 42 99 84 68 85 24 43 31 84 28 59 25 34 93 86 66 98 24 52 93 17 40 52 63 94 86 53 54 7 26 93 65 4 41 78 14 99 36 86 39 85 35 66 2 17 82 35 79 23 43 81 72 3 3 65 
47 84 32 52 44 36 40 56 39 23 92 18 49 54 29 49 88 90 91 10 77 44 26 13 34 79 76 24 80 11 90 58 39 7 16 85 35 84 5 23 94 16 7 43 44 21 76 67 14 73 68 70 33 98 40 77 36 72 48 65 55 23 52 63 26 30 15 53 85 24 97 64 73 88 65 80 28 57 83 39 91 17 20 24 8 3 42 74 21 6 23 79 77 64 33 81 26 72 47 72 14 73 39 96 94 61 86 51 20 83 67 82 42 39 62 89 20 76 52 23 9 97 20 85 67 55 51 30 57 54 31 63 40 51 47 41 77 53 89 72 37 19 48 16 84 59 17 85 88 38 87 42 17 67 58 1 43 14 24 29 40 93 84 44 80 76 40 15 41 81 92 62 1 80 44 59 37 96 1 30 31 6 68 50 65 34 56 46 24 58 72 96 91 10 29 33 55 67 38 37 
94 39 44 15 33 35 73 61 90 41 65 52 80 43 61 77 23 79 11 79 47 52 71 63 88 16 9 89 91 86 94 76 9 37 11 2 99 97 46 97 32 56 96 58 79 59 66 33 28 11 67 29 66 71 21 13 93 62 53 8 18 59 1 94 52 98 6 12 19 72 21 58 49 32 4 86 80 85 22 11 57 1 49 99 34 99 69 82 72 65 71 45 41 39 53 31 17 16 22 41 84 52 90 36 37 62 80 32 75 17 21 4 6 43 49 85 45 30 10 67 19 21 56 96 56 19 48 80 97 82 54 82 90 32 50 25 89 41 21 87 58 44 58 8 66 33 61 80 93 56 37 59 26 22 2 55 56 92 76 36 87 93 94 29 30 4 93 19 99 61 20 47 24 63 28 14 34 63 79 77 72 72 44 53 87 61 1 14 35 55 34 91 80 42 38 75 96 62 14 12 
76 74 19 44 94 27 11 37 39 10 36 27 60 29 92 39 51 78 15 86 40 41 78 73 96 90 96 91 30 88 22 22 85 84 45 35 50 19 98 89 50 21 51 34 49 9 13 7 50 88 30 33 96 57 91 30 69 98 22 1 89 87 87 39 17 87 91 29 50 50 78 41 26 18 29 37 23 20 66 66 56 76 50 68 81 95 79 70 91 75 94 89 20 3 71 34 40 52 27 96 61 89 18 62 35 68 38 5 51 31 22 86 38 11 43 59 62 27 13 63 30 91 82 28 88 3 41 72 22 48 20 5 53 6 86 20 46 42 47 6 3 12 49 37 63 60 78 76 8 20 59 78 55 15 54 84 65 55 67 26 33 43 40 23 95 67 52 84 28 7 25 10 46 30 17 85 2 92 25 88 87 42 87 83 36 14 79 27 17 30 18 61 41 6 55 20 56 43 85 23 
50 54 80 40 68 98 93 85 61 76 94 65 28 52 3 42 60 36 33 24 44 81 95 63 64 91 95 57 97 11 34 51 19 29 8 33 95 84 8 36 92 59 20 41 70 78 28 71 81 16 9 98 77 88 35 36 4 60 74 46 1 38 91 33 5 76 43 50 46 73 84 92 53 74 64 3 46 68 28 67 43 90 15 19 56 20 60 36 94 83 94 41 60 51 44 4 52 39 30 36 64 9 68 97 84 66 71 93 99 65 46 72 87 2 94 31 24 20 15 8 79 5 99 88 19 92 38 6 5 61 13 34 91 33 4 95 33 79 84 57 74 14 25 32 59 95 90 76 24 31 41 93 2 69 32 31 21 8 15 83 6 86 34 88 74 92 33 30 41 56 47 39 15 56 10 88 1 14 48 99 99 97 84 37 6 20 37 12 11 39 19 80 99 59 38 42 55 28 1 45 
97 20 95 26 81 36 64 87 78 26 49 74 63 99 36 84 82 93 85 44 62 71 37 4 5 23 6 41 89 64 84 62 69 39 40 98 77 16 19 7 23 91 41 71 88 89 6 4 36 57 87 42 5 71 37 49 9 35 83 17 38 76 29 61 60 50 55 26 21 40 21 83 40 54 58 29 15 27 79 85 19 22 70 5 4 25 95 61 94 52 94 60 96 45 85 31 89 72 60 29 30 27 89 37 50 32 19 64 61 33 73 48 49 6 51 51 77 50 29 60 83 94 59 93 85 91 72 91 75 24 72 24 23 95 43 85 72 43 43 98 47 25 8 12 46 28 50 99 44 66 57 63 93 79 96 33 23 34 9 61 37 23 12 30 19 65 1 48 25 7 48 48 90 22 1 92 27 9 84 68 23 92 99 90 43 27 24 97 27 90 13 59 93 88 95 67 36 53 81 43 
20 84 99 15 33 90 23 8 90 97 18 78 92 93 50 58 20 1 67 9 38 72 1 26 93 95 64 38 17 89 54 7 21 9 50 25 3 36 15 19 40 90 93 50 94 24 14 10 11 20 85 24 16 93 4 49 19 95 44 76 14 9 65 31 75 46 10 67 62 57 3 76 16 23 51 79 60 55 45 31 2 1 59 19 30 39 49 63 18 82 52 19 21 74 91 70 76 93 71 38 5 50 78 72 12 86 84 58 82 79 40 14 85 37 82 87 74 2 30 64 83 47 83 58 31 81 28 20 17 43 29 29 25 7 38 1 21 76 86 81 54 91 90 52 56 24 48 24 43 75 40 44 10 85 31 89 39 23 66 71 91 89 76 35 15 21 73 55 38 86 53 43 70 85 91 41 9 52 51 23 29 54 74 97 90 90 88 6 37 92 3 21 94 25 8 49 69 87 79 31 
47 46 46 40 9 35 23 24 66 97 23 62 3 62 60 92 14 24 63 16 11 40 75 96 18 33 54 64 74 88 68 11 33 57 4 94 61 53 59 37 39 53 49 23 62 2 98 2 39 5 49 86 93 32 57 55 63 18 91 48 98 61 35 73 65 25 85 97 42 35 53 57 24 83 65 49 17 24 61 34 44 76 93 39 40 23 31 54 54 10 55 33 52 50 61 93 10 18 59 18 21 51 74 53 89 55 43 9 37 96 18 59 96 7 65 43 18 81 65 63 61 79 13 85 5 24 15 41 37 4 95 24 64 70 89 92 5 39 48 71 89 89 37 46 66 66 33 67 95 77 30 51 52 93 34 75 24 52 66 83 16 53 61 83 43 60 69 46 37 2 52 6 43 70 86 63 21 23 65 80 42 78 92 86 94 22 86 71 80 4 82 91 14 34 27 67 26 90 81 80 
39 82 81 84 38 57 18 85 74 40 95 73 98 16 25 67 31 92 86 11 62 96 31 66 53 77 79 17 37 1 25 64 14 55 29 32 55 51 24 64 6 15 12 25 77 96 65 98 53 66 29 89 86 13 16 22 99 46 9 42 89 96 63 16 19 17 4 27 22 74 24 83 4 63 89 11 40 94 37 56 77 99 70 86 30 31 67 89 84 61 72 73 98 82 4 64 97 9 48 13 79 73 62 85 12 30 74 72 31 53 82 83 47 37 54 47 38 95 29 13 51 65 15 52 8 1 91 55 94 77 8 33 73 90 83 16 73 58 10 55 94 17 47 24 8 22 25 13 53 51 45 36 44 3 79 24 60 94 68 31 53 64 25 31 47 70 31 17 32 91 39 2 72 28 73 21 1 97 25 29 21 41 59 1 6 18 10 32 99 9 79 36 18 15 44 51 43 56 48 33 
7 69 55 41 81 41 74 66 32 60 31 75 96 48 66 63 65 25 71 27 82 17 88 67 39 47 12 85 81 44 87 83 6 35 14 65 61 49 39 37 47 20 63 5 15 79 40 79 66 61 72 69 58 4 16 88 95 43 76 48 36 19 14 65 88 71 38 56 14 44 9 38 25 80 41 31 85 27 98 57 10 29 98 38 67 36 9 99 74 98 47 67 3 68 85 68 72 98 46 32 58 44 4 88 84 61 83 71 28 9 62 14 15 45 69 51 27 33 84 20 94 34 40 59 99 13 20 9 77 34 57 11 14 67 41 8 45 80 8 45 60 44 47 68 1 30 2 27 57 13 63 68 74 66 75 44 47 69 36 8 23 97 91 13 97 33 40 15 24 57 34 71 2 51 74 41 84 2 16 84 76 94 62 63 33 16 72 41 63 57 53 83 25 8 65 56 31 60 20 28 
34 41 48 95 31 50 9 24 53 54 29 42 33 93 43 68 59 17 46 29 79 78 88 60 1 42 81 4 84 80 90 9 53 71 41 36 84 4 16 50 16 70 56 24 42 75 59 41 15 30 82 89 44 50 39 67 99 64 1 79 5 6 98 38 44 15 19 64 59 44 7 86 49 48 66 42 71 93 57 74 40 52 99 34 28 7 69 83 66 45 1 87 42 63 85 24 2 65 74 74 50 65 75 30 48 80 53 89 15 40 32 61 29 79 92 57 24 41 74 2 93 77 74 23 89 47 46 60 20 17 3 59 49 60 16 72 5 61 11 61 66 10 76 95 73 3 55 52 26 47 48 16 77 56 15 78 42 51 72 42 90 62 97 13 52 25 21 8 14 85 33 50 19 96 84 72 69 18 79 13 28 19 83 21 11 74 17 49 93 69 60 61 10 95 51 29 52 52 84 29 
45 88 96 80 31 97 72 80 80 65 73 5 42 82 69 36 52 75 15 97 35 11 56 49 8 94 27 92 73 72 50 65 24 27 39 48 41 81 94 57 97 99 8 49 53 80 57 20 56 65 14 4 45 33 33 75 47 2 62 46 78 29 38 69 46 11 85 35 42 83 18 74 51 21 38 55 46 38 39 85 88 85 1 14 29 56 94 25 7 80 79 46 51 29 4 40 80 10 6 10 2 71 10 99 10 1 34 90 90 23 81 3 18 5 45 95 56 50 10 69 56 2 46 60 59 42 16 45 97 92 67 42 88 14 41 4 42 5 64 25 54 6 54 39 14 92 17 19 94 82 48 74 63 32 32 57 71 36 42 55 64 27 40 98 71 79 78 54 16 5 96 27 7 53 26 65 44 17 83 52 15 24 77 12 96 42 5 7 56 79 51 39 49 82 92 50 20 37 91 19 
94 48 8 9 41 38 6 78 1 54 1 65 50 78 63 23 10 85 14 1 46 47 16 41 69 30 78 84 37 95 55 64 52 1 47 12 60 98 97 50 54 36 98 2 73 57 84 80 99 99 37 97 62 97 82 61 36 80 91 71 38 70 81 26 35 89 15 16 35 51 98 30 94 66 86 50 14 40 76 56 37 73 11 20 58 63 79 11 11 99 16 93 78 71 99 27 87 58 55 65 11 40 53 60 65 87 9 56 15 69 81 93 66 49 78 9 74 86 51 33 39 33 95 93 2 40 53 12 54 52 12 5 30 8 4 85 11 44 7 62 21 89 45 37 31 71 84 10 58 11 42 72 62 24 74 17 52 22 86 25 77 14 29 77 38 99 95 50 74 79 27 13 75 44 9 30 74 83 73 65 50 80 94 72 27 15 95 6 72 60 43 10 3 86 49 27 76 59 70 96 
37 94 14 59 44 89 54 12 89 59 87 38 39 95 66 91 83 64 70 3 40 10 7 77 55 51 9 1 98 85 34 30 68 85 69 4 87 2 27 33 10 58 47 10 10 60 94 97 92 85 61 40 88 90 66 56 55 8 55 42 75 46 1 70 60 91 99 88 45 6 77 24 95 27 86 76 98 71 5 26 72 31 36 28 60 73 13 13 31 44 92 89 80 63 59 42 33 31 24 34 36 21 24 1 65 84 25 58 25 49 16 96 42 20 14 84 73 76 64 65 1 77 36 60 32 56 27 66 4 23 60 57 76 66 85 84 39 49 79 73 7 11 46 28 20 70 14 30 47 19 40 34 83 27 7 74 49 42 24 60 92 86 28 78 87 60 80 91 35 39 70 40 63 76 15 39 24 1 54 81 1 19 59 36 97 13 23 49 50 41 69 43 18 40 46 16 87 22 28 44 
68 67 63 22 33 50 13 43 37 18 89 58 42 59 98 71 42 45 75 71 66 30 89 29 74 52 42 98 58 31 68 16 45 69 34 99 93 53 41 53 95 50 22 61 74 14 42 90 88 76 1 93 28 55 28 2 14 50 90 33 4 44 82 84 84 3 36 39 78 73 13 62 40 87 9 99 55 59 51 82 44 85 3 24 60 44 56 20 86 99 39 49 43 95 11 72 80 60 62 35 82 6 21 63 64 23 44 67 77 90 21 40 4 66 77 57 57 92 68 77 86 94 83 41 71 79 45 73 26 38 8 79 96 43 59 50 63 50 21 58 36 99 44 58 60 13 17 87 14 92 57 68 7 28 17 4 81 88 80 80 16 27 65 68 18 79 22 18 28 64 33 65 22 82 15 29 7 19 16 8 22 39 17 86 41 94 32 30 68 18 10 88 44 23 29 93 38 10 2 59 
