200 60
13 18 76 8 99 37 94 78 86 86 70 12 37 98 89 62 29 48 38 70 28 33 81 37 70 56 49 10 46 4 14 62 79 32 69 76 11 44 21 22 76 70 58 38 88 56 38 17 22 35 70 82 88 15 92 71 25 58 56 17 67 64 7 27 38 46 62 68 24 18 98 47 60 72 30 87 7 61 84 16 36 81 94 41 7 50 71 37 53 89 88 20 60 9 64 34 48 81 39 32 50 33 62 52 98 14 69 7 4 88 62 56 32 12 95 95 92 12 53 32 17 72 32 67 37 11 21 82 69 62 86 14 98 60 47 36 52 18 62 45 87 9 8 37 69 48 59 91 56 73 74 53 74 29 71 7 6 42 13 69 64 10 87 61 79 73 87 94 79 8 93 48 68 95 55 55 10 13 70 78 8 7 68 97 87 82 91 86 77 77 75 92 90 47 29 24 4 45 20 26 
4 57 57 30 27 52 5 93 54 15 51 44 40 55 93 58 79 91 30 24 22 59 61 49 73 14 2 65 7 41 80 37 61 59 53 65 56 29 2 95 90 57 45 23 56 3 47 97 38 87 18 36 23 94 22 19 6 82 85 7 95 87 3 37 23 28 41 38 42 15 46 30 44 56 51 35 56 63 81 79 52 56 61 3 57 71 19 65 55 66 93 50 92 27 43 72 88 75 46 85 36 72 15 85 14 26 93 20 87 98 71 90 20 12 85 65 74 51 29 76 22 76 52 35 48 24 76 33 59 17 95 46 89 65 83 50 3 80 98 15 4 73 92 21 44 66 17 59 25 97 26 41 7 27 85 1 13 41 79 5 37 63 15 59 51 57 28 11 10 31 91 59 54 49 21 58 25 35 80 25 61 75 86 46 11 32 20 83 37 42 28 78 21 31 29 61 73 11 24 57 
94 31 82 15 4 77 38 14 15 80 45 68 88 14 51 34 13 98 91 30 32 34 29 68 82 30 80 87 19 35 47 82 48 73 50 36 64 70 60 52 70 86 26 81 19 51 8 59 39 86 12 33 67 48 14 94 79 47 97 12 23 88 82 57 48 98 54 44 36 58 1 53 35 32 37 65 87 1 41 94 63 92 82 18 90 16 56 6 87 86 12 53 92 62 83 15 96 75 25 29 74 58 40 58 13 81 10 12 47 77 30 83 88 81 35 76 56 53 36 41 11 13 50 4 80 73 28 93 99 68 90 83 31 87 55 10 7 2 72 13 51 1 52 64 19 21 95 98 19 76 33 43 52 93 43 53 41 37 96 38 59 45 79 96 62 60 27 48 22 59 53 59 56 84 86 81 58 76 95 77 31 4 24 53 17 94 20 93 28 70 68 87 79 71 22 62 20 95 33 15 
82 47 21 76 81 74 55 38 96 95 99 88 34 9 34 88 39 52 4 15 47 53 73 14 40 91 84 59 6 51 8 9 90 78 5 62 58 36 80 13 45 64 42 7 17 31 53 99 25 92 90 13 60 47 1 85 13 93 55 39 28 84 10 25 58 86 56 85 25 33 82 10 71 82 28 88 21 72 37 72 30 77 19 26 48 67 2 84 73 60 90 12 5 77 23 56 6 6 21 3 52 48 57 36 94 81 99 91 15 13 78 14 74 39 32 12 81 96 72 16 40 24 36 35 8 13 40 10 52 67 44 72 9 62 97 99 35 92 4 73 68 37 71 31 78 9 75 28 30 17 7 87 34 16 34 64 5 70 58 92 18 4 68 49 65 57 98 7 12 49 82 89 51 25 12 32 60 19 92 31 62 9 98 7 73 69 30 57 65 34 70 12 22 46 40 91 90 17 55 64 
71 8 64 75 20 91 84 35 80 5 92 20 33 6 85 49 36 42 77 14 3 24 77 62 88 9 79 82 66 80 33 78 10 34 32 53 78 53 93 92 91 94 38 44 16 67 72 96 44 14 70 68 76 91 53 79 2 57 71 38 76 43 88 22 14 40 56 57 54 80 3 2 55 18 8 26 67 9 89 93 18 94 81 42 92 80 15 65 15 20 1 94 29 91 11 80 80 86 60 71 96 83 84 97 68 34 26 53 33 42 11 73 52 47 33 18 97 1 35 55 28 55 87 38 71 37 73 89 8 34 65 81 52 73 12 17 30 4 14 10 62 77 8 71 47 30 48 83 41 62 87 85 37 24 56 54 49 88 48 85 93 42 95 72 69 59 57 91 36 86 94 81 2 23 53 23 98 4 49 22 68 75 44 90 40 85 29 28 12 57 8 2 36 71 73 30 94 52 93 60 
33 18 20 86 25 69 52 47 76 90 62 60 88 8 79 87 42 68 14 61 8 45 70 97 47 44 48 95 25 11 50 48 9 37 89 46 82 64 93 84 47 93 13 70 27 88 26 28 81 85 46 5 5 95 27 77 35 14 69 61 63 23 26 10 33 3 12 29 52 34 6 75 98 6 57 72 24 20 96 5 61 1 38 33 32 97 85 99 49 94 41 31 29 12 8 45 91 17 2 60 71 31 51 97 22 29 10 91 18 53 55 92 71 15 4 73 28 2 11 40 77 85 77 32 60 27 59 30 74 80 71 66 79 4 95 25 3 63 82 54 47 38 64 67 99 27 56 52 31 57 64 74 8 88 90 88 96 19 43 40 69 92 35 72 13 6 99 35 30 11 90 86 50 26 88 6 34 39 9 92 79 17 11 77 29 4 95 28 75 40 22 51 65 55 6 5 11 84 29 2 
40 74 63 58 69 40 69 85 32 24 78 34 8 60 56 59 81 81 88 82 75 59 18 27 81 24 69 44 92 6 84 48 33 61 54 44 90 3 46 63 47 36 38 90 8 83 48 97 39 24 69 73 90 16 95 56 34 35 56 65 90 1 49 30 65 10 65 23 72 68 29 89 72 23 21 83 3 87 14 91 5 80 3 70 60 54 37 73 18 24 51 86 29 1 93 56 75 25 63 21 3 91 34 43 50 89 93 41 82 24 67 21 21 55 55 2 75 26 60 57 75 94 19 38 98 62 36 7 8 10 13 68 76 27 78 3 22 39 23 93 39 47 27 62 29 52 93 97 29 86 79 86 47 50 27 48 91 37 92 59 2 69 81 93 82 26 78 46 29 77 75 68 65 13 9 95 70 74 84 85 11 88 13 40 74 95 41 45 97 80 78 93 99 7 35 27 13 45 49 54 
97 57 7 20 12 5 4 66 95 14 91 29 22 57 27 42 97 20 79 77 22 52 89 4 36 28 19 38 86 96 11 6 78 48 45 95 32 61 93 16 35 61 81 51 9 79 34 17 53 7 42 18 11 50 14 3 19 90 31 23 69 37 6 85 59 84 39 11 54 67 72 88 38 20 47 36 75 30 62 51 60 96 26 69 80 82 17 23 68 75 35 94 59 42 63 73 45 83 21 11 36 92 20 80 11 10 22 30 77 81 94 39 27 10 64 78 88 19 80 59 91 2 63 96 14 80 65 62 43 66 24 40 34 7 21 84 60 51 38 76 73 1 11 77 59 66 88 88 91 29 87 5 94 87 49 73 89 23 92 47 61 51 77 42 7 79 55 95 93 62 26 20 20 58 95 58 64 85 31 44 47 81 21 55 84 53 23 69 45 39 29 23 6 59 17 63 9 80 7 9 
90 41 99 45 10 41 68 56 84 27 90 33 97 8 21 37 98 40 75 21 87 16 10 9 96 39 1 80 69 10 28 51 41 5 56 53 25 56 14 17 87 37 77 51 33 40 51 28 86 59 47 58 68 68 68 76 84 10 90 25 99 68 41 27 24 53 81 75 91 84 88 10 43 69 36 3 5 85 75 31 73 62 17 70 93 59 12 63 42 52 33 13 9 13 54 51 74 84 36 33 95 73 3 9 86 22 26 8 96 91 5 21 94 47 46 80 48 34 50 42 6 63 86 66 80 90 77 98 26 96 80 51 22 71 67 85 54 91 8 90 94 5 48 68 85 11 94 12 17 41 93 84 11 41 12 9 1 51 20 40 15 87 73 51 55 25 92 13 79 76 42 74 83 73 18 48 81 52 24 85 85 29 52 64 90 82 69 63 54 41 93 50 76 54 76 56 80 82 87 62 
43 52 16 83 53 51 60 27 17 4 16 61 14 41 82 31 68 50 57 43 51 81 38 69 87 54 31 51 66 62 56 12 41 80 53 55 40 72 89 80 70 95 66 78 27 6 22 49 95 66 40 96 61 54 58 43 12 63 70 33 50 14 35 39 91 56 80 67 79 80 13 65 84 19 20 28 13 53 79 3 15 24 63 96 87 32 47 81 84 48 14 4 19 17 59 84 72 67 99 34 99 13 80 48 34 61 77 23 97 23 7 56 1 11 28 57 57 53 56 48 80 95 61 75 99 12 77 12 59 2 11 67 25 8 43 89 95 13 40 75 6 51 54 72 31 15 36 91 94 56 36 6 76 96 14 61 18 34 42 83 26 48 15 81 81 3 52 54 45 59 8 98 65 78 73 15 79 25 86 13 26 78 37 18 48 38 72 75 99 25 4 63 50 93 13 89 94 38 58 5 
22 30 69 54 30 48 38 16 6 61 24 33 2 2 31 63 85 83 45 61 64 34 56 10 21 26 96 50 44 4 66 18 56 23 71 68 49 74 47 12 15 19 97 42 73 18 19 71 7 64 36 57 89 15 31 37 22 20 78 56 57 54 70 3 35 52 51 38 14 32 52 24 2 35 14 61 85 51 27 13 63 52 57 42 76 24 78 39 40 93 5 54 75 68 22 29 38 58 15 29 54 14 6 70 45 52 77 55 66 93 11 4 33 88 14 81 51 51 52 32 53 89 80 11 27 37 75 14 44 84 65 8 96 10 62 65 24 11 90 91 46 36 23 61 94 14 9 42 44 88 5 33 42 47 8 93 41 51 85 72 32 70 7 41 72 13 75 26 17 53 58 37 53 69 19 99 29 71 47 89 84 29 91 58 84 9 91 67 48 3 5 22 81 58 43 95 9 13 99 69 
41 64 81 15 38 82 30 78 92 42 99 67 35 86 30 98 50 70 44 76 41 12 10 48 76 52 89 59 51 7 99 14 44 28 68 25 72 57 89 73 46 80 81 67 27 87 39 93 84 28 92 74 51 63 66 28 77 29 29 20 93 85 56 22 57 81 82 68 19 98 59 10 70 22 10 71 5 83 86 12 75 27 29 72 44 60 16 40 47 12 25 1 43 88 87 95 74 29 45 77 21 66 7 68 58 73 3 12 13 31 42 35 16 76 72 2 66 60 28 66 78 9 94 34 44 70 61 16 88 80 75 84 24 15 2 32 6 42 80 21 94 87 76 47 3 81 43 94 61 22 73 87 66 26 60 51 42 89 47 65 95 42 91 22 71 2 15 82 8 35 62 29 94 9 57 29 29 50 60 83 72 99 21 87 5 70 39 84 81 3 16 25 90 20 15 21 9 85 15 2 
4 69 16 94 84 94 52 55 93 76 22 88 69 54 56 46 34 11 15 11 78 52 65 85 43 94 64 65 95 37 36 27 14 49 59 3 69 50 43 68 6 89 11 19 23 30 81 53 52 27 49 53 46 11 66 68 54 67 25 92 4 21 35 49 83 12 9 69 25 83 42 74 83 57 92 58 16 18 64 68 66 94 87 83 46 40 99 99 16 13 27 11 62 59 64 85 84 92 61 53 75 79 96 84 97 14 64 69 70 3 53 2 48 48 28 61 3 25 13 90 2 64 67 78 94 36 73 45 91 27 14 15 42 24 54 8 23 94 23 10 11 69 93 64 72 22 68 47 36 50 52 49 83 58 44 57 24 38 9 38 74 49 65 16 49 2 63 54 31 35 66 41 59 4 36 66 9 52 5 2 71 2 67 86 35 30 54 7 71 50 18 75 8 95 12 14 18 97 70 35 
14 62 64 31 68 38 26 27 90 87 85 50 17 79 5 77 12 97 78 55 73 51 37 4 41 78 54 31 4 54 56 31 98 94 24 92 27 64 2 10 52 83 2 79 12 33 11 18 22 62 1 58 80 91 26 61 80 23 37 22 7 44 86 71 50 35 30 88 13 74 38 5 9 45 98 6 75 41 25 46 80 73 63 46 23 78 94 7 45 21 46 9 34 1 93 24 32 61 71 19 40 95 73 62 23 48 65 30 22 28 85 12 51 9 54 19 14 39 81 89 1 48 67 93 2 49 17 40 8 49 36 84 21 52 46 33 60 69 89 51 62 20 30 66 96 43 63 77 64 99 25 62 9 81 91 77 20 17 92 70 39 73 11 86 70 71 94 69 81 83 60 71 12 43 96 60 80 51 77 23 90 84 62 74 34 95 6 59 4 27 60 66 91 11 86 26 1 78 57 20 
28 96 24 45 97 97 29 30 77 63 46 14 73 83 63 73 36 34 24 42 85 10 60 33 47 54 22 75 79 88 11 45 9 49 9 93 57 13 13 80 77 30 63 8 81 58 74 44 70 89 70 62 70 84 11 69 59 2 25 36 1 33 43 27 74 27 27 38 8 28 3 18 6 4 87 11 83 78 27 77 98 58 22 31 78 72 61 70 57 96 55 8 1 85 61 99 43 8 22 81 16 72 88 96 77 63 60 27 47 71 10 27 36 21 19 52 77 5 5 89 56 16 55 94 45 76 58 16 30 70 33 30 47 74 61 69 9 87 23 61 38 67 17 48 1 54 5 28 33 9 32 80 73 39 66 1 99 35 23 30 51 94 3 84 68 63 15 91 16 55 16 16 24 94 38 93 9 39 19 63 11 15 34 96 26 46 29 30 32 88 49 95 24 59 71 52 45 67 38 16 
94 75 47 74 37 64 78 19 9 67 10 59 78 93 58 99 24 81 25 5 82 59 49 55 12 99 67 6 41 76 69 37 33 20 52 17 34 75 77 57 35 55 29 62 27 99 69 95 57 30 92 26 80 6 82 93 25 83 70 58 40 67 90 59 56 70 35 72 41 69 10 62 55 59 92 45 9 12 90 38 16 31 92 20 56 9 27 84 23 81 21 1 86 87 51 64 47 22 4 58 91 91 31 6 51 74 7 27 53 75 78 98 84 79 32 5 41 11 41 97 87 87 25 52 13 81 6 22 87 66 66 96 19 84 1 55 5 95 77 28 94 35 90 45 43 70 19 99 67 57 80 2 1 97 89 32 52 92 14 1 60 1 28 5 53 95 74 81 97 17 13 66 63 34 82 48 74 96 58 27 67 92 2 67 44 5 22 59 34 66 31 70 46 19 97 4 27 66 9 54 
17 54 75 84 25 31 72 63 3 66 71 89 68 86 69 23 67 79 81 24 54 74 23 36 75 24 89 66 47 85 39 66 40 1 74 15 57 79 20 97 18 78 10 89 37 86 63 35 11 1 68 30 89 10 62 4 67 76 14 96 58 19 4 48 80 88 7 70 35 56 72 35 88 89 4 51 55 34 45 49 75 99 56 60 1 35 97 97 70 13 11 39 97 11 98 7 48 91 9 49 20 85 13 23 27 69 88 72 82 51 99 14 73 49 81 12 48 73 16 66 96 6 16 89 27 83 10 88 53 81 16 48 70 88 28 9 43 92 98 51 78 61 13 75 13 22 78 82 93 46 99 56 55 27 64 46 6 60 21 42 5 31 61 65 49 88 4 41 46 31 69 84 4 85 69 82 6 91 82 70 94 78 37 17 55 50 91 6 92 63 18 15 15 13 82 97 14 8 23 66 
34 93 53 17 21 17 45 88 19 79 58 54 39 61 48 8 32 44 61 48 92 21 43 87 68 1 45 56 64 12 27 10 49 13 69 36 64 96 73 59 24 96 70 48 30 92 30 22 68 20 62 54 24 69 26 83 82 1 33 17 36 45 61 35 94 11 50 2 84 90 17 65 60 70 55 73 10 31 47 67 60 55 67 1 82 39 86 35 2 89 82 53 99 40 42 62 21 50 72 1 82 14 1 46 76 65 86 17 80 87 25 84 58 15 51 75 70 43 51 78 78 31 66 51 53 12 96 28 78 95 12 23 59 77 53 37 26 44 42 68 43 76 87 11 14 62 89 67 86 95 46 53 62 87 62 2 98 72 50 72 19 10 44 56 15 96 97 79 57 69 96 15 97 12 63 83 76 59 59 63 33 9 97 96 5 23 44 91 37 35 29 34 92 56 44 88 52 83 61 10 
8 44 10 58 87 12 82 14 73 41 50 58 20 57 39 34 81 98 35 13 35 55 18 30 20 92 91 17 62 87 15 28 11 56 33 75 65 90 8 60 10 82 51 2 41 60 56 69 4 19 25 16 19 51 4 5 14 75 14 45 58 72 78 21 91 15 59 25 56 94 86 85 25 60 88 1 39 44 22 68 32 93 8 22 66 6 58 52 63 53 11 49 33 22 54 24 5 35 68 48 63 91 49 79 73 92 40 95 16 74 66 23 18 39 63 72 83 86 11 65 23 44 61 70 88 1 73 27 4 34 40 86 90 48 24 35 8 95 85 28 77 19 17 23 17 72 69 9 72 59 89 36 46 63 46 50 31 75 63 23 41 29 51 81 42 30 39 42 82 85 4 40 27 42 4 61 82 8 7 72 38 91 24 53 86 28 43 30 63 14 53 1 72 36 82 74 22 4 25 93 
92 63 13 16 78 67 13 11 59 28 49 55 24 2 8 38 42 24 79 6 20 65 21 21 51 91 8 16 81 19 90 50 58 65 53 68 88 13 68 55 98 63 51 89 84 89 19 5 72 96 47 42 75 77 23 8 45 65 4 28 34 94 73 10 45 55 96 89 94 49 77 97 64 45 16 8 58 37 58 96 59 99 64 1 86 44 51 70 51 75 60 28 9 46 6 23 24 16 36 87 17 6 86 95 26 54 38 16 64 75 71 70 72 14 25 89 73 98 51 67 37 5 72 22 27 6 34 47 63 29 67 68 73 16 39 6 54 74 12 22 24 39 1 83 80 21 24 15 56 72 67 55 74 36 33 17 8 5 2 38 33 76 83 40 85 11 79 85 18 87 34 33 56 57 91 92 54 4 56 83 52 97 43 91 32 51 38 20 70 75 52 54 3 40 79 9 71 24 52 91 
60 68 59 55 62 47 57 8 7 86 65 54 84 23 96 47 80 98 5 35 58 38 57 40 36 31 19 42 72 15 37 54 45 54 17 13 35 24 7 51 3 85 77 82 74 77 6 86 22 86 53 81 41 37 46 13 37 64 62 32 4 6 8 77 4 71 97 56 52 35 42 24 96 6 21 68 96 20 69 89 10 11 61 79 68 1 83 8 60 74 23 96 16 64 45 8 83 30 76 20 13 41 86 12 36 57 65 45 49 9 11 42 93 80 3 66 36 89 90 11 53 69 71 70 7 50 70 29 32 39 24 38 14 3 62 1 68 49 85 49 28 7 51 29 19 7 50 76 44 64 90 7 62 61 81 88 74 24 7 27 97 9 14 48 52 80 92 75 42 92 54 16 32 72 14 35 35 98 75 45 88 84 7 81 37 58 25 85 15 46 76 87 27 50 19 83 27 33 99 21 
53 5 53 51 82 68 98 4 5 15 56 52 70 53 50 37 3 10 79 69 7 28 32 31 75 81 83 83 94 74 7 77 51 50 77 51 38 98 83 46 62 61 26 7 46 35 28 85 40 85 42 58 25 44 54 18 20 21 92 92 86 11 30 42 37 94 93 72 41 50 71 36 29 56 15 39 2 1 49 50 34 84 77 6 83 30 85 15 93 84 52 67 3 31 52 36 49 87 63 91 77 22 74 96 44 51 86 24 26 50 27 55 24 59 48 88 70 88 38 47 35 24 27 82 32 35 87 84 25 81 51 82 36 17 6 56 45 96 5 39 7 84 73 27 46 59 19 82 72 19 27 40 81 88 78 16 62 25 49 12 5 26 20 22 5 34 78 39 71 43 31 59 33 5 4 91 41 36 51 62 80 23 63 19 71 29 70 42 81 1 50 45 25 71 33 86 72 74 8 71 
53 30 82 41 90 13 41 34 31 50 21 84 95 94 63 55 78 73 1 42 81 14 87 12 46 74 33 27 81 83 29 83 95 59 86 35 32 52 60 32 94 67 86 45 81 1 10 3 18 69 18 18 83 42 67 23 49 70 21 97 1 22 76 4 79 9 96 12 4 21 41 38 9 55 1 70 70 49 24 3 43 11 49 65 86 51 41 57 97 14 16 73 45 6 72 42 95 32 29 51 48 23 51 82 65 67 79 40 5 44 69 85 47 53 13 65 32 47 77 43 85 58 33 32 54 39 83 27 35 82 2 31 5 62 55 92 56 58 40 33 24 90 13 79 20 50 24 94 60 31 41 10 3 59 89 54 70 24 77 86 88 14 30 31 16 42 20 98 72 80 96 29 71 90 23 14 53 55 98 34 15 9 98 86 40 68 2 17 34 66 20 52 50 81 31 29 24 68 13 28 
18 68 65 48 64 61 19 24 18 61 98 22 60 48 43 4 51 56 46 16 83 31 15 41 41 83 23 58 52 48 69 95 49 37 33 90 23 99 30 41 78 75 68 67 92 51 8 63 69 20 12 58 95 32 6 65 1 57 33 47 8 36 12 62 92 37 91 31 41 19 8 83 3 75 38 22 48 3 61 73 27 49 10 46 21 73 29 87 3 1 32 42 90 80 58 1 5 38 24 64 25 37 84 96 47 30 88 81 35 21 33 76 82 13 21 73 66 73 17 53 4 84 5 39 8 2 40 55 42 9 11 85 83 74 92 25 68 11 2 39 59 25 57 18 92 82 29 37 39 53 3 6 61 78 30 31 65 20 88 70 63 18 35 88 22 50 63 13 25 84 61 89 28 36 64 43 13 25 15 29 45 31 17 89 31 51 92 14 72 53 37 91 24 37 78 68 48 85 29 5 
75 83 26 99 81 88 43 63 92 40 6 8 33 81 72 37 15 24 77 65 17 31 18 99 70 97 27 20 36 34 62 61 86 44 83 91 88 9 35 99 83 66 24 70 67 92 8 66 76 87 69 14 62 46 2 80 78 51 86 54 57 47 79 31 95 22 86 90 32 93 50 80 30 84 27 94 60 7 70 58 78 43 11 7 12 26 39 66 35 22 85 37 54 11 2 75 87 66 44 69 46 42 50 27 18 43 25 54 45 20 19 35 7 38 12 14 1 66 90 79 26 56 34 41 61 23 91 15 47 25 66 99 67 50 93 63 33 90 27 21 57 30 15 18 44 21 82 10 63 66 17 43 36 3 42 39 14 80 8 72 59 45 62 54 31 16 41 11 59 74 44 68 34 36 17 32 78 39 33 66 36 23 76 80 51 10 21 4 47 82 11 72 11 73 44 6 71 38 54 92 
69 83 78 91 18 55 81 6 69 66 14 9 17 19 86 64 89 68 98 93 58 26 45 74 43 65 22 52 19 29 33 44 21 33 98 44 52 78 55 32 89 50 71 77 88 29 42 48 91 94 9 15 34 35 51 55 49 49 6 67 73 54 64 66 56 95 85 99 64 46 93 47 86 18 94 29 44 68 74 13 90 3 10 21 26 83 71 33 94 36 32 95 98 55 73 26 99 9 89 22 29 47 96 64 87 9 37 24 58 26 84 70 12 30 55 75 8 60 7 19 6 65 52 99 71 18 59 35 79 11 62 74 22 70 65 97 17 61 47 28 9 90 72 35 80 16 93 41 56 52 58 28 9 75 16 43 67 31 24 8 19 40 55 19 20 4 99 60 1 13 77 3 69 50 39 19 22 98 77 80 47 49 26 71 30 4 74 90 62 83 68 57 45 35 17 21 97 36 1 64 
5 91 34 42 95 5 58 52 24 33 66 51 7 77 14 97 41 86 96 16 34 91 90 26 38 37 80 80 75 12 88 86 78 80 11 47 11 12 41 85 8 17 10 77 3 73 11 86 57 58 34 89 96 83 95 13 38 22 72 59 22 40 28 43 44 33 48 20 88 48 69 16 55 25 15 63 92 20 18 27 31 40 59 39 11 74 99 29 15 26 4 55 2 41 78 34 33 41 1 75 9 54 49 11 94 48 36 24 57 59 38 85 91 22 28 80 55 6 6 43 98 41 29 84 94 54 45 26 72 95 23 32 48 71 82 35 54 79 28 76 73 32 76 28 67 96 92 30 10 19 18 21 17 60 1 63 79 23 31 86 91 87 68 4 86 41 73 56 64 8 43 37 21 81 36 21 87 55 7 5 52 56 39 27 99 72 73 9 35 87 40 79 20 10 90 9 4 5 27 41 
76 97 3 99 4 12 17 35 63 64 62 4 93 33 13 29 36 49 66 64 87 52 8 48 61 47 64 65 36 60 60 98 20 93 74 84 2 84 94 74 9 61 75 86 62 95 95 61 36 63 12 23 9 98 16 31 25 51 90 39 46 41 69 47 13 16 85 64 94 8 36 59 51 86 33 20 87 22 60 9 7 33 32 18 72 49 47 25 58 62 47 54 10 89 69 27 98 22 7 19 77 86 62 21 37 97 5 88 63 20 25 4 93 16 95 29 72 9 22 61 6 38 2 94 22 13 80 69 22 69 7 32 43 29 91 90 8 52 59 72 84 94 11 77 40 67 73 38 4 86 60 73 12 35 25 42 75 18 21 8 29 15 55 84 88 43 43 1 11 6 68 53 45 55 37 62 91 45 35 29 60 87 80 90 22 10 86 78 66 11 12 72 61 16 21 59 7 34 37 84 
69 65 30 76 79 52 27 18 72 42 47 86 37 44 83 59 66 26 73 67 39 1 81 75 1 5 79 64 45 82 28 9 93 63 57 65 81 47 50 47 33 82 21 8 48 49 96 24 78 38 2 72 14 35 35 16 60 1 53 83 19 50 53 48 75 36 49 13 72 31 59 88 95 6 82 77 54 13 82 52 61 67 67 39 15 26 72 98 81 71 39 6 74 93 98 32 38 67 51 28 25 37 50 3 81 96 79 6 27 70 38 7 35 97 19 80 13 6 91 83 87 3 84 41 83 49 62 21 4 43 13 22 12 1 22 49 15 40 59 2 40 58 60 46 23 14 2 5 81 12 89 32 3 79 36 99 19 51 42 75 95 47 79 4 6 57 70 89 17 22 70 75 66 9 47 31 49 3 65 22 93 78 64 3 47 87 43 92 53 35 36 55 36 66 2 84 79 43 95 81 
84 73 66 93 34 38 60 92 59 21 86 45 48 27 8 61 11 71 7 15 83 88 3 50 41 36 48 89 95 98 42 36 6 1 34 81 86 7 26 17 10 31 88 31 14 41 55 22 11 65 38 2 86 3 30 4 16 22 12 86 63 73 56 43 87 93 38 5 54 10 38 48 37 49 48 2 24 44 82 52 27 37 75 49 85 87 97 14 74 79 53 45 6 25 93 22 43 75 18 15 2 21 82 88 54 2 7 10 41 13 77 53 74 11 57 8 46 19 91 83 28 33 12 15 87 30 43 71 85 72 12 61 89 16 49 37 73 14 99 5 28 23 28 26 66 14 23 30 29 72 3 12 91 10 25 47 70 64 93 92 29 12 57 95 83 72 25 95 9 11 67 37 48 50 24 71 14 71 8 64 98 25 17 1 77 34 32 92 19 3 32 87 85 19 92 67 45 64 99 64 
55 57 7 16 47 1 9 86 39 50 97 56 95 83 51 76 91 33 73 19 44 17 26 6 40 70 55 44 71 79 31 56 65 11 70 9 14 39 74 45 9 84 56 20 68 41 73 23 70 7 57 18 85 16 49 70 6 72 26 77 76 76 34 3 29 61 21 4 10 20 66 67 12 36 12 37 10 22 93 45 85 42 73 48 63 47 69 50 38 6 89 42 10 37 57 27 13 39 50 56 48 20 27 56 15 34 56 62 38 7 55 48 5 68 14 61 92 87 29 49 2 99 37 91 86 40 42 34 83 71 49 20 48 21 95 16 83 7 80 49 68 72 98 36 93 14 69 13 91 18 68 70 65 83 60 79 23 63 30 28 7 88 9 48 25 99 15 50 83 83 76 52 17 98 65 12 19 9 31 57 75 15 29 19 94 85 51 61 37 87 61 12 50 18 22 95 94 36 27 63 
18 74 28 70 88 26 4 61 81 19 37 25 55 97 5 23 15 79 7 20 74 15 31 42 7 43 3 30 5 49 45 99 34 15 33 92 92 84 48 39 64 11 41 10 76 20 80 71 53 62 13 46 79 69 20 67 46 14 71 33 18 60 85 65 77 26 79 64 93 34 33 66 69 71 39 97 2 45 60 35 35 38 89 56 22 63 3 1 75 26 13 25 26 72 33 57 80 52 26 54 73 70 65 60 29 45 87 59 14 67 52 34 91 50 94 19 84 90 85 61 24 24 83 74 12 78 94 92 73 37 28 32 14 86 51 42 75 77 44 64 94 81 61 87 55 44 84 4 48 45 75 69 25 51 40 51 58 74 78 93 89 27 44 67 96 78 97 31 40 12 66 81 26 81 96 15 57 64 16 81 95 22 80 43 12 54 41 25 45 53 91 78 61 64 30 30 4 39 13 45 
14 7 25 67 34 29 87 67 5 33 97 36 79 20 46 16 54 73 59 73 55 33 81 73 18 84 58 64 66 35 15 56 98 96 39 7 62 65 62 99 42 6 41 26 37 30 37 63 42 80 99 61 31 9 46 22 36 59 45 76 29 49 93 73 6 51 3 55 62 72 75 38 80 37 92 98 7 66 87 51 34 63 32 31 83 91 18 73 84 53 33 96 59 77 49 82 97 94 1 58 45 24 63 77 80 49 38 2 98 3 33 79 89 47 43 30 23 54 30 26 25 89 7 69 65 90 19 78 32 49 20 65 19 92 59 18 2 65 63 82 23 12 10 44 69 52 16 7 59 70 19 77 17 91 53 45 59 62 35 61 71 36 43 24 95 50 99 56 5 9 51 89 88 65 51 43 33 3 37 9 3 13 20 27 21 81 56 70 50 66 35 28 74 79 58 80 83 69 20 89 
48 45 43 55 15 30 23 41 58 1 62 8 57 13 79 71 20 20 75 47 95 77 47 58 77 52 87 39 12 24 96 45 2 97 84 56 15 5 77 80 89 11 26 68 41 23 11 10 67 94 49 49 54 33 98 83 83 5 67 73 41 42 17 50 18 48 71 19 19 8 20 64 71 84 28 61 29 39 38 78 77 24 80 81 41 97 76 47 91 28 48 61 50 96 20 29 97 10 29 81 77 1 28 80 5 35 94 27 72 24 36 63 52 21 95 83 9 35 58 38 1 34 57 39 88 52 82 68 41 95 83 82 41 47 76 19 90 75 52 3 20 41 81 54 91 98 20 93 7 8 17 44 13 37 20 47 9 72 79 58 51 19 59 59 61 11 40 65 29 20 26 27 24 53 49 40 96 70 80 48 85 78 31 54 28 50 61 23 60 19 87 85 27 91 84 52 87 56 96 11 
16 16 93 63 95 47 12 38 87 20 37 28 76 40 8 88 11 2 90 80 35 10 17 92 21 21 7 77 97 68 6 83 85 94 16 82 24 86 24 4 5 99 35 65 5 94 2 3 14 67 60 5 66 79 55 39 77 89 74 88 67 84 80 78 95 14 40 10 96 15 57 92 2 48 4 72 78 29 50 64 59 56 95 84 69 45 4 81 65 59 28 65 59 40 47 41 52 39 94 40 68 47 90 48 82 31 74 41 52 59 30 15 51 33 27 12 98 24 42 60 89 97 96 99 28 49 85 14 57 35 9 62 92 2 4 11 50 16 73 63 79 2 22 94 95 66 81 77 8 32 48 17 53 70 9 82 28 30 74 37 16 70 12 68 24 92 73 22 10 68 31 30 15 74 3 46 94 21 89 72 50 85 2 92 60 44 93 6 12 97 92 52 31 12 31 50 16 38 80 23 
99 7 77 33 69 78 83 8 38 49 7 50 34 86 92 31 9 79 37 25 93 99 44 64 52 56 79 96 43 49 30 40 69 30 58 43 42 54 58 33 28 40 13 81 15 23 49 54 59 14 95 68 48 52 38 53 56 67 74 99 95 29 73 22 79 8 30 10 72 29 20 88 51 30 58 71 58 17 54 21 58 18 67 98 96 45 66 26 52 45 81 41 96 57 63 51 48 72 38 91 30 85 64 80 25 52 88 78 33 49 3 39 27 26 98 71 7 60 25 90 59 21 47 77 14 16 94 36 95 56 28 44 84 5 86 18 70 39 49 58 11 4 89 16 83 67 32 44 48 79 9 51 97 26 13 65 19 86 61 82 42 89 42 26 6 69 79 6 7 22 82 68 59 62 9 58 48 76 14 73 90 85 10 18 86 94 26 62 78 52 57 97 6 7 27 93 62 62 38 52 
67 89 88 85 94 35 4 36 25 59 19 25 39 58 50 25 33 50 67 18 96 54 76 83 97 76 1 72 60 85 60 92 45 99 55 90 38 62 48 30 22 27 40 73 63 37 57 66 92 9 31 14 86 10 76 67 45 43 76 2 79 26 63 97 86 72 95 23 35 74 46 14 44 83 76 56 65 90 24 68 64 10 78 78 3 56 66 10 17 30 30 59 1 96 12 81 88 67 32 66 33 82 70 23 88 90 52 59 92 31 23 67 46 14 33 96 93 3 19 44 9 96 83 30 71 8 79 78 48 44 85 6 79 95 94 91 53 7 89 67 92 65 27 96 34 79 17 54 7 60 7 7 21 4 60 97 38 69 37 26 64 64 80 27 22 25 90 56 36 93 11 66 14 7 8 93 26 68 53 35 90 39 4 32 48 11 81 48 49 91 59 56 33 87 39 15 8 80 30 50 
57 27 8 20 27 30 55 9 72 63 99 25 95 29 64 97 69 35 48 18 41 6 23 43 39 83 49 4 79 39 76 12 72 76 51 63 28 36 24 48 62 8 54 53 5 30 16 72 3 99 8 9 30 79 54 82 89 99 15 39 25 70 91 52 22 81 30 33 15 15 33 32 96 46 59 52 22 53 35 48 15 21 59 38 73 50 6 5 79 60 38 8 98 98 6 82 93 44 57 53 26 17 44 37 62 79 28 46 85 49 85 2 93 1 15 32 12 69 43 85 95 66 31 34 38 75 82 77 76 64 45 52 99 91 22 37 50 9 74 61 35 69 30 7 28 38 88 16 81 88 27 1 26 19 9 45 80 51 85 13 59 44 8 53 74 91 29 11 46 34 11 24 7 64 32 41 7 34 92 17 22 56 22 26 60 17 82 66 66 77 77 64 30 82 58 84 89 65 28 31 
62 28 85 26 53 17 16 8 52 75 37 31 50 10 98 94 85 67 7 1 71 66 63 90 26 26 88 70 8 98 58 46 41 3 33 55 55 50 88 94 8 82 50 55 20 97 19 52 9 83 8 54 16 49 70 18 38 56 32 17 62 49 22 73 94 85 5 90 89 70 10 82 85 86 66 7 34 23 30 93 28 9 18 78 39 45 35 35 43 35 13 4 57 13 34 22 64 79 67 60 49 31 96 49 28 90 54 12 81 39 48 95 83 48 1 3 32 10 73 22 83 66 97 59 81 46 12 72 90 90 88 94 24 86 65 74 75 99 77 1 56 2 89 38 17 6 26 54 85 94 1 55 98 54 52 14 28 2 71 2 16 21 34 22 6 90 32 36 70 17 5 3 48 64 70 99 69 85 58 63 93 56 35 16 32 2 43 94 88 34 28 90 82 75 69 70 85 97 13 15 
28 86 46 39 64 25 43 74 20 15 55 66 41 2 58 62 95 27 26 37 30 84 88 45 22 80 88 82 41 87 36 38 3 2 65 51 25 95 91 69 83 78 67 3 70 52 37 81 48 64 94 13 7 67 40 33 19 74 35 69 99 15 59 93 58 90 67 76 57 33 42 48 67 58 57 51 24 24 26 96 84 85 61 24 84 52 35 52 90 44 26 40 62 49 83 41 3 73 82 60 20 8 76 7 78 73 56 55 59 86 7 2 13 9 59 15 21 8 54 97 43 10 92 40 84 58 91 77 42 69 45 45 68 87 77 38 24 44 98 61 32 10 61 91 40 56 20 31 71 5 81 63 83 90 66 13 23 14 64 94 83 96 86 77 61 43 26 37 11 88 14 12 2 64 72 60 73 44 74 16 95 12 96 45 19 5 81 3 36 83 83 88 35 76 37 2 55 43 5 99 
51 36 24 75 97 30 43 82 69 37 63 29 16 15 25 44 88 10 66 85 31 38 2 24 52 68 7 21 13 1 96 11 2 48 7 82 23 21 77 59 72 5 32 85 21 42 58 97 95 14 91 18 60 23 96 23 96 71 44 36 88 45 97 2 98 93 90 69 51 11 11 73 17 17 78 15 87 41 30 44 64 99 98 41 33 78 95 94 49 18 90 86 18 86 92 71 74 69 36 60 66 46 53 95 37 72 63 41 1 61 51 55 31 64 46 78 37 55 9 11 46 5 5 93 85 71 92 92 65 72 2 75 54 74 14 99 68 66 47 85 45 48 31 4 31 7 95 53 55 97 46 45 22 32 48 81 78 48 7 36 7 3 49 40 1 44 6 57 46 99 89 71 7 51 81 61 97 23 7 87 74 56 18 70 11 94 80 71 79 64 45 76 33 55 38 75 89 3 36 43 
98 69 53 77 72 86 53 9 56 49 14 49 62 39 60 91 32 86 1 76 42 67 33 95 14 18 51 3 14 34 49 15 66 81 30 23 54 3 11 94 30 18 28 82 19 38 47 31 24 67 64 80 37 9 16 74 41 72 83 65 18 82 99 24 53 78 56 39 44 29 8 31 6 31 79 53 76 20 75 1 24 76 78 13 52 30 65 85 8 65 4 73 85 32 67 94 34 48 33 41 65 5 95 83 57 75 69 75 60 24 94 63 7 3 44 87 13 69 31 93 88 84 14 38 42 23 1 89 86 77 61 41 46 67 26 14 61 41 98 61 96 86 55 81 47 34 60 17 44 65 63 62 59 18 12 73 15 92 52 72 85 57 42 53 11 56 49 84 92 15 66 25 11 47 10 20 23 58 30 14 72 56 15 53 95 55 1 93 28 78 72 8 7 73 74 89 84 9 16 61 
82 95 23 95 87 90 50 54 92 32 86 61 6 18 62 6 86 64 23 15 72 37 57 77 16 85 35 84 8 72 30 52 17 2 59 58 13 55 9 70 6 21 66 78 70 25 54 29 83 63 58 48 49 30 61 83 34 54 70 27 97 26 55 49 23 29 71 31 48 74 95 95 98 30 60 37 16 48 76 52 93 6 71 76 1 25 20 8 21 14 72 42 81 91 86 5 80 22 61 80 23 42 65 46 50 1 70 99 70 79 80 93 93 33 65 64 55 13 88 65 56 7 43 95 88 61 78 35 67 19 34 73 65 49 71 40 39 74 3 36 63 10 23 69 63 86 44 78 43 85 21 72 19 73 87 55 48 25 84 58 64 63 94 76 5 85 68 91 44 93 60 11 23 31 57 94 81 7 11 86 92 34 70 47 86 55 9 86 89 75 59 90 49 96 45 55 70 43 9 18 
5 21 4 89 36 97 84 80 20 59 85 41 62 73 65 55 16 5 55 82 30 71 17 12 16 97 95 19 93 74 78 24 57 13 51 44 22 4 53 53 89 68 33 39 96 21 9 53 78 20 17 75 16 27 76 64 2 61 40 16 89 59 53 18 53 27 7 8 43 97 96 31 40 88 81 91 15 58 32 14 82 59 95 94 58 98 47 63 16 89 45 34 41 13 92 65 89 68 88 15 43 36 85 95 66 27 48 33 61 42 6 19 24 31 12 72 3 43 97 89 53 88 30 6 92 91 68 48 59 46 18 95 67 76 89 29 62 89 55 93 79 30 99 51 96 41 84 39 93 19 97 25 8 66 14 63 88 52 47 50 58 66 14 82 60 76 78 13 24 83 20 6 15 78 82 91 94 97 33 29 74 81 17 53 73 29 15 38 74 52 2 51 79 36 94 8 65 92 21 30 
14 95 63 87 54 41 20 47 71 85 69 24 86 83 46 5 44 73 48 47 89 51 18 61 56 61 24 92 46 70 43 99 5 51 41 39 13 64 52 46 56 38 63 14 16 50 94 75 45 11 77 85 51 41 40 4 78 55 87 71 86 45 81 95 34 54 21 31 59 66 27 59 59 81 22 71 74 3 10 49 70 12 57 44 13 51 79 64 56 9 15 47 20 98 10 49 74 37 1 22 16 31 92 94 53 53 42 56 87 29 40 35 92 11 87 82 95 67 83 52 60 57 4 80 68 17 78 70 96 37 79 72 6 45 96 63 12 87 23 28 76 12 33 45 84 44 63 61 23 75 99 78 65 36 51 31 54 86 33 70 76 88 53 43 51 92 86 74 7 20 61 48 64 38 36 87 19 47 84 39 17 59 75 53 44 80 54 60 99 90 22 59 83 26 21 94 74 60 11 39 
37 26 94 71 87 90 61 25 16 50 93 44 68 53 55 78 6 53 31 37 12 14 29 92 95 19 90 88 6 71 93 42 27 9 58 57 92 1 57 26 89 60 20 34 65 51 35 70 31 88 63 32 69 52 39 30 44 85 78 93 1 7 84 82 76 17 56 86 7 97 89 36 28 27 89 5 86 80 72 22 47 38 73 70 92 90 53 1 37 46 3 30 27 37 53 57 50 25 75 59 43 8 95 5 92 26 91 57 46 67 6 82 19 75 50 53 95 54 10 56 39 76 53 98 97 86 36 17 11 11 6 76 15 58 14 84 47 33 13 92 57 37 73 4 10 77 80 80 89 71 48 47 13 53 18 1 27 83 72 13 22 48 35 39 35 72 81 25 55 24 43 11 32 16 13 37 81 20 55 53 89 65 6 25 21 52 85 35 27 51 1 94 46 14 51 48 17 78 38 77 
78 99 85 26 3 41 16 90 86 95 89 86 82 59 9 67 25 49 69 76 54 42 92 77 54 97 55 84 79 93 24 98 89 59 84 32 78 99 71 44 6 36 2 71 29 28 7 58 35 13 61 90 69 30 14 22 68 57 22 9 92 39 80 43 53 20 54 79 49 73 6 67 94 35 33 86 51 32 94 71 57 17 44 48 64 96 59 63 61 65 77 16 14 34 22 86 86 62 35 72 83 90 11 16 70 71 24 35 14 98 62 59 7 41 59 53 4 71 22 56 49 1 64 9 10 6 40 82 7 63 70 16 46 80 78 42 49 25 17 23 84 58 4 75 1 64 49 10 56 83 91 54 47 42 23 90 47 84 26 83 29 3 1 12 4 71 98 1 46 74 52 52 30 38 8 75 56 65 55 22 86 61 60 12 73 68 95 67 91 98 71 45 70 60 67 66 24 92 63 45 
81 67 36 82 15 69 33 25 12 63 69 67 71 84 35 86 88 84 90 2 5 94 26 41 68 75 11 89 90 77 59 50 97 94 79 97 93 23 31 38 11 14 83 60 69 35 71 95 32 21 51 73 61 33 55 75 74 15 49 96 1 49 91 95 39 13 83 55 11 32 31 37 18 41 97 37 1 40 63 45 91 45 76 96 71 49 16 30 28 79 42 48 11 49 56 66 86 17 56 73 96 42 91 89 14 41 21 18 96 45 66 4 47 52 74 89 67 88 65 74 12 63 96 62 52 20 12 30 23 1 6 72 85 96 69 66 82 7 58 22 90 93 39 41 83 37 51 74 80 95 60 76 9 60 19 60 56 7 16 58 29 60 37 72 8 42 22 36 4 34 18 68 15 30 37 27 81 93 14 69 45 15 59 7 1 65 17 60 56 55 23 19 88 88 58 91 95 21 5 69 
56 89 49 3 74 36 19 35 57 99 6 12 71 42 72 42 46 18 37 76 61 64 57 81 20 78 8 29 38 97 62 71 20 85 76 25 41 8 67 51 32 16 96 37 55 29 51 79 89 15 21 60 10 68 84 36 69 97 91 10 79 2 37 21 93 52 50 20 86 75 70 54 33 33 32 47 94 6 43 77 98 68 68 66 16 79 9 51 49 55 85 73 8 55 18 56 90 61 6 85 69 60 13 94 70 24 45 39 50 92 34 86 83 52 16 91 41 20 16 76 71 23 26 19 80 81 89 26 18 86 78 20 51 85 80 17 54 61 71 12 81 13 8 53 56 37 98 33 45 12 90 58 45 73 48 42 60 2 38 76 87 99 5 19 92 74 57 70 94 18 48 61 50 89 51 26 25 96 51 88 87 77 18 46 80 78 86 42 7 40 47 56 9 74 19 80 52 49 30 3 
98 58 88 92 53 91 93 4 8 27 3 52 10 2 4 83 35 45 61 38 90 84 27 54 24 48 45 80 28 76 57 73 45 24 13 11 79 67 67 96 96 12 98 64 33 96 5 84 1 2 16 74 97 55 94 97 8 37 50 78 13 87 37 98 93 12 66 13 43 88 11 50 63 71 7 20 79 3 69 19 44 13 88 39 41 29 44 71 93 84 5 13 71 18 42 75 94 86 28 86 42 68 47 2 57 70 4 7 51 34 21 23 16 41 56 19 22 19 99 11 33 51 86 73 7 79 97 42 99 10 71 21 80 21 5 90 30 72 63 13 49 5 87 36 66 50 93 4 42 38 89 57 77 3 69 47 17 85 30 36 58 45 72 3 57 60 8 54 32 39 63 27 72 26 92 95 46 3 78 80 1 99 37 47 75 2 30 24 5 51 65 96 23 56 8 21 73 97 81 31 
13 76 29 29 87 85 70 92 57 61 71 56 63 22 14 25 82 43 76 73 56 82 69 77 21 16 65 43 40 64 26 42 36 30 40 37 20 23 52 19 25 94 89 35 35 69 1 19 17 76 80 24 55 76 7 55 75 99 67 99 84 71 90 55 95 47 82 64 61 40 52 48 5 58 45 30 53 28 75 74 65 31 55 14 64 35 28 81 70 22 96 43 29 22 59 26 45 44 35 52 15 7 1 69 51 68 19 82 23 63 68 83 80 25 79 84 88 25 61 47 57 99 33 16 75 83 59 47 39 38 75 41 84 86 26 76 18 43 87 35 48 42 8 39 17 73 32 77 30 13 36 43 91 49 55 58 29 21 20 9 31 45 84 73 75 48 56 59 58 96 32 29 31 30 23 30 28 93 91 35 94 64 80 61 26 86 41 13 93 3 71 3 74 82 40 90 89 56 22 11 
87 31 53 56 78 27 68 96 43 85 79 21 4 39 47 39 50 92 30 11 95 70 33 93 30 80 71 7 80 68 23 85 64 68 84 33 48 69 30 81 1 62 64 47 53 2 80 85 50 58 18 49 13 79 16 42 88 41 69 77 11 7 88 34 55 83 54 11 93 77 69 83 53 50 23 64 70 74 41 51 49 92 42 93 16 69 98 38 76 52 88 93 69 23 54 81 29 58 56 97 34 83 32 61 68 30 51 79 75 91 71 94 16 77 94 50 24 73 26 37 61 95 23 60 75 47 61 85 56 73 84 1 89 19 60 72 16 84 41 99 87 82 18 72 21 93 72 26 56 23 42 97 15 55 68 85 49 14 57 1 6 12 34 26 78 16 1 72 66 94 89 32 26 81 23 41 32 25 68 28 33 50 91 76 5 13 18 77 8 52 84 86 47 56 99 82 22 7 96 19 
98 94 69 24 29 3 56 60 70 13 23 77 77 62 67 46 35 27 58 66 45 3 22 53 1 90 19 13 73 75 26 28 93 7 20 35 28 80 54 11 63 21 45 48 90 61 50 40 79 25 50 60 65 7 31 45 29 55 61 75 76 52 79 55 23 94 72 95 69 76 54 92 89 69 51 13 8 5 79 73 79 53 32 20 76 8 53 12 64 64 23 2 82 3 41 16 32 66 1 39 51 48 79 89 95 67 13 8 27 52 77 32 85 22 75 80 77 66 12 37 53 29 77 24 89 87 31 93 71 34 77 1 70 57 53 88 30 26 3 67 46 65 66 99 44 41 53 77 65 42 30 5 45 59 97 79 95 67 73 73 86 7 75 17 25 64 96 72 41 55 95 27 62 3 68 63 3 20 38 46 37 94 30 3 86 64 55 3 97 3 91 42 25 95 65 21 13 29 34 29 
2 6 55 37 48 93 73 22 91 90 17 49 96 94 17 42 89 6 71 78 66 30 50 96 96 89 3 3 32 27 59 75 14 11 44 76 74 42 77 49 48 62 83 31 73 57 93 60 4 64 57 76 11 80 45 32 89 64 55 96 69 47 22 62 14 36 18 52 34 20 65 25 88 78 38 81 92 86 69 71 25 19 59 98 32 61 78 30 37 11 77 96 43 85 89 5 40 32 39 40 15 29 49 75 52 91 44 75 43 83 58 2 90 20 41 22 20 72 66 16 76 77 33 78 41 43 76 29 31 51 72 17 6 68 43 28 77 51 64 88 12 50 71 76 40 19 65 21 60 16 20 15 46 18 84 18 53 19 95 61 24 42 79 57 94 40 59 7 2 9 62 98 88 86 24 22 11 64 96 72 43 91 52 54 84 81 94 90 66 16 59 26 57 56 24 38 68 45 13 38 
92 9 30 14 46 84 52 86 14 94 53 98 93 30 22 18 94 89 71 83 73 12 79 41 57 8 13 72 83 89 58 26 27 1 61 52 31 51 47 29 39 47 61 95 29 21 92 85 38 62 13 55 98 53 1 17 71 93 76 67 71 37 33 24 1 20 66 51 82 92 10 94 90 53 59 10 79 75 11 95 16 41 86 27 13 71 71 79 57 59 39 70 44 99 85 79 6 21 63 90 43 14 6 13 58 68 65 20 85 98 41 78 21 78 10 76 55 71 59 59 6 60 17 58 44 83 84 22 34 57 66 47 53 18 2 12 34 44 95 7 89 92 50 62 44 28 97 84 68 56 30 85 7 50 28 12 13 89 95 78 75 84 93 1 54 10 64 21 10 36 65 46 32 62 5 74 76 45 68 29 92 30 50 85 53 82 86 9 90 24 85 79 23 54 61 30 87 91 59 69 
85 23 36 70 87 71 54 83 39 63 73 61 8 61 60 90 25 70 27 33 45 92 83 71 1 83 96 73 55 12 43 45 65 9 71 86 31 32 50 47 56 15 31 86 4 28 1 25 50 34 42 5 45 42 83 41 64 65 62 84 66 76 74 72 51 68 37 86 16 1 39 10 7 68 1 81 81 47 31 56 62 56 78 57 91 11 93 33 89 83 82 14 12 54 60 70 2 69 15 65 49 99 53 16 47 94 66 42 47 37 81 31 16 5 18 86 89 20 45 89 35 10 38 54 99 62 33 82 73 82 85 18 39 47 24 11 36 62 9 62 9 19 84 91 68 50 42 85 48 86 69 57 56 12 12 3 37 22 25 53 22 77 33 39 92 63 85 38 29 41 10 36 72 11 72 84 78 61 33 50 73 31 99 80 11 60 86 51 29 51 68 28 7 23 39 21 16 66 67 42 
22 44 92 96 52 45 17 78 18 48 77 21 73 7 79 61 95 83 45 82 69 31 90 98 65 69 12 34 24 71 62 5 33 42 37 99 14 1 53 63 98 61 28 73 13 12 65 28 57 3 33 20 89 18 47 24 2 65 50 73 7 52 93 45 17 69 21 39 25 69 44 58 85 52 31 91 98 42 82 97 85 73 15 78 76 66 39 69 87 13 47 15 4 56 88 50 59 71 53 85 21 47 51 85 65 68 99 49 64 94 93 92 63 44 99 32 65 73 27 59 8 60 14 30 48 81 7 42 45 97 44 13 37 33 35 68 23 58 41 18 47 66 58 37 78 62 98 51 91 38 70 16 47 54 58 93 77 25 8 43 60 95 4 93 8 25 54 29 42 68 67 69 80 56 37 52 14 76 23 11 89 56 30 61 92 43 92 78 25 84 53 77 88 12 44 1 68 19 69 90 
12 77 31 41 43 70 12 37 44 29 88 84 51 25 7 7 25 65 92 71 54 99 51 91 65 32 79 33 28 19 69 22 56 81 14 50 23 8 14 80 60 63 85 55 69 93 64 1 22 32 13 34 71 6 27 68 57 41 39 22 11 73 32 20 61 47 35 7 45 29 39 44 8 8 96 27 11 6 33 81 42 81 48 74 18 38 26 22 90 29 39 91 55 63 55 11 54 14 46 72 86 20 87 41 11 98 72 61 53 47 13 60 14 49 47 57 71 85 49 66 93 33 28 7 38 78 41 8 60 19 96 12 22 70 60 85 94 75 63 23 70 8 5 53 60 76 62 44 8 36 97 14 91 92 58 30 34 7 89 23 4 1 39 87 27 68 59 89 87 77 20 74 39 75 10 70 8 98 44 99 1 78 71 77 10 46 80 25 19 36 2 71 13 98 23 63 77 3 84 66 
32 32 21 2 19 83 19 31 25 91 73 63 82 82 25 49 45 70 94 48 12 89 20 52 65 22 84 19 97 35 46 6 43 8 74 95 12 62 76 34 17 96 30 55 9 17 18 18 7 66 52 33 27 57 11 96 18 3 69 23 87 46 28 69 38 96 47 74 93 55 75 88 36 50 82 98 32 64 90 67 66 71 5 61 71 61 45 78 62 76 77 85 64 40 43 47 44 89 94 55 45 5 21 62 13 43 84 11 31 66 49 66 51 75 10 48 24 42 28 61 28 36 62 25 6 59 94 7 90 78 69 54 43 52 17 21 74 66 90 7 84 63 94 78 91 71 18 12 62 41 62 13 43 71 77 57 90 44 86 15 8 54 26 86 67 39 66 32 50 13 53 4 71 96 34 72 17 50 85 67 67 99 53 99 36 75 76 97 99 37 23 36 22 8 17 69 96 6 73 62 
75 14 25 5 51 62 67 51 93 36 36 73 30 48 34 75 79 53 82 76 3 2 72 72 62 96 26 86 78 49 50 33 84 36 94 65 81 55 4 39 1 81 78 62 50 23 30 59 81 80 34 18 37 96 90 54 12 21 78 61 8 58 12 71 90 31 95 9 43 29 83 47 28 74 33 67 38 69 61 10 53 57 2 33 99 77 61 72 5 23 76 91 51 93 68 41 38 54 97 16 30 93 27 9 21 73 68 69 85 93 48 58 38 42 56 4 84 51 7 60 84 59 91 61 4 60 40 76 71 64 71 70 36 53 52 56 24 36 55 51 90 5 10 38 81 91 66 13 86 25 43 49 95 86 91 51 58 65 47 8 35 17 85 53 57 17 80 20 80 18 61 95 45 8 66 79 27 62 1 41 99 6 92 71 84 62 47 44 12 18 9 68 74 70 9 47 86 90 31 33 
