200 20
69 8 67 32 22 6 98 19 34 7 31 13 37 28 97 19 99 25 88 49 70 27 95 67 23 88 59 28 95 31 6 28 42 84 97 42 67 32 72 73 78 54 89 92 24 74 72 83 38 99 54 87 86 64 17 46 8 77 42 45 58 64 49 57 56 7 40 88 26 93 44 21 38 59 63 52 59 31 12 47 88 69 62 74 9 13 92 55 26 24 21 4 12 32 61 73 51 73 55 96 84 40 25 35 49 22 13 16 28 47 25 83 87 33 75 34 25 21 32 68 14 27 57 30 43 84 53 49 63 83 6 89 30 22 27 90 49 40 1 9 18 73 25 67 70 89 54 90 22 37 49 60 9 85 13 46 39 70 39 59 28 37 54 91 49 86 62 61 73 14 88 55 16 57 23 72 76 39 61 69 84 12 55 4 47 98 49 77 85 39 28 77 82 33 60 27 28 83 42 22 
93 5 18 19 95 46 4 76 6 60 32 15 57 35 89 8 65 36 51 65 47 20 5 47 40 57 64 84 17 46 95 2 11 36 28 29 29 44 75 23 74 75 57 89 62 38 17 96 40 66 37 99 8 37 60 51 32 89 12 30 71 42 10 52 88 14 91 92 74 42 31 4 62 98 52 35 50 14 55 50 18 91 31 47 46 27 79 75 36 28 31 57 26 35 63 2 12 35 19 30 65 84 29 89 53 27 25 73 54 10 64 40 81 8 43 31 97 34 21 91 35 69 34 86 14 70 16 23 63 94 18 64 36 19 27 52 31 55 83 25 10 71 1 35 16 10 81 70 95 7 42 68 13 9 27 41 69 94 26 86 26 89 97 15 19 91 85 62 78 80 38 11 48 44 24 9 4 96 54 87 73 90 3 79 52 43 19 39 25 53 51 63 84 16 66 4 49 47 62 90 
47 78 36 17 24 38 42 84 22 71 69 3 75 21 59 88 33 99 13 26 45 87 78 62 59 22 54 99 17 92 72 91 44 39 2 33 48 39 34 57 7 3 83 29 65 71 76 37 32 7 47 87 66 83 32 2 78 89 62 4 19 12 56 20 73 36 17 67 59 38 22 52 15 77 20 62 96 90 24 59 71 88 3 71 10 43 77 91 81 89 14 68 47 14 17 99 53 48 24 26 26 66 98 26 66 74 23 10 38 10 96 11 70 26 23 82 42 97 8 88 84 5 53 99 68 31 49 87 1 57 67 15 17 53 56 34 77 76 35 76 58 57 86 48 46 1 50 26 33 76 17 46 8 13 24 3 52 91 45 38 34 42 88 40 98 31 88 31 66 61 98 67 23 64 86 27 17 91 27 8 48 10 96 21 67 95 66 82 66 28 97 8 71 84 32 6 40 28 88 73 
68 7 5 85 2 41 68 7 82 47 84 55 23 96 51 21 91 19 49 39 79 68 18 55 65 98 22 93 89 25 19 27 21 94 30 47 25 58 7 31 31 37 1 9 6 89 33 37 18 84 62 62 7 66 54 92 55 24 47 67 52 61 26 23 67 65 86 62 18 74 6 27 34 48 14 60 32 33 55 82 82 36 65 52 75 89 33 42 92 22 76 4 77 24 5 37 97 23 87 59 21 43 32 73 79 83 39 38 41 79 81 34 74 74 70 36 23 91 21 79 68 94 26 28 5 66 20 46 1 68 50 63 73 16 48 46 58 45 90 67 72 80 77 70 85 4 93 43 90 24 82 83 72 46 10 69 74 39 37 28 66 5 88 4 17 46 20 25 60 36 84 76 65 88 8 67 4 24 50 98 19 39 80 30 94 77 42 54 26 96 21 60 84 35 17 7 88 84 12 84 
56 90 91 84 9 47 75 91 22 4 87 11 48 22 33 57 8 53 55 55 27 82 79 85 90 72 56 27 75 3 5 1 4 24 58 17 81 89 5 13 41 7 35 1 90 80 83 12 52 52 71 37 8 49 53 72 44 23 57 64 93 98 34 50 82 16 92 7 69 69 53 86 91 59 83 69 10 30 46 3 52 15 44 43 52 83 57 5 3 78 96 98 89 67 37 79 41 77 71 89 71 49 45 98 22 71 6 53 7 31 46 17 56 54 46 12 61 49 18 68 16 51 46 66 61 68 40 74 29 21 67 3 86 90 4 37 80 56 77 89 78 47 8 40 15 80 54 78 34 7 57 52 34 51 82 4 9 64 65 23 95 59 54 82 16 54 55 86 19 25 71 14 26 40 54 59 76 7 40 81 69 18 1 40 4 91 78 49 31 18 39 11 89 2 9 66 56 4 22 36 
15 87 47 23 43 58 76 24 54 58 63 21 11 22 82 53 3 29 98 23 73 27 84 3 31 47 41 62 72 28 14 86 97 28 15 87 35 46 39 34 51 46 83 60 79 65 69 89 30 42 52 54 14 32 52 11 59 23 63 60 33 58 76 69 55 55 97 82 22 21 66 49 23 72 75 37 56 58 88 52 54 73 58 57 97 76 46 91 34 17 43 88 99 43 83 94 34 29 68 89 3 88 81 4 14 98 11 36 37 11 62 75 23 78 86 16 23 70 87 78 3 87 50 29 68 90 55 97 79 7 96 94 71 59 4 31 70 80 58 40 18 31 13 91 82 19 8 12 84 21 96 5 10 95 57 67 35 9 13 11 38 48 54 78 24 41 55 64 40 78 91 33 94 26 59 35 77 51 94 30 78 36 95 4 3 97 33 85 95 9 78 68 56 12 13 27 58 43 57 38 
56 56 82 16 3 39 24 25 83 53 57 84 95 81 95 73 93 43 3 53 73 91 86 65 75 6 89 25 72 85 87 14 64 42 80 75 73 96 86 5 38 72 36 48 5 83 64 92 23 38 10 59 38 22 1 2 87 1 53 93 91 8 65 29 48 42 11 8 28 59 28 39 65 65 23 27 55 13 52 69 44 92 27 48 27 27 96 26 37 66 52 38 42 79 15 85 39 50 28 33 45 68 56 95 93 27 74 40 26 13 64 73 87 1 9 39 19 51 81 7 53 96 44 74 5 43 41 54 67 57 88 67 8 67 73 43 55 49 45 6 99 25 6 72 83 56 12 47 95 36 59 12 66 84 82 23 58 40 49 1 63 58 47 30 94 99 87 48 78 25 90 40 55 93 82 34 62 51 90 93 38 25 36 10 9 22 24 98 85 16 45 94 57 45 61 39 85 7 4 79 
99 1 33 28 22 92 95 7 23 71 45 54 59 33 62 90 51 65 75 62 52 17 30 15 16 69 56 58 69 7 41 39 75 77 94 4 7 70 19 74 13 80 76 10 87 76 60 82 40 72 62 40 61 94 40 78 94 49 89 9 3 94 11 27 40 8 74 82 16 51 98 45 67 47 8 78 28 39 8 2 93 66 55 66 95 32 21 17 63 68 63 66 1 10 93 62 46 56 51 52 51 50 61 60 39 35 16 48 82 34 34 87 66 12 33 29 57 44 98 69 76 92 52 21 63 65 19 83 47 88 99 5 15 80 36 59 81 11 80 10 55 78 65 79 9 72 73 18 49 47 2 75 85 86 35 63 94 76 14 31 94 69 99 30 11 58 48 82 45 39 76 54 46 85 29 18 73 14 52 25 74 53 56 74 42 15 88 81 95 58 4 44 41 63 27 16 40 97 27 69 
50 4 7 88 93 8 47 96 14 26 96 22 94 57 9 41 42 69 77 74 28 43 84 26 31 17 44 27 80 28 39 83 5 59 75 17 69 82 17 7 25 97 34 39 47 84 45 44 82 39 63 46 94 22 35 4 4 98 90 51 32 87 80 48 46 98 25 21 6 83 57 2 1 71 61 81 99 20 24 45 90 54 73 19 28 14 24 16 72 93 21 75 38 91 81 10 36 45 43 49 13 84 4 81 2 70 66 99 63 36 82 42 27 38 95 41 37 93 88 62 97 27 22 49 13 14 80 68 35 23 17 52 3 61 95 45 91 19 35 41 51 9 55 36 54 16 17 63 36 36 65 42 41 23 80 21 67 30 13 21 5 56 31 79 87 87 67 90 30 42 55 56 74 12 81 24 33 11 22 32 35 14 91 54 65 4 83 41 12 14 16 69 9 69 74 78 79 37 56 19 
33 42 61 17 55 53 57 74 82 18 74 14 65 80 51 22 58 30 36 93 37 19 13 46 18 84 14 42 81 67 42 3 83 29 88 33 78 69 51 36 38 49 55 32 69 5 68 79 33 68 23 91 62 90 33 56 81 52 15 53 26 86 3 76 59 1 68 49 94 89 44 43 10 58 35 98 69 36 42 44 39 4 79 12 10 2 93 59 15 57 81 86 44 99 11 56 71 78 35 11 63 84 18 92 7 65 47 60 22 48 55 13 83 54 39 2 39 23 77 53 27 22 48 87 96 77 50 38 27 83 22 64 43 24 57 79 38 92 26 62 88 11 92 80 77 43 36 6 8 24 67 33 28 67 47 3 41 92 6 17 35 37 62 55 91 80 44 1 11 61 4 52 26 94 37 44 27 91 4 70 75 78 48 94 25 15 12 77 37 14 59 89 5 59 90 31 68 25 64 52 
39 57 41 31 37 55 28 82 24 79 30 49 62 86 96 65 40 60 46 92 54 14 58 15 12 73 63 29 20 82 44 43 82 88 23 69 89 38 58 13 15 70 38 71 11 15 72 27 95 79 90 39 54 48 31 37 27 71 36 19 9 64 47 39 35 96 96 6 84 87 4 74 65 2 67 38 13 38 56 28 82 28 11 99 43 28 29 32 72 12 64 20 47 67 17 64 42 86 30 72 17 61 83 47 17 78 85 79 62 10 66 47 44 11 74 5 16 9 69 78 90 1 15 60 30 47 70 98 44 63 90 99 77 13 15 13 12 6 60 27 51 86 20 67 22 33 50 86 64 45 71 58 24 44 56 71 49 60 27 24 84 33 47 18 61 99 16 50 94 90 60 10 74 25 34 67 61 2 5 73 81 94 51 50 16 46 57 83 98 61 5 19 8 1 67 57 60 74 4 41 
73 44 25 48 6 9 16 65 89 94 22 40 37 87 32 3 58 27 72 23 35 79 70 76 83 99 26 18 28 7 79 45 69 48 81 73 49 70 60 96 24 85 90 64 31 43 64 44 56 98 57 93 8 78 96 27 77 54 34 87 16 5 12 13 97 92 29 3 92 27 16 92 32 34 98 19 78 27 68 87 94 73 52 45 13 63 79 44 3 80 51 15 39 69 10 33 74 5 8 89 2 58 73 55 29 70 84 56 45 17 34 37 87 78 98 30 16 10 9 28 74 7 16 50 64 78 64 10 13 11 56 85 40 40 22 87 29 20 88 29 94 88 50 92 51 42 35 1 81 95 73 83 8 61 68 47 56 8 65 45 29 38 15 43 73 50 50 90 48 10 50 88 93 21 8 57 98 90 2 9 74 98 64 11 17 69 49 57 78 37 1 41 37 15 24 15 67 65 50 67 
8 54 82 38 18 83 17 17 71 73 63 9 55 10 53 69 56 53 88 47 6 79 89 33 22 28 36 99 55 42 10 46 33 13 42 45 99 27 55 81 65 6 3 97 42 51 22 41 98 88 70 3 92 11 69 63 23 24 53 38 69 86 9 18 36 58 21 15 97 41 14 6 42 23 97 76 14 22 13 64 55 29 69 2 57 55 93 60 95 71 75 97 78 54 3 95 90 29 15 8 35 13 42 4 78 61 47 8 92 8 72 50 2 13 84 5 24 99 14 36 13 9 1 40 9 31 41 92 72 59 26 87 37 28 89 84 47 56 49 53 5 97 51 11 12 75 16 75 16 32 76 2 50 72 30 28 82 5 73 20 54 88 53 15 26 73 6 62 22 47 5 73 72 76 98 58 59 53 62 74 58 37 33 69 81 97 61 22 26 61 48 89 11 51 93 51 27 35 40 48 
98 94 82 4 93 67 81 99 65 70 57 8 93 3 64 24 59 34 16 21 67 24 9 73 59 36 38 67 38 63 17 28 82 41 95 33 68 68 79 32 85 27 48 68 59 98 75 94 64 86 46 89 50 30 75 85 54 28 27 75 21 51 35 42 27 70 18 69 90 64 2 64 96 49 35 76 15 87 11 16 16 14 84 70 91 50 88 26 74 27 59 85 55 98 49 86 2 65 45 21 80 91 93 54 69 21 13 41 81 2 16 48 83 98 25 71 11 17 95 54 91 18 32 6 60 38 5 21 79 11 73 98 59 81 2 60 74 27 78 69 80 75 36 49 38 26 65 2 30 64 43 28 76 83 40 44 57 5 50 3 31 90 99 9 49 68 73 41 82 49 29 70 32 42 17 76 52 78 1 69 70 25 74 7 1 9 80 11 68 31 29 90 26 86 19 61 70 86 53 56 
30 3 64 29 30 44 39 93 17 62 10 72 31 24 36 57 25 48 85 38 57 92 31 91 84 51 40 78 59 49 70 33 20 33 64 64 86 65 44 39 52 22 98 87 80 81 86 87 96 21 24 62 81 10 80 74 65 1 71 20 22 30 51 19 62 4 12 13 30 95 70 58 91 40 67 16 32 27 55 51 48 93 99 22 46 19 67 76 26 17 22 45 87 33 15 34 12 33 86 20 66 2 50 42 89 34 94 99 88 29 72 41 35 84 93 60 55 88 23 90 24 18 72 97 62 25 92 72 25 38 68 26 1 52 14 84 1 21 63 81 57 54 67 51 13 10 84 21 15 86 77 11 14 20 4 20 51 75 13 26 55 38 39 75 38 15 91 79 82 19 53 6 43 71 71 72 36 88 54 46 31 80 60 28 51 43 95 55 60 51 9 89 60 50 77 12 83 57 13 19 
31 59 45 62 73 13 39 11 96 23 99 6 13 68 86 3 92 69 4 31 39 55 67 61 53 34 79 81 4 61 91 57 92 8 78 5 31 29 99 60 1 32 77 48 25 49 57 46 41 99 81 60 64 65 56 89 59 54 21 94 6 73 16 67 72 92 52 1 81 20 80 57 77 62 59 35 99 2 24 40 46 61 53 52 46 70 42 96 27 40 68 10 83 27 62 10 46 3 70 66 51 24 34 65 6 2 49 82 62 66 37 49 83 42 19 20 11 11 76 47 35 81 25 43 64 63 81 51 92 28 35 16 67 83 12 50 63 41 47 6 42 83 51 38 32 33 82 79 86 25 11 7 60 67 90 9 75 21 28 54 87 58 48 64 59 37 67 76 26 71 57 18 66 91 18 71 68 25 46 45 1 52 98 41 80 88 70 22 43 40 53 85 9 82 12 26 52 25 51 9 
43 50 4 51 74 36 38 51 56 2 72 20 2 26 3 56 28 88 53 34 98 20 18 47 74 38 5 53 50 99 82 16 1 37 19 48 25 7 30 58 90 29 20 93 74 37 27 82 12 15 65 76 33 46 70 1 15 54 44 88 18 48 93 34 33 65 80 30 27 15 60 13 83 22 29 9 45 72 66 74 63 57 78 42 37 11 43 63 56 61 51 52 50 72 52 31 27 83 99 71 17 59 90 40 21 30 12 40 50 33 84 57 70 63 7 4 47 11 96 60 87 8 37 19 86 69 21 31 68 41 89 47 32 41 82 63 91 2 79 60 27 17 43 55 19 84 60 37 1 47 93 15 94 42 15 62 62 39 59 57 45 86 60 31 8 57 98 7 81 86 45 45 11 23 3 91 95 68 52 15 33 19 94 52 63 16 95 57 15 81 31 35 44 70 25 96 81 8 1 94 
57 74 28 15 92 74 36 39 51 12 82 77 64 75 75 75 91 69 54 54 35 37 14 32 60 75 23 40 19 56 40 45 57 46 35 66 47 21 7 92 94 88 1 6 64 6 29 92 97 97 91 70 29 76 89 1 7 58 48 10 13 85 32 10 77 42 69 14 2 76 65 56 77 14 23 11 98 81 61 12 88 24 37 68 16 22 58 88 10 13 8 92 82 7 57 38 49 10 90 30 42 37 21 50 33 34 9 65 50 98 80 53 99 93 48 21 79 70 29 18 2 85 60 60 13 18 22 49 7 93 56 85 50 97 82 94 95 95 18 38 5 53 94 40 63 54 84 97 3 18 9 9 19 22 64 82 86 15 37 65 84 41 27 52 11 55 58 12 99 44 7 3 44 41 13 90 13 50 3 70 70 60 7 82 92 68 78 32 87 92 11 7 16 97 59 99 6 7 56 23 
68 40 65 43 41 13 33 50 81 90 26 31 21 2 91 48 18 65 50 49 55 85 94 67 33 44 81 6 62 92 23 39 57 49 83 3 32 91 74 88 88 49 43 39 21 98 71 38 96 58 65 9 59 76 53 4 20 34 75 1 47 31 80 96 68 83 19 99 54 15 35 25 21 53 62 85 20 24 18 89 30 41 93 33 55 3 51 89 15 85 18 12 40 38 76 19 66 73 63 89 27 63 57 63 47 34 77 26 36 57 74 8 86 45 27 77 60 44 33 32 87 28 2 95 60 92 54 10 22 49 10 28 68 18 83 11 33 21 79 16 88 78 83 98 33 1 60 98 91 81 40 36 5 91 21 7 24 75 56 76 3 42 51 70 95 58 57 71 49 45 62 12 92 69 88 67 39 39 84 50 69 94 16 6 36 8 67 1 49 68 25 23 75 82 81 71 27 65 22 52 
9 27 12 39 85 67 68 39 9 28 17 19 68 14 73 2 96 81 34 45 45 11 45 15 49 65 72 46 95 72 69 18 95 82 45 23 49 42 33 29 17 61 63 57 87 86 25 41 46 60 41 5 45 99 34 24 68 60 95 99 6 5 53 25 19 72 43 52 7 47 74 65 83 31 3 47 37 4 93 46 3 98 95 48 34 72 6 43 67 66 43 94 90 82 11 9 18 48 69 3 49 87 6 73 48 87 99 65 5 67 93 42 5 51 61 51 3 30 76 97 83 36 81 7 40 9 57 98 33 64 90 53 66 63 43 81 52 83 21 90 81 81 41 57 93 68 4 93 39 75 59 16 59 22 75 14 42 85 9 22 4 71 71 81 46 78 1 17 34 71 29 99 58 47 49 20 7 4 87 51 35 11 69 25 32 76 89 93 89 16 78 5 70 23 75 63 80 35 92 7 
