200 40
76 62 65 77 48 66 6 23 16 29 26 13 17 26 77 10 66 60 88 5 55 61 62 16 51 83 80 85 97 10 1 85 16 48 57 12 3 34 59 87 33 29 95 64 56 22 29 18 1 27 99 50 68 85 25 93 40 66 97 2 72 64 88 59 97 98 43 74 28 20 85 83 48 99 15 50 21 39 7 61 86 67 15 35 60 37 68 12 35 29 73 61 80 50 11 77 42 34 42 84 42 41 1 30 78 58 1 87 29 98 29 60 43 2 52 76 50 34 11 89 56 89 25 81 42 86 87 61 66 71 72 61 63 18 26 44 45 24 72 96 98 17 15 32 89 47 30 92 57 95 72 45 22 66 72 83 75 91 37 27 89 31 52 23 11 68 77 46 64 17 50 94 49 14 82 96 44 24 67 5 1 40 69 97 50 78 33 83 98 84 78 94 30 30 2 88 4 12 75 54 
3 17 17 65 8 1 32 9 40 88 17 98 28 96 63 90 80 74 48 77 90 4 31 81 35 99 53 59 70 11 40 1 39 17 99 28 64 31 21 94 53 1 78 89 95 4 28 33 64 53 8 77 14 93 40 11 82 3 28 50 91 89 61 49 44 98 9 90 27 5 23 91 10 18 40 5 44 78 78 11 65 62 39 26 90 74 8 99 21 57 49 13 40 82 15 79 14 56 37 47 90 16 31 95 4 34 93 37 66 14 9 18 76 92 38 16 15 40 29 41 43 59 11 40 10 83 95 86 40 83 78 92 48 59 38 98 28 44 35 81 56 5 12 48 92 40 96 40 79 83 96 30 44 1 5 25 92 86 95 64 19 74 27 20 94 27 40 95 77 40 56 31 7 43 82 95 6 98 9 92 79 99 5 59 15 75 26 62 84 85 11 6 41 23 76 22 22 14 29 80 
76 6 35 67 43 4 57 61 96 62 63 18 60 52 8 16 69 9 61 95 76 29 6 63 48 77 38 88 61 78 71 6 12 25 31 11 6 71 55 67 64 36 98 2 25 2 29 2 36 16 28 23 62 88 91 82 80 96 29 64 83 78 64 13 77 37 37 39 81 40 96 17 30 19 12 85 71 68 61 47 68 49 40 68 96 83 55 79 46 60 31 74 22 31 3 14 43 10 21 19 41 78 51 77 62 80 70 40 69 23 72 22 35 78 64 1 48 82 66 21 13 37 14 90 45 4 55 78 76 13 53 22 52 55 85 19 31 88 44 33 85 32 33 93 4 71 71 89 86 54 92 78 49 94 45 78 22 67 89 74 47 14 2 14 83 39 70 9 3 13 1 34 89 66 10 31 43 97 29 3 79 68 4 18 24 2 94 9 21 88 75 71 24 82 35 65 5 98 74 16 
66 42 52 49 27 38 39 67 53 57 45 87 95 87 84 35 80 41 40 54 99 47 67 12 20 56 90 93 73 40 5 6 66 89 74 73 74 16 35 44 42 51 92 85 86 48 23 84 92 79 72 49 18 37 58 7 88 34 66 6 3 6 55 15 27 4 52 24 98 4 55 41 28 98 32 96 90 5 22 40 37 56 33 42 85 9 45 91 26 38 7 2 18 40 39 3 90 30 31 45 46 46 44 2 52 44 9 64 52 3 25 45 57 17 65 76 47 8 71 13 75 11 55 26 62 85 98 11 3 12 54 80 58 86 45 69 61 31 64 32 16 83 76 43 96 5 14 98 46 76 82 13 79 96 55 23 81 88 77 84 6 91 64 73 79 69 2 87 97 2 44 43 25 92 19 77 99 64 23 49 26 58 21 36 82 39 51 35 17 90 20 66 44 15 7 68 54 37 57 1 
67 40 62 79 28 14 44 19 73 86 33 99 60 95 83 35 91 76 3 38 28 70 48 23 77 17 31 8 99 59 13 9 9 41 7 48 68 8 76 45 93 7 38 24 51 86 61 8 59 97 63 24 89 91 17 99 62 21 44 63 52 42 18 47 82 11 64 81 31 85 61 2 24 26 37 42 43 91 72 40 18 47 98 35 32 56 99 65 19 84 10 73 64 99 16 4 6 70 56 98 33 67 20 6 85 63 49 73 55 30 36 50 86 45 26 88 73 84 14 39 64 26 47 56 56 49 25 96 98 37 98 18 94 71 69 77 94 37 92 37 6 21 71 57 83 10 64 3 34 93 78 38 18 62 75 30 46 10 65 47 79 29 12 58 33 16 30 35 72 67 85 51 15 81 96 79 27 59 32 97 32 3 14 83 98 15 13 14 52 1 54 71 67 66 14 38 69 20 19 96 
77 31 64 15 85 29 14 76 45 54 38 98 64 26 49 78 13 68 20 22 16 18 79 40 57 15 16 56 78 9 74 96 78 58 57 98 14 28 27 6 99 89 1 71 9 26 56 53 71 24 27 21 76 81 6 48 69 3 42 19 55 99 44 24 93 90 77 62 6 6 65 40 67 78 88 72 16 54 87 81 42 82 58 96 98 22 55 56 92 41 90 7 90 14 36 1 17 22 18 98 55 56 24 71 43 15 96 95 78 4 37 55 18 35 7 43 74 33 21 59 18 24 55 13 79 47 42 20 43 46 72 3 55 74 95 94 18 92 16 34 91 68 99 68 92 78 66 53 98 7 96 51 42 45 29 33 15 92 57 76 65 56 36 68 2 53 74 3 88 5 43 82 48 42 66 16 60 5 31 22 65 38 77 25 57 96 7 58 90 43 75 63 77 47 1 88 86 85 55 90 
39 59 79 57 98 96 57 44 26 33 10 88 59 46 95 65 25 55 60 86 39 17 42 4 9 28 63 9 27 25 40 31 78 80 74 40 34 10 58 44 57 65 73 88 97 38 89 62 95 59 66 89 79 97 52 34 67 64 84 99 66 6 89 29 72 10 83 4 70 2 70 45 35 47 44 12 29 50 87 3 5 54 72 56 4 42 59 48 56 34 97 96 82 91 28 54 89 14 77 17 76 40 63 16 29 47 91 25 23 51 58 55 23 10 46 56 83 17 30 18 46 7 72 68 45 51 23 76 99 63 24 46 21 93 5 26 7 33 84 98 46 11 69 88 17 94 58 58 84 91 35 11 6 49 75 85 23 52 44 63 71 26 92 63 72 32 65 43 38 75 90 1 70 96 91 71 57 76 75 31 78 36 41 94 2 32 77 15 84 64 58 84 72 69 52 34 99 24 11 36 
76 70 61 58 88 43 52 87 6 11 56 79 57 6 1 38 16 57 57 67 3 90 43 62 80 24 19 17 59 73 93 17 95 49 19 47 88 56 93 84 84 95 61 3 74 63 11 71 94 51 76 53 27 46 36 9 98 30 16 93 82 79 84 55 94 69 59 42 99 65 99 92 5 32 11 44 63 29 46 27 75 8 99 68 85 20 15 89 81 10 78 10 98 16 24 39 19 74 27 87 65 16 13 57 10 65 49 46 68 46 49 49 4 72 72 55 20 57 24 48 70 7 52 9 53 25 52 12 11 8 66 27 30 50 77 21 44 39 19 54 34 58 64 82 21 87 38 58 75 1 6 29 12 66 78 36 89 51 16 17 15 15 20 5 37 13 37 28 52 95 63 10 2 10 36 70 72 96 40 22 94 93 5 74 47 32 4 33 51 39 57 97 74 38 31 64 30 47 36 23 
57 51 19 39 66 55 32 24 46 47 3 76 28 81 50 16 68 90 19 39 50 85 82 17 84 49 39 98 9 46 12 10 84 14 54 53 4 67 44 6 81 98 85 24 60 76 11 38 11 45 76 58 29 28 67 67 37 21 95 28 84 99 97 78 48 15 38 32 28 94 7 79 55 43 22 90 84 42 26 7 97 48 90 51 4 94 13 20 38 93 15 86 62 32 48 2 64 72 88 93 58 56 39 64 87 99 29 94 19 96 16 41 48 17 82 37 94 7 37 91 7 88 16 92 59 63 82 1 52 7 25 58 14 71 59 78 96 87 28 56 83 59 98 59 79 71 68 34 19 80 58 3 61 24 17 64 94 13 19 93 32 36 66 43 12 59 86 41 2 24 35 92 95 49 93 80 11 29 69 61 95 36 96 71 22 17 36 21 87 97 76 97 21 78 30 67 72 37 40 70 
64 72 23 78 6 67 89 12 24 79 84 83 9 24 41 28 81 1 24 61 99 92 28 81 51 65 84 72 56 67 55 96 70 29 37 2 79 64 57 20 5 70 77 62 96 26 90 25 41 94 25 87 57 20 39 11 95 31 26 40 40 37 10 2 7 34 49 5 45 95 35 43 38 83 91 92 99 37 73 12 77 83 71 40 54 29 7 4 41 64 35 8 85 63 44 42 66 80 53 80 95 56 17 77 18 12 21 70 11 51 83 81 84 62 57 13 82 15 26 52 80 61 8 68 86 38 52 14 43 64 43 24 25 40 95 15 39 49 59 88 25 61 14 28 55 23 74 98 37 69 88 51 7 14 36 17 37 56 29 9 32 76 13 27 28 39 66 49 94 90 1 40 35 60 59 45 84 61 19 92 11 86 89 94 15 17 14 45 31 11 66 22 25 13 55 84 96 49 22 74 
60 73 5 60 99 89 45 91 26 87 32 15 76 40 12 83 52 34 91 68 21 69 46 49 10 61 11 24 15 38 86 4 93 42 38 12 67 30 95 88 23 73 52 86 10 57 64 71 42 80 53 25 99 55 4 43 23 9 66 34 19 83 54 21 57 33 44 42 74 28 77 47 67 50 61 3 99 98 64 87 97 84 20 94 51 32 27 33 17 81 46 24 12 87 4 2 21 17 90 18 89 51 59 35 29 86 29 32 15 33 81 99 85 14 63 45 46 68 83 87 62 48 19 61 65 19 6 15 52 61 47 10 80 68 10 23 75 50 24 44 23 29 84 78 76 40 50 45 51 34 44 74 27 76 52 15 47 46 27 27 20 35 81 84 17 49 96 77 75 11 14 8 94 55 42 92 39 29 50 62 37 97 75 64 80 37 17 55 26 38 37 9 93 7 64 13 68 62 89 68 
58 72 87 95 32 98 12 89 69 50 71 26 95 26 28 13 56 96 62 30 18 2 75 29 66 53 90 30 11 30 48 24 75 83 11 71 11 35 62 4 82 77 5 24 79 72 62 4 11 50 77 85 4 17 15 81 9 42 58 75 95 71 13 21 53 17 4 41 90 63 74 31 40 64 92 53 51 45 43 43 95 99 32 7 64 93 86 19 68 62 52 24 40 12 96 39 33 17 7 50 17 26 91 13 86 54 78 56 55 88 15 75 56 87 71 38 42 77 34 83 88 57 15 18 89 94 42 21 59 28 66 40 33 66 57 95 66 89 6 77 35 47 22 43 34 57 37 24 81 12 4 20 13 70 91 2 85 63 95 10 75 92 25 56 81 30 15 23 22 16 18 59 33 63 7 90 75 53 74 7 26 40 36 72 85 45 26 19 72 62 97 51 27 56 27 42 8 59 9 36 
97 41 38 93 8 81 85 77 80 20 5 81 34 40 87 43 85 80 26 49 52 27 17 38 56 21 55 1 19 53 39 78 64 66 68 65 18 54 43 8 6 64 66 99 56 92 43 91 1 88 77 83 68 53 78 25 94 39 53 21 12 48 14 24 58 38 70 41 69 14 38 31 86 35 31 2 50 11 65 14 2 4 60 80 86 25 36 65 48 42 13 83 36 69 14 2 96 74 63 40 82 78 87 67 43 50 15 5 34 14 72 28 9 42 92 59 23 61 8 76 37 49 51 8 9 33 58 31 1 94 65 79 74 65 12 34 93 29 37 29 26 19 83 52 38 24 94 39 98 80 14 78 79 78 87 12 50 60 65 30 86 18 94 78 63 95 28 50 57 89 18 93 46 47 17 6 11 67 82 37 32 1 71 89 93 50 42 15 78 68 54 18 75 61 71 55 69 86 57 35 
64 72 50 16 66 18 34 24 33 6 40 11 80 98 64 91 35 15 11 41 28 34 88 91 99 91 19 33 98 81 28 13 79 55 50 36 7 22 29 66 52 49 14 25 94 62 63 90 22 43 44 99 27 32 29 47 15 29 99 84 94 88 46 24 85 26 66 31 13 13 63 32 11 78 51 12 22 11 50 11 94 54 89 29 87 13 6 22 65 48 41 6 1 77 49 52 75 77 89 92 76 82 30 15 2 86 45 65 55 37 18 47 49 44 41 23 4 71 12 11 45 43 36 89 11 41 31 94 42 3 17 17 92 27 24 9 19 67 89 78 89 36 61 92 78 5 91 75 68 99 41 8 48 8 79 31 18 73 84 42 81 96 39 96 54 38 37 7 56 15 79 46 18 1 73 41 76 30 35 79 75 92 87 6 68 37 64 23 16 68 3 89 86 53 52 25 55 11 65 4 
81 6 34 27 69 85 46 3 5 43 87 33 58 79 22 88 41 83 55 26 2 33 32 94 30 94 34 29 52 25 84 57 37 69 44 92 88 62 15 39 52 27 34 90 12 75 80 27 91 10 73 22 51 20 67 34 93 86 58 12 58 76 81 95 25 50 12 11 11 52 59 73 74 19 78 90 12 75 59 56 59 36 31 54 89 4 63 55 17 70 65 23 94 18 82 8 15 15 3 48 7 22 50 75 41 87 89 5 27 49 25 44 13 32 97 90 84 53 90 28 68 17 23 31 30 16 56 63 74 34 87 76 43 43 55 12 20 3 37 99 26 64 47 60 21 66 42 1 5 37 16 21 17 92 1 6 34 41 70 31 73 75 34 61 90 81 43 52 80 33 87 45 76 90 95 71 52 8 34 54 20 23 9 2 31 68 67 14 74 60 93 78 79 8 12 74 16 8 83 65 
59 90 94 28 36 98 12 1 64 48 52 65 38 77 83 8 46 68 69 57 75 49 66 90 7 92 27 27 14 18 3 34 70 87 34 22 41 11 62 48 88 43 22 15 69 84 41 69 37 77 46 4 38 15 57 55 16 32 89 10 9 8 55 93 51 70 59 81 71 91 5 91 94 87 87 90 38 20 1 86 20 96 31 36 48 70 61 38 29 41 70 39 63 49 32 31 47 85 14 49 71 83 81 74 25 23 93 36 87 28 6 5 38 68 66 99 49 60 22 82 88 63 13 61 19 84 76 90 99 75 42 69 85 31 37 41 24 93 84 94 61 51 99 67 37 36 96 37 85 26 83 31 38 44 62 18 21 58 32 16 54 83 86 85 55 77 15 33 36 45 3 12 3 36 28 17 58 45 66 93 1 14 88 28 23 26 60 54 13 14 42 51 54 53 91 42 27 66 59 96 
38 5 83 58 22 28 94 68 38 13 48 37 49 32 66 73 90 86 49 18 76 3 75 34 96 33 97 15 19 58 46 76 86 83 28 64 18 43 26 50 12 94 99 31 40 26 85 30 52 48 96 1 75 1 22 18 12 49 29 86 40 86 59 38 17 31 32 28 75 28 43 40 23 49 64 85 46 93 46 1 8 86 12 49 45 78 65 20 73 47 83 30 85 99 22 22 50 65 14 66 11 3 65 58 90 95 62 21 86 56 66 4 73 21 15 82 3 54 22 58 2 46 79 62 74 16 54 48 4 5 91 98 45 84 12 23 33 52 12 55 78 30 65 58 68 69 23 19 67 47 13 53 14 64 36 3 26 53 75 35 96 68 85 44 95 93 1 52 69 37 31 7 42 36 61 81 13 52 56 77 57 75 55 23 29 21 72 70 57 31 3 1 47 74 14 22 81 47 51 66 
99 98 53 39 88 42 72 90 36 46 11 99 81 14 24 63 49 83 51 10 46 25 16 1 58 42 24 31 60 71 61 29 6 80 1 53 31 72 95 99 56 81 81 91 85 74 78 88 4 51 88 82 79 46 96 97 65 25 70 91 93 84 60 54 81 58 1 8 31 10 6 9 22 35 77 45 21 65 94 38 76 62 24 42 19 23 12 43 62 73 88 62 5 76 68 51 24 26 45 95 81 48 99 13 25 3 91 55 81 81 67 6 60 11 52 80 56 47 56 30 46 82 73 36 87 40 78 13 24 77 30 10 78 81 69 6 61 76 20 16 60 16 88 84 50 88 66 93 85 14 24 52 8 45 18 7 36 69 85 34 75 6 47 44 15 5 9 80 22 51 54 20 51 63 54 70 38 90 60 73 2 16 9 4 42 55 16 67 44 57 82 7 74 5 92 92 83 10 12 32 
99 31 68 77 63 84 95 76 83 95 73 20 52 77 73 74 70 5 80 75 58 19 95 18 45 22 33 64 78 83 18 40 18 35 95 33 37 73 19 97 24 59 60 50 81 15 3 72 24 31 45 11 83 59 98 73 4 16 90 34 43 80 60 31 73 1 63 65 81 82 67 4 68 99 56 75 48 89 25 73 49 52 84 57 14 53 60 48 1 21 90 32 78 49 29 59 34 94 41 44 65 78 10 65 84 86 28 64 20 68 7 47 13 37 67 85 18 69 49 13 4 7 2 28 55 56 91 94 69 86 97 38 56 32 13 50 43 89 46 84 68 22 18 61 85 54 64 62 63 76 35 35 83 43 93 90 41 72 18 5 47 46 1 16 24 11 47 27 11 76 78 6 59 18 27 84 36 72 42 57 20 44 85 84 8 97 33 88 5 65 77 58 36 41 20 45 37 83 81 65 
69 70 84 54 44 74 73 74 33 80 11 93 21 85 91 92 63 7 81 72 87 80 17 58 88 66 4 90 35 40 20 34 61 2 13 72 76 69 98 8 58 82 66 65 54 99 72 89 81 99 47 45 31 84 87 17 59 72 64 10 96 5 16 50 42 43 52 83 66 67 52 77 9 79 67 17 80 2 18 10 61 74 95 82 3 62 60 83 27 46 43 79 24 30 48 60 56 37 45 33 57 12 78 27 29 16 60 91 44 35 72 95 46 74 70 29 48 58 76 2 35 31 84 44 60 59 60 8 48 29 37 63 93 45 21 1 62 35 86 33 88 46 79 91 79 43 16 28 11 16 80 16 28 71 33 48 49 37 96 38 59 61 71 18 18 13 24 42 51 81 91 84 57 75 81 41 6 25 74 24 33 79 18 70 49 10 30 35 34 5 2 92 36 77 91 41 74 58 30 94 
21 34 75 46 53 45 12 33 88 22 65 9 41 36 99 69 77 59 32 15 15 67 33 45 23 36 20 61 24 42 67 67 88 65 95 68 41 85 82 70 58 86 52 81 65 51 83 12 44 65 6 71 22 15 1 74 81 89 1 34 57 78 88 66 34 74 3 88 47 69 28 21 85 59 5 82 88 40 23 96 48 9 25 85 6 65 4 76 58 11 5 93 48 48 26 67 76 81 13 27 89 16 68 4 89 59 41 31 28 20 36 44 9 9 7 77 86 37 60 69 69 19 53 60 16 69 95 90 34 5 47 2 87 43 21 38 88 5 80 46 2 12 42 71 44 84 72 64 82 50 89 74 36 33 63 52 77 60 17 53 27 63 23 31 60 70 6 42 3 16 42 45 30 32 59 98 73 55 38 65 12 22 9 7 76 70 55 88 52 41 10 74 72 75 59 34 26 17 40 34 
63 37 73 60 11 59 45 68 37 85 82 15 55 11 51 22 33 35 72 20 96 69 28 48 32 32 56 53 79 46 52 88 40 47 69 18 70 74 21 10 88 77 75 42 65 14 61 1 33 46 62 78 81 48 22 76 56 98 41 5 62 86 78 79 63 8 50 25 77 64 31 74 84 68 51 66 20 39 3 51 77 5 33 83 9 97 46 26 23 61 6 52 87 46 34 39 27 12 9 76 25 22 67 56 21 51 4 83 14 81 70 68 60 3 78 28 73 12 93 89 27 13 44 87 48 20 12 62 26 53 39 64 6 41 25 50 89 20 26 86 40 35 57 45 74 36 92 8 69 84 60 62 60 47 49 6 38 1 7 41 53 26 35 82 14 16 97 49 85 69 13 68 91 91 58 75 13 97 68 15 89 10 37 36 17 58 16 99 50 81 11 71 3 24 90 27 44 40 78 47 
34 74 17 76 24 78 1 2 48 81 40 87 47 42 47 38 52 57 22 93 84 63 54 35 52 36 23 82 54 89 96 95 78 77 31 71 2 91 73 47 87 63 58 99 92 65 10 43 59 5 41 32 22 32 55 59 1 34 42 59 7 39 83 1 41 12 48 95 91 57 94 93 37 20 71 82 44 82 14 90 68 68 48 84 57 37 88 69 42 90 40 91 49 67 95 33 88 46 36 19 63 44 33 10 63 18 47 7 68 64 26 50 48 16 10 20 58 48 24 34 46 73 86 49 49 43 2 62 91 49 64 9 86 21 58 63 37 28 55 40 37 77 18 90 65 18 96 7 94 34 31 20 81 52 49 1 76 37 70 56 17 90 2 35 28 57 38 25 26 18 64 51 16 92 56 79 91 41 76 14 34 63 75 98 17 95 97 14 1 16 71 83 34 39 16 65 58 22 41 62 
50 76 18 43 54 43 78 23 86 4 48 74 95 86 23 48 74 15 43 88 61 8 95 39 41 78 13 36 43 37 71 12 41 89 92 92 56 34 46 3 53 66 43 59 43 77 42 75 80 54 47 60 69 77 8 19 53 23 17 48 26 63 15 44 24 66 86 97 30 93 62 92 71 4 17 9 23 50 71 24 1 80 92 9 70 39 90 29 39 64 23 47 63 92 91 21 42 52 44 1 19 67 72 36 86 61 15 68 78 47 55 38 77 36 22 77 8 36 88 16 43 47 74 78 98 68 44 83 38 89 7 46 67 99 19 76 40 80 80 81 55 12 37 60 54 66 79 11 28 13 45 23 9 15 15 83 76 34 16 76 57 23 21 77 19 32 47 59 78 7 57 90 95 88 60 35 76 14 10 51 71 12 5 92 79 12 88 9 40 33 51 43 42 95 28 38 17 10 98 27 
19 84 73 78 39 25 70 66 13 19 69 39 68 95 36 36 61 58 65 77 72 91 75 56 9 51 13 46 6 73 50 94 24 68 86 25 50 26 48 40 99 9 86 16 14 58 81 9 57 92 39 49 26 6 89 43 39 67 93 76 45 27 34 8 16 7 25 76 51 8 4 94 79 7 35 53 52 57 10 19 50 88 48 35 79 10 91 21 72 2 14 74 88 25 12 68 14 17 9 51 61 88 56 50 69 31 33 68 5 10 40 84 58 67 11 54 50 23 1 10 25 72 93 61 54 87 99 93 37 18 56 69 98 88 26 26 89 2 98 80 88 36 91 24 2 46 47 25 58 64 35 27 17 97 51 54 61 33 18 3 4 30 85 47 81 26 30 40 58 38 52 9 24 54 81 56 97 45 74 65 21 52 13 92 66 97 5 71 29 79 85 14 33 69 17 6 29 20 86 12 
33 58 71 75 23 12 71 28 46 57 66 41 82 76 25 60 42 32 49 16 69 68 76 20 41 17 72 68 66 87 40 37 87 74 13 89 80 55 56 67 52 89 70 96 45 20 87 88 31 73 72 33 18 56 24 6 44 61 70 64 81 61 77 49 35 15 41 83 43 59 89 72 75 19 85 7 36 98 23 56 60 85 30 77 18 52 66 5 11 50 26 61 72 18 34 48 70 73 50 51 5 20 65 40 10 41 5 64 50 6 24 59 25 64 15 42 64 49 98 13 35 78 32 53 32 49 4 28 85 44 34 87 59 28 77 61 48 48 21 63 79 35 84 90 16 1 20 23 51 42 14 22 11 38 82 33 55 49 78 83 76 21 85 85 1 79 19 31 84 35 29 97 20 80 98 43 29 90 41 12 70 25 6 26 31 25 72 94 35 13 54 8 36 97 98 38 22 67 84 43 
20 62 63 48 9 8 95 28 92 38 17 24 51 44 64 56 28 28 37 60 29 6 99 85 26 9 81 93 55 82 72 63 14 86 31 84 67 92 77 63 43 88 94 18 31 76 33 82 87 70 5 5 33 2 85 45 50 12 17 80 88 58 4 98 57 15 15 5 34 65 83 16 59 11 6 63 35 63 43 93 31 52 22 67 79 19 29 57 75 20 20 51 80 24 11 52 18 17 83 76 77 94 82 53 10 72 18 28 33 74 64 58 27 41 58 16 36 28 1 88 70 2 59 76 1 47 62 93 65 59 5 69 65 50 43 46 64 43 2 80 92 77 64 44 43 6 81 21 72 95 68 10 3 28 3 24 18 97 27 91 68 13 48 52 67 98 35 62 91 90 23 90 83 41 12 20 49 16 62 49 57 92 2 87 41 65 21 63 99 43 74 14 94 46 82 93 51 11 26 70 
79 76 46 44 11 9 89 85 43 79 72 83 9 68 13 79 62 27 49 85 75 79 41 84 42 17 65 28 77 2 22 41 15 67 31 15 8 18 31 13 33 27 83 70 85 37 67 91 79 64 83 49 51 92 54 89 58 77 19 28 75 43 41 49 99 86 1 9 49 72 2 33 60 37 65 18 90 87 35 31 19 1 74 9 43 24 66 59 82 73 16 59 74 38 45 56 79 75 98 69 77 15 43 87 67 54 62 68 70 63 61 42 25 79 66 8 94 15 23 36 59 48 98 65 20 30 78 8 98 80 69 42 38 90 99 22 99 23 17 66 66 7 88 68 42 45 2 90 49 11 66 63 32 45 11 90 54 62 84 45 98 43 56 70 72 43 16 78 99 85 74 55 24 63 60 54 13 42 26 99 51 55 41 85 45 9 98 79 21 78 8 14 26 9 3 96 27 16 35 3 
38 40 8 60 35 62 87 56 56 10 29 20 52 78 8 45 75 13 4 80 79 14 95 24 21 29 66 27 56 61 96 92 44 63 73 72 46 39 82 73 24 46 10 52 40 89 46 17 60 31 82 28 51 79 11 96 80 98 25 85 19 2 21 10 37 54 95 36 9 74 47 81 7 28 76 16 9 38 85 59 90 75 76 85 33 62 56 18 16 74 29 32 22 39 5 56 35 32 91 67 40 84 2 96 24 77 47 27 75 43 43 89 84 65 5 71 43 80 49 8 45 76 96 87 83 90 66 50 55 15 80 86 59 90 64 40 93 11 41 5 60 22 39 27 61 20 85 4 2 53 11 84 85 22 46 69 22 76 25 11 18 21 82 13 85 10 53 30 36 48 76 69 82 94 90 90 40 58 37 2 26 98 57 66 58 30 96 96 56 16 99 56 42 70 14 63 37 61 88 83 
31 3 10 4 43 39 96 30 61 98 97 5 78 95 34 44 94 99 35 25 18 42 38 78 64 8 87 95 58 42 36 25 31 46 45 73 22 81 82 4 77 66 24 38 53 74 54 57 14 41 64 97 27 58 54 55 73 72 31 82 38 93 11 90 17 84 16 49 10 68 77 82 27 27 34 77 86 96 32 74 14 74 25 74 42 14 76 35 13 27 55 71 73 83 40 58 81 11 16 25 1 92 75 61 4 73 21 15 71 54 60 89 90 92 12 48 58 5 98 11 76 65 53 56 56 7 17 20 18 19 37 94 88 48 69 33 3 2 78 45 2 41 34 96 37 88 17 13 67 23 14 77 57 80 19 30 81 56 36 69 22 3 75 52 67 29 54 92 16 3 1 61 71 52 47 88 47 58 35 62 64 63 16 27 51 67 46 87 43 26 90 3 86 55 23 91 31 27 23 32 
19 60 70 5 58 41 56 83 70 30 48 86 5 80 39 85 51 36 64 45 39 28 95 15 34 76 47 37 44 93 68 40 15 78 50 43 30 17 21 53 15 88 50 68 30 59 44 73 79 83 49 44 4 7 52 44 82 62 76 26 34 72 86 33 18 49 84 94 31 92 12 33 9 93 49 56 27 30 18 63 1 69 75 41 81 70 20 67 64 77 88 6 79 27 58 12 97 42 43 30 29 36 97 91 21 12 16 20 63 60 29 24 81 62 9 6 42 86 66 53 49 91 51 44 48 26 51 46 22 26 94 16 92 17 48 97 21 14 17 26 8 20 46 25 91 30 21 6 52 24 62 71 6 73 33 11 10 39 35 5 60 69 8 22 91 3 31 20 76 67 22 45 29 77 39 33 99 41 78 11 81 51 75 89 3 90 4 74 33 34 78 56 81 41 52 17 93 63 16 27 
12 21 45 82 90 52 68 83 40 66 95 16 51 71 39 84 7 18 6 37 87 4 97 70 68 72 13 24 20 11 45 83 7 52 81 80 91 76 6 89 30 6 98 35 72 11 32 81 68 5 77 42 57 49 98 73 79 48 57 80 65 52 8 9 45 56 1 53 41 4 82 52 73 78 95 89 54 15 75 95 94 87 55 44 98 20 61 55 66 79 18 94 93 79 42 73 71 77 47 46 84 78 42 15 15 30 30 26 39 26 12 71 30 8 81 87 54 59 29 59 73 10 39 12 47 36 91 20 28 59 64 2 63 43 28 20 98 2 48 85 72 89 86 51 19 11 2 17 67 12 44 28 44 84 63 75 69 67 2 93 58 44 96 64 23 43 83 13 67 39 90 13 95 49 42 78 4 40 57 74 83 20 52 6 23 45 36 28 5 16 14 37 8 77 88 77 6 22 54 37 
47 96 1 45 10 77 99 25 78 93 11 24 84 66 80 50 40 45 33 39 29 3 66 55 16 40 57 86 40 84 58 48 17 89 99 83 40 37 86 61 77 34 2 75 75 13 4 49 56 34 29 30 19 84 89 94 39 77 72 43 68 54 45 4 35 78 48 31 45 46 1 8 79 74 96 41 95 11 9 64 31 28 84 40 93 24 48 54 74 26 2 22 36 85 23 84 20 82 65 8 44 21 60 85 3 34 15 39 65 80 14 15 81 45 18 86 72 39 63 54 41 3 63 44 62 97 10 10 90 19 69 30 57 81 83 13 66 32 74 89 3 40 38 20 27 5 47 89 73 50 51 13 57 26 76 27 65 10 26 97 66 7 78 19 1 47 90 7 89 86 94 10 27 10 99 96 86 27 90 68 16 74 31 48 41 16 58 89 65 41 87 68 64 66 12 91 95 35 98 88 
28 34 19 41 22 9 8 8 79 59 13 80 3 29 5 44 79 93 36 16 78 63 43 46 51 77 45 17 34 13 41 46 44 75 17 79 81 5 40 2 30 74 59 24 55 89 7 95 8 89 98 94 18 45 34 35 1 60 92 62 53 72 38 54 57 50 19 22 74 96 62 10 50 48 81 93 15 71 72 84 79 67 12 24 38 71 61 86 67 48 63 80 27 98 45 48 61 53 16 61 94 79 67 27 36 73 74 84 76 65 94 6 89 20 68 95 32 33 19 92 45 34 52 66 49 84 56 20 50 79 5 90 37 45 51 45 79 44 32 88 32 67 68 52 31 42 62 6 95 27 1 48 28 13 51 12 13 25 65 64 18 21 77 4 94 88 5 60 75 53 47 99 76 69 85 18 97 26 87 46 21 44 1 45 10 77 55 13 12 13 65 75 58 71 29 94 61 4 24 65 
74 71 56 34 64 51 35 93 53 93 74 59 45 1 14 41 60 40 6 13 34 44 15 13 14 8 21 45 62 89 21 74 55 15 20 32 83 69 43 13 50 7 25 75 76 41 18 42 91 52 84 99 45 85 5 1 95 48 70 58 19 12 89 52 4 13 81 26 53 50 82 85 83 90 40 4 26 60 19 15 25 53 94 18 41 24 59 76 46 93 18 19 29 47 89 37 88 33 8 84 42 63 20 82 19 15 87 14 62 29 85 27 29 11 5 34 91 28 48 11 35 14 33 96 59 65 90 95 78 44 69 76 21 75 26 70 27 48 37 74 54 15 88 49 72 93 83 19 64 66 38 70 30 76 83 58 80 36 61 97 42 17 33 70 56 57 68 20 76 58 55 55 71 86 94 49 23 71 99 39 30 8 99 26 1 52 38 73 60 27 70 12 48 18 68 35 18 76 17 97 
46 97 61 21 95 74 93 32 54 66 23 46 88 27 76 50 39 30 52 53 11 70 19 87 84 62 14 99 8 42 48 62 98 63 98 65 49 3 16 19 17 56 19 54 32 40 99 23 95 90 17 97 77 64 2 69 19 40 56 51 31 14 50 74 95 5 26 94 64 49 95 82 59 8 42 33 72 57 17 60 67 98 43 98 77 50 15 2 5 52 95 45 25 63 18 24 79 66 87 53 84 59 77 69 25 65 34 28 55 25 71 6 99 98 75 1 55 70 2 28 86 41 76 26 31 34 95 52 94 91 27 84 55 76 6 21 58 72 40 81 22 84 9 4 34 35 57 47 53 69 7 91 7 52 43 37 94 69 27 4 85 24 86 32 18 44 23 82 2 73 4 37 18 80 70 95 16 51 33 82 16 91 72 37 11 29 39 23 59 12 55 23 93 8 13 40 17 5 72 97 
31 95 78 17 88 15 19 37 94 33 87 33 74 6 12 37 4 91 68 83 10 49 85 8 74 40 44 47 26 27 76 40 49 75 64 25 76 49 44 45 95 18 2 44 42 48 75 65 7 13 55 56 28 81 82 63 99 31 49 38 63 34 1 29 17 67 32 91 4 11 91 77 25 44 77 43 30 48 41 46 18 6 84 45 45 2 60 1 13 23 75 74 79 56 86 31 52 91 1 33 89 19 79 50 3 32 34 48 54 24 27 97 58 89 72 70 79 28 38 39 35 36 42 77 93 15 51 62 75 66 89 71 52 92 27 82 48 99 89 78 36 94 51 39 44 83 40 50 50 78 35 96 82 88 66 64 23 27 16 43 5 9 16 23 11 49 53 94 78 66 63 51 93 78 34 88 95 6 6 3 75 71 69 91 74 98 68 54 87 13 96 91 58 40 99 7 83 10 75 4 
34 45 95 9 20 83 67 27 58 32 15 65 10 12 5 21 95 49 58 2 90 80 58 22 33 48 43 4 13 5 10 77 83 9 13 81 51 26 65 60 83 32 37 67 5 10 57 65 97 48 10 22 99 45 40 15 11 9 48 29 85 50 95 56 37 91 97 97 36 63 30 61 13 1 25 63 53 50 73 27 1 64 25 83 59 3 84 73 88 34 16 44 7 35 42 49 88 88 42 53 69 87 53 26 38 32 71 46 46 27 49 99 99 90 97 80 63 44 85 91 60 18 39 42 70 52 44 50 33 93 41 40 43 94 30 46 54 18 70 9 79 35 75 76 87 22 21 7 6 64 37 63 20 55 12 19 71 97 94 52 62 98 87 53 51 76 54 17 55 54 15 46 46 66 48 52 58 50 89 55 79 56 32 81 59 39 28 65 3 63 87 50 72 99 75 86 89 28 20 31 
61 71 70 68 58 67 24 15 66 16 1 51 82 1 18 58 90 51 78 57 67 30 76 8 73 42 94 9 62 31 5 97 75 79 68 51 42 9 35 86 83 78 43 57 7 89 22 58 10 79 87 22 80 26 46 21 92 46 93 67 12 95 15 10 92 69 81 39 76 2 56 83 96 65 92 10 74 72 29 25 18 73 95 74 28 58 12 44 92 58 84 56 88 39 11 73 82 10 77 99 30 17 58 74 75 44 17 77 52 18 8 28 83 2 72 84 79 96 41 45 42 46 35 44 61 30 64 58 15 68 26 2 71 21 8 28 88 84 86 29 11 96 27 36 74 33 84 22 3 10 3 93 10 79 15 2 97 37 42 33 57 15 94 15 69 83 74 13 3 54 68 33 18 75 55 19 60 36 3 53 67 64 66 58 64 27 91 95 67 30 13 65 78 18 54 7 91 73 26 98 
72 47 17 79 5 2 21 86 52 1 69 1 32 19 76 67 9 23 3 27 90 76 55 17 29 38 84 66 25 61 86 4 22 96 4 51 10 87 24 24 23 74 78 37 42 92 46 96 92 72 49 7 44 40 57 65 14 17 82 67 63 19 85 1 98 58 70 50 73 41 85 95 82 71 28 13 70 45 36 70 24 57 96 36 77 94 40 70 9 42 43 28 42 77 28 63 46 76 59 21 37 7 51 44 73 35 61 70 60 21 90 33 48 20 89 59 33 82 49 73 56 56 11 93 4 80 56 35 9 94 16 7 46 28 65 13 39 10 23 54 55 63 54 26 8 5 71 19 55 48 28 19 2 3 28 8 93 72 16 61 28 56 83 52 43 49 69 47 24 40 56 9 1 15 70 95 48 55 85 60 88 35 20 51 86 27 38 13 55 95 48 84 49 6 6 99 72 12 10 88 
