200 40
75 75 2 62 47 6 44 63 23 40 14 85 32 82 76 44 23 5 16 20 64 51 36 67 48 34 63 10 82 38 41 42 98 18 36 28 47 96 33 2 98 69 40 68 44 3 81 5 96 31 6 54 86 59 78 34 67 65 87 30 11 93 41 98 10 62 67 67 77 58 14 33 48 38 49 62 74 29 63 93 31 31 64 35 13 10 82 65 34 6 68 32 29 28 90 56 54 53 40 25 84 34 29 99 17 88 86 9 66 7 65 54 70 49 37 6 86 47 93 4 90 2 48 60 80 83 32 56 74 35 98 44 11 68 22 46 47 64 94 53 63 77 32 30 58 30 67 10 50 14 55 93 80 94 71 57 9 6 10 44 15 50 86 68 99 4 37 16 83 11 19 39 9 86 7 66 37 16 97 90 50 55 11 79 49 30 80 68 58 37 66 63 19 43 46 42 94 85 18 52 
44 45 66 27 55 41 53 12 11 5 50 96 42 39 65 34 82 96 6 27 66 78 82 29 30 42 8 46 11 94 95 38 49 92 60 12 84 48 18 29 60 21 88 2 20 26 89 94 10 26 44 22 76 39 74 52 67 31 6 3 35 23 62 44 29 85 73 98 5 40 67 38 16 61 75 88 19 76 29 27 72 60 63 79 35 42 12 27 69 4 13 99 38 74 5 81 4 40 27 6 33 35 21 58 94 45 32 76 56 9 3 49 87 17 79 17 63 9 12 71 55 77 47 57 38 69 38 68 90 77 37 52 89 52 97 8 16 90 75 82 50 44 28 80 75 15 14 53 77 56 93 5 42 73 29 92 56 24 84 24 9 16 24 58 92 10 15 5 97 17 25 27 20 98 24 40 54 72 83 7 97 4 75 46 49 9 76 26 9 59 60 66 77 74 6 40 60 27 91 69 
98 20 83 42 78 3 25 7 99 62 54 24 59 38 46 86 57 28 82 47 6 90 51 17 23 37 51 62 35 42 86 11 75 33 70 44 86 97 24 6 17 82 75 93 26 90 60 64 76 81 24 33 43 75 17 73 7 48 1 15 55 34 41 46 85 25 15 14 2 71 5 20 16 81 1 28 47 20 4 56 25 12 19 83 84 36 60 43 67 33 51 30 27 99 22 93 21 90 10 42 17 18 59 43 88 51 26 21 18 21 70 56 96 11 61 89 23 65 76 19 1 86 99 99 45 33 23 44 77 22 49 25 26 29 83 69 29 86 45 65 32 85 55 57 85 73 46 47 52 57 57 94 98 2 37 19 3 27 39 94 47 14 27 55 24 1 70 92 33 80 50 57 81 8 50 54 84 93 65 49 66 7 98 64 56 72 58 80 92 76 62 36 24 60 36 27 3 25 14 7 
51 93 46 85 86 83 38 8 29 97 63 27 42 27 80 3 27 51 83 83 23 39 8 9 10 48 27 5 5 26 54 87 67 8 41 64 91 18 78 27 15 70 95 61 11 70 64 39 93 8 89 22 15 64 21 61 67 10 43 95 81 6 81 54 27 97 2 55 13 25 6 6 86 13 38 1 37 78 77 27 87 25 47 58 6 46 6 57 95 26 52 75 98 35 24 55 98 34 97 28 17 74 90 11 14 93 56 14 88 21 90 35 79 72 25 59 65 55 32 64 62 63 23 14 26 82 49 61 52 85 98 50 73 34 1 13 63 81 22 69 34 66 70 31 37 19 90 95 61 58 68 53 37 92 25 78 33 18 26 40 55 20 72 92 51 73 5 79 6 44 4 36 43 83 87 84 29 33 15 35 63 26 82 90 88 81 27 39 87 9 24 60 77 7 87 22 19 61 71 80 
33 63 4 44 27 46 83 63 51 77 93 57 55 48 55 65 81 92 83 70 68 92 90 1 49 74 81 30 53 9 58 77 5 14 18 8 24 51 53 32 25 28 51 4 19 97 94 24 11 58 62 38 1 53 27 39 85 70 58 60 57 45 20 85 2 56 71 42 3 29 68 1 35 32 59 80 74 81 90 43 86 38 3 98 35 8 31 98 80 42 9 44 74 37 60 77 67 35 10 88 5 22 72 14 25 32 62 31 64 42 86 68 52 76 48 93 16 2 47 25 76 32 75 24 49 28 24 95 46 92 75 93 75 75 10 14 38 73 4 1 33 24 27 41 53 15 44 68 86 76 18 61 18 84 4 43 24 61 52 84 80 73 12 98 57 33 25 46 19 97 28 32 25 70 55 7 33 98 34 65 91 76 87 50 48 43 35 47 43 81 91 87 15 22 64 49 94 38 60 53 
85 18 7 43 62 47 79 55 50 45 4 14 74 49 69 96 39 27 43 8 22 69 66 76 80 95 58 61 46 51 16 46 29 7 10 39 13 62 90 79 61 43 82 28 13 98 87 76 82 10 84 41 62 79 30 64 20 39 53 16 2 47 63 92 28 87 45 16 96 71 61 35 83 37 47 28 39 47 20 94 91 93 69 64 45 92 62 93 80 88 44 64 54 51 35 85 2 78 32 90 33 93 11 43 36 46 19 30 73 13 85 67 85 96 14 95 89 27 82 84 79 61 50 26 24 82 49 43 70 98 89 83 41 46 57 20 37 88 15 55 33 14 4 15 82 37 38 54 15 3 11 53 36 77 90 19 28 58 25 85 51 66 35 12 39 49 20 85 5 82 55 21 37 69 92 56 2 36 60 58 40 38 63 21 70 56 84 62 87 98 81 30 63 99 88 95 45 21 18 59 
79 7 89 84 88 31 58 80 19 24 72 55 41 16 17 35 4 74 60 75 43 97 53 67 76 17 29 33 2 96 3 29 2 34 74 43 43 58 26 96 74 33 22 44 25 53 9 72 10 47 18 99 25 75 62 81 50 33 38 99 48 46 23 75 63 74 78 58 24 11 50 32 41 79 63 13 8 38 30 51 99 79 42 28 78 25 74 60 82 32 86 93 40 90 19 10 56 22 95 23 23 80 23 78 13 55 91 55 82 65 74 65 69 65 25 53 96 40 82 97 68 9 68 8 71 24 84 27 75 69 19 32 35 63 40 30 84 55 1 64 43 28 35 9 12 98 62 69 74 14 81 87 99 56 76 36 35 40 14 20 14 12 42 78 53 52 93 81 49 73 82 35 83 21 7 74 20 73 46 70 6 41 64 24 70 68 6 72 25 32 1 82 66 42 60 56 70 41 78 27 
99 45 59 70 44 48 45 71 38 25 95 3 12 28 21 71 11 72 49 53 93 41 19 85 31 77 86 69 11 90 19 70 32 53 98 19 11 2 24 9 75 38 5 97 68 26 64 8 46 94 44 25 80 38 94 99 55 14 83 46 70 41 92 42 37 7 16 30 84 60 63 17 53 14 57 73 98 46 36 32 88 97 50 93 8 75 64 20 54 47 60 38 37 49 29 37 83 76 78 74 34 92 32 66 40 23 24 97 70 57 4 15 7 51 36 29 45 21 98 16 94 48 82 13 80 81 95 25 40 30 56 19 26 67 98 26 4 33 71 41 53 29 37 25 69 22 71 1 60 42 64 55 48 85 22 41 69 9 61 73 75 36 16 33 31 54 32 62 13 14 69 71 15 29 4 30 44 80 24 75 22 11 32 7 81 26 46 89 72 98 96 52 58 64 28 85 17 21 99 47 
47 11 38 33 15 98 2 87 35 40 53 44 95 35 91 87 57 5 86 22 47 89 75 74 66 50 70 90 84 66 49 36 41 41 64 98 47 96 34 84 82 73 51 21 98 34 75 56 18 62 39 56 30 61 45 12 98 53 63 29 56 81 37 38 4 12 80 88 16 27 75 48 35 32 75 8 74 51 4 76 19 31 55 86 22 36 93 86 8 52 54 49 72 86 42 64 79 64 31 44 65 33 68 21 36 59 69 47 67 30 20 93 5 54 76 55 65 59 67 44 37 93 87 93 76 25 6 58 12 44 60 11 40 58 57 48 30 98 77 82 20 15 68 50 19 76 48 6 7 73 9 26 31 19 7 7 14 41 74 63 44 93 11 32 82 48 86 72 60 94 43 58 77 48 91 89 6 40 14 83 86 24 61 77 33 71 55 32 27 78 89 23 21 58 27 52 37 44 99 37 
58 6 13 40 13 11 17 11 38 17 13 63 65 11 82 11 76 80 59 66 5 16 26 46 35 10 19 68 4 55 26 51 99 46 85 15 62 79 88 82 81 53 76 77 2 65 43 24 17 19 34 50 73 16 45 83 67 59 26 55 49 56 74 94 18 14 43 37 28 40 35 16 81 45 5 67 34 43 58 29 93 45 53 40 17 66 98 43 15 26 55 78 49 39 35 90 32 27 4 25 29 11 74 30 56 14 16 53 81 60 45 44 24 75 34 56 55 87 3 42 96 26 26 56 23 21 28 55 60 5 84 97 84 12 25 43 25 76 27 53 62 37 23 88 29 31 95 16 7 97 78 99 32 80 58 8 90 22 71 9 21 66 7 74 12 61 5 75 7 53 59 85 95 91 11 81 26 28 57 38 90 16 44 35 39 8 69 52 69 60 83 70 33 31 87 72 32 77 35 44 
65 60 73 37 12 36 57 39 56 66 64 19 88 23 37 76 56 87 78 22 63 46 45 71 71 95 53 50 3 39 78 89 33 88 52 31 1 61 64 21 97 86 62 17 76 97 52 81 45 37 95 87 72 56 16 13 82 13 90 44 59 72 56 78 41 9 8 16 28 4 97 69 76 48 36 56 99 37 90 2 70 76 87 41 17 79 10 17 28 66 98 76 49 66 54 78 82 15 33 87 88 56 50 77 87 43 78 29 55 35 47 30 25 98 45 78 91 10 20 77 3 52 72 39 66 16 67 83 49 1 23 38 74 13 16 39 23 67 82 30 34 84 15 60 4 96 64 91 88 41 39 88 98 62 6 26 6 15 88 87 38 60 69 62 80 67 88 48 78 13 43 52 31 81 88 86 1 66 38 74 2 66 63 43 11 91 92 32 60 57 13 83 40 87 68 52 1 13 62 98 
51 2 21 94 89 90 50 45 29 6 98 29 2 97 68 41 31 54 50 14 27 2 25 18 89 6 63 64 8 72 22 3 59 45 49 22 12 7 81 48 22 80 45 50 33 27 54 32 81 47 14 39 90 79 15 56 71 3 41 6 26 34 63 49 45 31 40 88 9 88 22 63 84 41 47 53 31 63 43 76 94 67 25 90 12 5 98 90 8 68 59 14 94 85 90 34 77 28 63 65 47 2 41 59 86 54 73 9 63 73 2 44 39 82 52 35 61 48 45 90 67 71 86 58 83 96 72 27 26 5 87 20 98 16 8 5 95 90 93 84 99 27 99 3 83 63 65 42 6 76 23 24 19 81 91 8 59 35 78 94 57 30 82 22 30 99 89 67 81 17 75 49 9 92 6 22 95 76 33 80 16 58 2 59 31 67 42 30 92 70 76 7 43 73 15 39 10 23 56 18 
68 90 22 38 61 72 47 23 97 65 74 22 79 49 51 38 53 2 72 72 10 94 77 19 87 94 51 66 69 65 25 2 81 63 72 5 97 42 16 50 37 51 20 12 62 34 96 53 83 29 4 38 54 71 42 24 75 90 59 61 90 12 48 98 90 55 46 80 11 37 37 43 33 67 50 21 82 53 58 44 32 96 80 35 97 94 82 15 41 38 73 97 70 16 8 93 39 10 87 9 44 99 57 44 30 57 9 95 84 53 78 54 42 49 47 7 81 8 43 37 29 81 37 20 54 21 49 30 71 71 40 35 41 74 19 97 70 65 39 77 10 74 1 28 57 31 46 97 52 55 66 33 83 64 95 72 83 70 14 52 30 83 47 2 46 5 66 47 99 34 86 11 5 64 69 9 21 84 23 51 52 79 97 47 48 30 91 98 5 10 47 3 60 89 53 52 2 35 42 37 
60 85 14 11 77 76 26 33 2 79 76 30 27 86 97 7 73 70 47 49 88 77 12 17 45 31 2 48 44 33 56 55 12 59 41 29 1 63 45 37 91 76 88 22 89 4 15 4 28 30 96 79 66 14 30 21 90 91 39 79 14 77 75 80 74 59 17 26 38 5 66 96 96 55 55 47 70 30 40 12 3 25 5 97 67 14 58 90 61 43 40 53 11 40 11 25 66 6 61 20 7 19 9 30 37 34 94 25 87 83 89 48 17 76 90 22 9 96 18 43 75 5 23 88 53 40 80 8 7 16 92 29 27 25 89 57 30 33 26 72 60 84 84 32 88 2 72 71 11 80 26 98 52 94 7 4 61 95 4 48 15 10 30 73 16 41 29 95 94 69 68 10 8 51 41 83 37 19 69 64 92 84 2 75 10 33 11 17 52 27 98 64 8 7 92 70 92 87 45 65 
77 59 50 72 25 35 89 50 49 65 78 14 57 59 17 38 86 7 34 81 11 83 94 83 34 45 93 68 93 32 60 41 61 66 57 90 40 52 79 88 65 79 53 90 6 19 39 33 64 23 31 36 74 29 55 3 5 55 69 19 54 6 65 52 56 64 68 55 76 98 35 62 15 59 54 88 1 80 51 36 99 76 79 85 8 49 29 4 56 77 20 38 7 28 7 19 55 48 77 62 30 66 50 63 91 97 77 2 35 37 46 40 86 63 72 23 5 38 9 78 83 6 39 18 46 93 78 34 53 11 77 4 93 51 18 86 91 88 16 23 3 83 17 39 18 76 4 42 58 90 89 23 78 34 20 54 66 94 73 91 42 47 63 74 60 45 34 25 6 27 62 47 97 14 59 28 88 9 67 38 61 99 63 30 35 55 55 39 59 27 85 84 18 50 28 68 25 42 89 73 
89 58 10 10 42 57 43 92 76 26 25 96 14 95 30 83 37 10 99 29 94 24 38 22 97 12 16 66 23 57 64 79 10 62 80 93 62 39 27 55 49 15 27 23 2 34 71 71 17 50 13 88 54 34 68 76 38 70 19 51 58 57 11 43 65 6 54 96 77 44 21 70 73 11 49 35 1 62 41 79 65 64 62 3 41 3 43 19 64 71 76 58 37 81 20 62 24 59 97 88 54 42 93 7 19 83 58 4 78 50 7 76 51 23 17 39 24 97 31 18 46 82 55 54 31 1 59 5 55 89 79 37 61 2 14 35 54 1 24 95 5 66 37 31 45 93 45 66 73 87 1 41 52 72 25 10 7 81 98 39 28 66 70 11 68 90 50 21 48 31 15 80 47 80 2 12 14 44 15 54 56 43 22 58 50 11 53 91 34 94 6 34 10 59 37 79 44 78 72 36 
76 66 33 91 84 69 34 40 6 10 37 46 74 71 64 55 49 10 57 82 4 50 77 13 36 87 6 2 64 87 44 76 24 87 18 32 73 93 66 35 91 82 55 24 75 2 67 6 44 67 6 56 37 69 95 26 13 63 80 31 51 80 26 61 52 17 16 75 36 43 57 2 43 98 74 41 35 91 14 62 91 4 41 6 15 84 44 81 27 55 29 71 69 5 23 26 5 96 73 66 17 61 49 83 6 1 37 41 97 87 47 70 36 63 7 74 82 41 65 25 24 5 92 67 63 7 78 14 26 71 33 48 57 91 85 25 23 34 88 68 8 31 11 73 20 88 45 5 83 81 4 99 46 56 17 61 75 28 37 67 59 83 38 64 4 78 12 68 37 41 71 65 9 66 50 15 87 24 3 43 60 50 3 48 39 54 44 98 51 14 42 32 47 77 33 59 97 65 69 57 
77 4 42 61 64 99 49 54 6 94 8 93 70 97 11 92 25 73 50 14 39 35 23 72 85 47 27 34 36 28 58 16 65 45 20 88 49 19 12 72 66 22 38 41 94 76 4 17 15 58 16 75 10 92 80 45 62 58 9 5 59 84 12 83 87 52 2 64 34 94 93 80 90 94 3 16 47 90 46 8 98 67 44 45 38 65 16 66 63 73 84 63 71 35 73 78 62 44 7 8 37 44 13 94 96 33 20 38 48 58 56 86 94 21 55 41 44 71 49 54 6 13 72 28 90 1 61 20 9 39 53 36 75 87 88 34 6 54 8 25 15 99 52 70 22 38 67 82 46 31 97 26 10 95 90 19 35 97 94 26 46 57 60 69 70 43 40 19 34 77 85 97 66 33 53 78 98 36 98 87 62 62 80 3 92 39 58 52 24 46 92 16 92 16 47 27 39 29 84 67 
43 65 2 10 8 70 24 5 13 41 83 28 31 70 81 76 39 5 24 3 23 53 27 18 78 79 14 89 7 8 14 46 17 17 67 70 28 45 20 6 64 89 26 51 58 5 47 65 53 99 54 63 95 46 25 19 43 71 44 62 60 59 6 83 19 54 10 30 99 56 67 5 90 23 93 72 86 72 13 51 91 78 58 20 16 72 70 15 80 45 96 29 11 43 93 15 42 72 24 81 18 95 59 96 86 35 79 83 8 69 71 26 47 34 30 65 79 25 58 98 84 94 66 83 52 51 72 33 80 64 3 20 74 59 90 72 46 20 79 79 17 87 18 85 16 61 63 93 77 97 81 66 48 13 45 20 77 78 34 32 27 25 39 38 64 40 54 28 63 71 85 54 8 22 45 23 89 53 52 99 7 84 34 9 66 94 27 31 81 17 74 6 76 46 27 29 80 31 44 57 
30 21 19 55 75 61 61 25 42 94 5 98 73 65 34 41 48 8 74 5 85 44 88 32 43 86 79 54 19 34 89 91 49 77 99 52 9 96 29 36 13 58 36 30 14 19 20 11 5 26 17 43 17 14 3 82 22 7 94 72 29 18 44 46 86 49 46 24 81 92 33 19 43 28 75 28 35 25 84 43 64 43 10 41 73 28 40 88 46 18 2 43 5 38 62 48 10 4 28 40 63 18 44 40 3 73 92 62 8 53 98 8 95 27 23 66 22 56 66 19 83 89 70 33 15 64 14 67 90 10 15 67 21 40 30 70 60 62 56 1 98 70 30 72 66 47 24 88 32 66 53 41 4 88 70 12 30 65 66 70 94 36 73 76 25 30 59 77 85 64 34 13 78 46 46 7 46 72 82 76 72 27 68 26 75 84 69 48 16 9 89 28 92 52 73 35 44 54 2 31 
53 44 57 17 77 35 70 23 99 12 40 38 62 33 32 20 2 5 5 71 51 76 16 41 39 45 15 22 88 50 48 52 19 80 57 17 44 65 79 44 74 82 46 10 13 54 85 34 61 49 20 81 14 79 66 62 62 4 40 34 91 26 49 96 83 93 96 96 15 3 82 26 57 91 2 23 78 45 44 69 41 93 94 92 3 13 33 66 16 24 37 9 31 91 76 83 89 29 18 1 32 91 24 13 93 82 50 21 3 48 51 70 84 80 72 50 60 20 59 96 45 47 48 90 50 92 73 59 81 29 64 72 41 76 45 48 26 99 36 48 28 7 50 80 35 55 98 97 31 44 88 96 91 19 18 23 92 71 85 65 3 38 81 55 84 1 92 74 98 86 2 47 99 66 85 43 37 60 17 77 58 29 64 12 1 82 90 50 4 72 55 46 96 99 11 94 7 8 9 37 
14 15 58 20 8 15 44 78 12 35 80 21 23 60 78 23 19 5 26 86 50 8 88 38 46 38 10 34 12 85 6 54 28 71 72 8 53 42 80 29 23 69 80 78 48 53 93 43 17 19 24 38 93 19 48 4 20 32 20 7 12 64 71 42 64 47 9 28 48 40 18 14 12 28 57 72 77 22 65 3 46 60 54 32 95 10 17 14 78 59 18 27 24 28 2 78 41 61 87 1 12 29 73 53 95 29 30 23 29 85 9 21 25 50 36 86 74 99 14 86 41 38 21 12 69 96 15 82 76 31 27 43 60 26 66 65 92 90 19 48 22 63 46 16 72 6 87 21 48 9 57 42 27 88 49 81 64 87 30 73 90 76 45 74 15 51 16 68 23 33 40 67 73 73 93 8 8 46 27 54 38 54 67 97 55 28 20 55 28 21 65 70 1 17 60 14 93 23 40 81 
7 36 53 23 50 96 61 55 53 24 46 99 47 90 6 67 47 99 22 4 49 87 59 88 35 25 62 32 67 13 62 78 91 88 71 4 37 20 84 18 15 7 78 64 19 83 16 16 28 17 38 83 99 6 73 6 78 82 31 56 89 13 1 43 41 93 60 5 25 56 64 13 14 64 55 72 65 13 56 21 20 32 72 29 97 83 92 1 7 62 89 71 33 95 17 11 49 44 12 19 7 99 95 32 44 90 69 18 80 73 21 74 16 40 17 36 38 17 9 68 13 58 33 71 92 56 4 73 9 33 22 42 78 45 70 71 1 79 15 93 56 57 3 70 12 35 65 97 14 96 17 3 91 64 54 48 60 88 55 27 14 56 83 65 32 84 84 24 75 25 85 94 89 60 97 4 1 9 13 7 19 19 10 96 37 72 47 96 31 85 65 62 58 5 90 84 61 12 30 83 
18 91 73 40 21 39 51 2 79 77 67 69 39 52 1 92 60 69 44 87 18 3 5 33 2 86 2 72 13 22 72 12 69 73 64 23 3 69 40 41 57 1 78 66 92 26 69 61 80 63 18 53 10 98 43 34 81 79 79 59 10 20 74 49 26 95 87 87 71 48 96 21 6 81 89 61 99 65 71 86 39 31 58 34 23 77 83 10 65 64 91 80 95 18 43 79 53 27 13 3 96 44 87 10 93 87 69 25 30 39 75 38 4 42 35 1 26 8 92 29 24 10 7 4 38 84 50 70 23 35 8 37 46 27 82 75 90 88 86 25 52 16 50 84 44 65 16 20 88 59 40 60 25 83 93 97 7 89 61 90 1 89 42 59 88 64 49 88 63 53 10 30 35 64 65 94 28 68 70 62 78 99 94 72 37 56 21 31 71 1 47 8 58 59 84 38 92 25 58 18 
56 71 33 36 99 57 77 18 13 80 78 75 64 98 68 1 95 87 47 7 18 45 86 24 13 89 28 8 32 59 83 31 97 13 36 86 3 28 37 89 9 4 11 72 51 61 49 91 31 39 17 21 23 96 47 56 70 16 45 13 88 96 83 26 62 59 9 52 46 47 35 68 65 19 48 70 15 59 4 76 61 68 29 23 41 69 18 68 60 6 39 89 95 41 29 86 94 57 94 76 74 58 15 98 24 70 35 13 99 35 76 98 31 19 26 55 16 7 42 4 24 4 55 83 94 35 64 56 38 47 39 3 32 7 19 25 29 99 16 44 49 34 10 3 83 35 52 62 91 52 63 7 7 52 36 38 31 24 32 79 35 75 83 76 62 36 92 90 26 53 34 8 8 98 48 31 62 61 51 87 12 50 26 20 52 96 26 95 47 51 77 99 31 84 73 39 9 88 79 39 
16 38 37 46 94 69 19 19 91 85 8 12 47 58 45 74 55 62 24 54 57 72 88 4 49 65 35 74 77 19 11 21 41 13 15 99 89 30 98 66 24 52 62 81 97 65 62 4 15 54 2 96 31 7 38 22 55 13 80 47 46 63 88 36 15 50 73 59 23 67 98 85 83 11 78 86 64 77 79 34 81 65 20 4 3 76 68 71 49 11 46 15 91 72 25 12 55 66 31 44 12 98 37 94 90 78 72 46 68 14 16 84 74 17 96 95 90 99 96 69 49 77 49 95 34 65 40 66 80 81 6 73 77 44 34 12 63 74 65 78 27 93 89 72 13 26 50 90 13 96 42 36 73 32 10 10 89 61 52 18 11 14 18 63 37 22 8 56 19 17 73 4 60 35 20 17 15 12 1 7 89 84 23 88 41 93 46 75 78 78 80 85 64 83 85 36 10 50 76 47 
5 62 55 23 21 79 48 15 16 17 82 24 29 70 2 28 58 47 8 10 59 61 60 62 44 32 74 87 85 91 28 92 12 74 51 93 9 27 37 14 23 2 32 85 54 58 43 48 64 66 35 49 70 2 28 43 49 48 4 92 34 97 97 69 15 49 7 51 43 10 83 24 24 96 39 82 24 31 41 29 64 45 18 72 25 76 52 31 46 71 86 30 23 84 22 2 10 79 15 88 17 24 82 39 15 96 96 9 31 82 89 62 51 75 49 73 17 77 24 21 29 95 18 92 47 48 92 85 87 59 69 1 24 61 27 52 88 93 99 57 71 6 81 43 19 53 25 45 38 99 39 6 91 15 90 75 1 80 5 12 44 82 64 81 58 16 10 57 38 83 40 22 36 95 12 64 62 71 37 82 83 36 89 80 28 23 98 71 76 76 51 76 72 43 92 23 14 82 27 49 
86 73 22 73 71 74 57 34 76 43 19 47 86 59 12 84 77 37 33 57 16 34 66 17 53 43 85 51 34 1 52 89 89 77 18 99 41 87 23 87 98 80 98 99 62 47 61 19 18 17 21 71 45 57 72 18 9 76 3 61 65 21 86 43 58 75 88 42 22 64 61 78 79 52 46 9 41 41 74 32 8 73 67 84 69 29 34 40 6 29 72 13 84 31 70 58 61 33 4 68 83 73 39 73 85 27 30 45 91 10 21 92 16 75 43 65 59 18 21 51 14 68 63 75 59 99 70 6 66 21 32 47 92 82 26 43 86 73 19 76 83 21 67 69 10 91 17 83 80 90 1 20 99 64 44 17 60 95 57 54 43 8 43 47 20 62 91 54 50 61 82 70 84 44 84 31 60 90 56 9 5 18 43 17 34 84 82 7 54 87 97 70 59 60 4 38 33 79 4 77 
27 70 32 10 93 79 20 8 86 94 39 2 77 44 57 88 81 46 89 64 59 20 94 17 20 75 75 31 13 21 83 86 37 58 13 58 35 85 5 17 94 95 43 28 48 76 60 53 76 13 33 48 1 82 80 64 92 60 72 49 65 16 19 45 78 14 78 88 38 15 54 14 94 74 92 49 43 44 89 17 25 68 81 36 27 89 54 22 79 45 36 82 62 65 2 24 94 80 72 45 47 11 12 43 30 75 31 7 4 87 87 23 70 56 80 72 79 84 57 33 25 72 10 75 47 15 75 67 31 2 37 72 5 17 22 47 46 42 3 45 74 53 98 15 56 21 72 1 4 12 35 41 72 88 39 70 65 8 84 20 29 21 18 13 56 76 28 70 85 18 50 8 99 83 66 37 28 6 3 64 43 16 30 90 65 36 66 13 59 86 72 23 34 82 57 11 44 34 73 56 
3 2 30 91 22 74 72 13 30 11 71 84 68 28 56 86 5 20 84 75 35 56 37 85 78 82 25 26 84 23 83 82 27 77 74 19 6 21 88 73 49 8 40 64 11 65 72 82 70 2 53 97 37 97 78 55 42 13 69 77 47 82 76 63 39 20 72 88 30 13 59 6 61 26 66 42 98 3 47 4 34 60 83 71 88 93 83 4 9 74 81 36 65 51 38 79 58 49 40 22 15 67 4 27 85 85 67 37 50 57 99 69 15 14 94 18 10 62 71 52 95 86 77 22 56 47 86 49 5 82 98 36 77 5 40 57 41 5 63 68 85 49 50 97 31 81 5 54 20 22 61 19 24 67 78 52 41 89 42 91 95 39 65 49 38 42 87 14 46 2 73 53 23 96 16 9 1 82 33 99 35 92 70 21 10 36 1 47 36 96 22 25 49 39 59 81 14 99 64 17 
39 37 2 17 11 20 30 10 12 65 43 17 86 95 27 75 12 16 99 7 98 13 14 16 90 57 54 86 62 2 38 90 23 81 15 79 15 15 68 87 12 5 15 32 22 34 2 16 84 69 10 20 71 62 55 12 89 43 84 39 77 29 77 36 7 18 46 15 80 90 37 75 35 11 27 95 42 25 29 39 3 63 85 53 52 37 73 64 59 43 4 86 25 57 17 12 83 42 88 19 99 39 28 67 74 76 75 99 40 63 3 41 61 90 19 1 35 33 62 69 92 49 4 21 97 79 49 13 47 46 37 83 68 55 36 57 25 96 51 38 11 42 18 14 53 45 5 56 13 43 14 18 83 56 79 37 89 88 69 31 91 24 83 4 79 32 55 39 78 64 50 5 47 55 66 52 72 20 36 14 80 60 23 7 24 58 25 29 93 78 70 62 10 70 24 72 27 64 79 7 
68 30 96 61 63 13 10 82 22 28 57 81 54 71 57 38 34 54 92 43 3 98 10 2 61 43 19 36 79 40 93 78 86 56 73 78 79 70 59 96 16 77 19 11 22 86 82 11 83 20 45 1 52 13 65 99 45 16 66 40 40 95 34 68 83 28 19 45 81 8 38 45 6 41 68 57 93 49 54 84 45 65 3 44 24 41 84 66 58 37 35 95 40 31 53 93 27 15 4 31 39 93 14 95 59 86 73 89 38 26 40 28 87 61 33 40 84 51 35 69 69 73 93 72 47 18 23 23 86 85 96 5 21 96 55 19 46 82 4 77 25 88 10 11 81 74 5 58 5 14 85 77 48 95 12 39 30 22 10 25 31 9 65 35 95 85 32 81 35 97 27 89 21 3 31 99 93 73 87 68 52 96 6 61 63 71 58 63 57 14 82 69 28 52 79 90 32 29 13 52 
14 32 34 23 99 62 32 14 89 32 65 45 76 58 61 41 73 27 70 2 14 97 60 91 53 95 19 50 63 20 57 85 39 39 4 76 96 91 8 70 69 85 41 86 13 99 93 16 4 85 75 16 38 61 19 18 31 17 73 22 20 15 14 97 61 83 29 87 33 25 34 2 32 11 60 23 76 82 60 1 5 51 9 59 74 1 97 90 64 82 42 58 75 21 76 92 25 8 55 1 54 7 53 53 22 52 64 95 10 48 6 42 17 69 14 77 66 60 42 56 97 36 69 4 72 82 91 16 73 55 25 58 3 79 9 67 83 53 99 50 57 42 75 82 87 82 34 12 58 83 95 55 72 21 97 3 55 44 1 10 51 70 82 5 24 88 45 88 58 58 8 29 61 7 10 65 57 36 15 7 92 14 1 34 34 81 71 97 67 49 48 18 1 96 71 84 59 76 6 60 
29 65 17 8 39 74 82 29 32 65 32 73 59 9 91 62 74 28 90 69 32 94 61 19 88 36 35 87 3 30 45 4 34 4 28 46 43 38 20 46 92 65 59 86 48 68 86 2 73 82 43 77 38 94 72 50 9 42 20 11 58 15 30 97 57 54 52 4 80 53 35 72 2 56 30 99 99 59 89 31 51 10 68 64 36 6 22 51 37 98 7 92 36 91 81 40 18 37 8 1 69 40 47 28 77 59 62 30 33 2 20 67 24 27 84 50 45 48 26 40 90 27 14 52 54 78 19 51 34 69 14 54 29 17 74 30 39 91 75 98 66 13 94 31 13 54 11 52 85 39 6 36 88 43 61 9 32 94 61 48 25 70 90 84 78 3 36 98 5 72 86 23 18 13 33 41 35 9 66 90 73 98 79 57 51 68 67 80 88 58 26 50 9 59 54 10 35 16 50 51 
42 84 98 65 67 12 24 29 13 62 91 43 75 29 77 53 58 61 65 62 75 67 44 34 45 12 15 85 95 19 82 95 62 69 62 99 89 3 76 90 27 16 55 18 34 63 36 90 78 57 65 76 33 67 95 97 82 24 88 38 15 11 14 36 30 73 48 90 32 12 75 56 36 85 88 46 63 13 89 32 42 68 84 43 10 83 89 64 13 51 30 42 2 18 37 77 39 90 49 32 90 33 14 22 35 67 86 24 56 73 31 71 44 88 16 56 98 9 21 27 29 85 33 91 49 31 45 14 82 14 59 16 58 59 86 80 18 54 43 43 6 38 54 2 77 13 54 10 93 36 83 79 26 22 90 79 51 45 32 37 54 37 73 38 29 85 85 25 77 39 50 98 8 1 53 18 36 34 91 98 88 59 69 15 96 54 96 99 1 55 92 43 48 54 84 90 96 6 7 50 
36 45 28 27 41 11 3 18 84 75 21 34 34 87 46 93 1 86 81 3 31 96 69 58 13 34 92 45 72 5 69 37 73 1 62 98 22 5 68 80 60 89 25 24 71 16 11 60 76 33 40 10 35 81 69 78 48 87 91 66 53 68 40 59 29 32 87 32 91 71 45 50 96 72 62 68 40 9 30 28 54 41 74 62 13 23 65 91 28 92 9 26 51 81 49 64 71 8 73 95 19 79 3 97 62 93 2 35 8 35 71 64 3 78 53 30 32 89 27 65 21 20 12 92 32 13 66 24 69 98 86 60 73 97 10 90 25 20 12 93 45 62 5 39 91 14 45 81 63 51 23 68 95 38 70 35 67 30 59 5 91 71 97 91 23 94 36 96 54 21 60 13 20 62 99 19 88 17 18 85 73 75 21 71 22 15 53 23 24 3 96 77 6 95 75 60 36 39 49 86 
86 94 2 61 56 25 19 85 90 66 95 17 77 98 90 83 97 46 59 56 31 77 52 54 48 10 14 40 17 4 85 21 3 63 3 51 62 42 97 30 51 35 95 1 18 84 19 54 7 78 86 24 58 48 9 91 7 72 94 81 83 73 47 64 15 21 65 57 21 27 42 20 19 52 67 61 21 1 25 32 33 21 95 29 58 9 53 96 94 6 69 22 35 95 9 37 66 10 33 22 75 25 97 1 38 62 56 42 30 89 53 60 22 17 32 16 76 5 31 14 55 53 82 4 14 12 14 82 3 74 49 91 68 78 8 16 51 9 4 87 89 94 46 84 15 11 40 28 55 77 84 86 32 59 76 72 64 67 6 45 65 58 58 7 44 32 16 8 3 36 55 41 43 61 48 46 58 46 61 9 39 72 58 59 69 68 96 71 31 6 29 68 99 6 4 14 46 29 66 21 
44 10 50 97 16 29 96 55 6 65 75 57 34 5 70 26 1 56 43 11 79 58 31 87 21 75 49 58 54 97 88 52 83 43 17 25 87 54 78 58 27 3 93 61 33 84 60 68 18 23 51 41 68 68 18 69 48 98 86 67 97 15 61 75 34 48 22 63 49 54 25 24 15 16 5 79 76 43 69 77 57 70 7 91 57 62 79 24 52 7 26 1 94 20 63 75 15 43 83 31 19 46 56 71 87 24 27 32 81 98 19 73 36 19 29 81 62 58 34 69 50 20 86 77 63 32 14 71 46 48 21 46 15 51 90 19 65 47 80 38 68 71 25 74 73 85 36 28 4 75 2 24 61 57 86 16 24 69 31 82 45 81 52 28 56 85 46 86 65 3 81 15 55 79 8 98 88 89 47 50 99 33 99 8 5 36 44 36 92 52 33 26 31 61 96 95 62 69 42 90 
38 98 54 98 1 21 15 19 8 46 9 92 6 34 95 71 21 77 21 39 65 1 11 12 33 63 76 39 97 54 10 3 22 98 86 19 45 51 65 35 92 3 87 31 72 75 76 21 75 23 39 51 74 34 66 1 25 28 29 81 66 59 82 38 20 14 65 47 90 10 98 21 66 99 86 2 16 67 14 64 92 31 52 20 32 40 51 8 53 78 48 3 57 61 58 14 28 38 84 78 33 88 10 71 23 28 98 97 28 4 3 95 65 95 51 37 33 15 60 25 11 9 27 97 64 55 32 24 39 65 38 6 65 82 90 80 55 83 19 14 4 78 35 9 88 9 32 97 70 51 87 48 92 13 61 59 81 34 96 62 47 88 19 24 81 84 36 40 58 58 40 44 36 84 5 96 55 66 86 95 38 42 25 69 90 83 43 80 3 91 46 23 46 4 21 25 74 88 40 46 
14 55 40 13 17 96 2 8 24 28 96 39 46 37 20 52 12 71 79 52 62 44 99 9 52 34 17 57 50 81 83 96 41 93 63 88 22 38 38 60 4 50 98 2 12 27 54 69 85 30 26 81 79 86 50 20 61 84 75 33 13 80 66 31 28 90 1 88 20 97 70 46 10 47 81 7 37 51 53 38 53 81 21 69 25 79 32 98 32 45 49 84 68 47 48 50 43 14 21 83 78 42 69 35 11 88 14 23 90 77 85 26 82 95 33 86 65 92 15 15 32 84 7 81 87 51 97 23 55 34 90 40 68 41 3 95 76 43 63 19 43 75 20 2 44 38 29 1 71 94 66 36 30 71 17 92 39 60 83 20 33 18 81 28 57 63 39 95 75 79 1 63 61 15 24 35 5 80 80 80 11 54 55 32 95 74 49 87 91 45 74 7 44 36 60 17 14 76 48 5 
