200 60
29 1 9 25 10 59 43 5 13 66 14 25 28 12 34 1 16 91 86 12 11 17 35 2 28 18 24 90 72 53 92 75 41 13 74 42 31 27 7 66 46 70 36 24 5 70 26 94 40 13 61 69 13 45 54 58 17 86 52 90 79 35 43 30 74 67 61 72 25 53 97 60 12 55 96 80 76 39 74 77 30 77 15 54 59 58 81 83 31 87 24 11 1 2 79 59 18 67 84 42 32 90 78 62 96 23 9 21 82 67 41 24 74 87 60 90 85 7 81 55 59 22 54 76 75 5 66 42 60 13 56 77 88 88 13 48 90 73 85 69 61 8 89 11 62 43 11 5 32 42 17 49 89 88 55 14 42 94 67 53 90 4 89 3 34 98 64 92 80 7 40 52 50 10 82 15 80 45 80 23 36 15 50 40 12 90 41 50 39 22 44 67 94 42 98 44 7 71 95 73 
54 2 51 51 97 14 10 36 82 87 60 23 38 69 90 50 39 41 46 56 37 60 63 20 86 81 2 84 83 97 74 94 91 61 78 25 75 25 30 10 32 65 87 76 19 19 93 78 90 11 95 23 26 88 86 3 60 50 29 28 18 77 88 61 42 66 68 41 24 60 36 21 41 76 56 93 80 43 24 28 74 29 91 97 32 69 5 12 65 6 31 50 30 11 89 87 45 22 86 31 35 73 45 49 52 26 33 2 15 97 98 75 33 97 99 9 45 54 34 28 43 50 73 78 9 49 92 51 44 30 1 22 98 19 73 72 6 17 84 32 12 35 35 1 7 22 86 85 57 98 90 29 34 88 24 42 47 48 15 33 78 96 76 42 7 50 38 71 44 54 76 12 64 9 48 83 38 6 17 58 59 56 91 94 79 26 49 70 37 60 72 11 91 24 79 23 51 22 53 23 
1 10 10 18 87 99 29 1 59 7 74 48 51 60 8 94 19 90 91 2 94 80 44 14 46 23 95 12 30 77 42 73 47 28 6 25 5 34 90 2 65 93 35 1 10 94 71 42 86 73 81 17 72 70 52 51 31 84 34 59 61 33 93 99 62 7 71 33 82 22 41 74 80 84 60 54 79 39 32 72 26 28 56 54 39 49 91 8 76 10 5 78 83 83 34 7 52 66 39 85 76 35 63 13 10 98 83 50 19 62 72 79 44 73 50 59 51 86 42 77 91 18 39 14 54 96 45 89 26 26 41 29 45 40 39 13 60 56 36 35 83 33 74 60 49 28 92 76 66 53 88 56 81 28 68 10 28 43 8 41 88 6 9 7 45 9 50 68 41 75 50 53 32 22 20 7 46 13 18 50 41 17 11 37 53 61 25 11 64 91 7 56 48 26 74 62 34 10 79 74 
56 92 68 65 72 17 20 83 48 74 25 78 70 58 63 17 30 54 10 96 7 16 18 23 47 48 98 95 48 88 5 87 39 90 10 23 59 98 92 66 42 37 12 94 96 84 94 86 87 62 14 97 15 9 69 46 1 64 72 89 63 52 22 12 4 58 90 98 85 16 1 22 15 81 14 22 22 22 2 84 44 90 35 28 6 12 63 78 1 62 92 56 69 49 71 52 86 94 68 14 37 16 56 25 1 7 91 82 30 16 95 85 36 35 35 10 64 72 8 93 81 39 19 17 51 28 62 80 21 96 6 92 98 47 69 46 35 9 6 99 8 16 85 60 97 93 74 66 75 37 16 64 78 91 11 95 95 36 5 70 44 62 61 57 55 57 48 59 54 86 17 95 39 68 83 82 64 64 13 20 24 54 94 63 28 18 30 14 85 20 10 94 89 87 96 31 92 93 5 37 
70 90 48 73 98 21 17 17 12 91 15 59 10 74 54 82 21 85 31 13 10 90 32 31 84 12 36 76 2 32 26 56 69 7 92 46 61 62 41 3 15 10 94 67 43 47 5 69 38 64 57 38 79 52 75 4 35 11 28 8 75 48 35 6 75 93 75 77 18 3 92 28 6 60 98 99 65 89 83 73 51 58 21 79 55 81 72 97 12 34 94 70 2 53 47 6 63 41 95 81 94 80 23 56 61 31 29 71 1 41 42 59 34 56 24 49 64 17 73 75 89 72 38 78 5 85 13 17 10 37 55 71 18 32 82 49 56 9 84 93 77 40 29 87 63 46 64 62 32 95 30 99 45 12 57 44 10 84 84 5 90 69 53 60 12 97 22 71 66 82 68 81 18 24 97 24 14 18 46 31 84 56 90 35 54 42 55 82 43 88 12 30 80 27 92 62 4 15 92 86 
7 50 12 46 32 3 29 61 30 84 98 76 49 31 87 19 84 96 78 53 12 85 98 7 20 83 55 6 39 88 59 5 73 46 65 20 32 74 96 55 61 97 79 40 74 80 72 55 83 55 99 67 32 55 80 60 25 45 60 62 57 53 46 83 50 3 31 42 79 39 30 96 9 68 12 81 17 83 25 30 32 93 35 14 65 63 54 68 35 36 69 29 7 67 77 58 16 60 13 78 5 89 83 2 52 40 98 65 6 31 97 59 10 55 89 56 39 4 75 49 32 96 85 73 17 23 6 46 49 60 16 94 35 16 12 86 71 51 44 60 70 16 46 60 93 80 66 64 83 64 97 17 92 69 12 60 18 11 86 64 29 46 42 59 99 11 66 67 44 45 52 31 39 29 23 48 64 11 68 2 27 40 74 88 96 95 52 56 37 22 73 27 34 57 96 37 29 64 4 60 
1 74 70 37 66 20 35 94 55 67 34 82 60 72 13 72 21 86 90 11 76 15 16 74 22 69 23 27 67 30 84 75 93 93 76 24 5 39 23 36 87 76 61 84 68 6 96 11 67 72 54 80 57 27 39 40 14 76 91 72 80 44 44 53 18 23 77 9 64 34 73 70 87 83 77 31 47 16 49 99 44 70 23 64 82 43 59 39 22 35 8 26 36 14 57 73 69 67 92 24 90 61 57 79 51 95 99 51 41 59 39 21 44 88 16 92 96 21 48 52 40 53 91 22 79 96 91 16 42 35 43 99 29 78 43 44 72 20 49 79 95 94 36 56 63 33 53 99 44 16 73 63 62 36 61 90 55 49 19 64 31 33 47 70 23 41 1 47 46 64 44 46 54 78 11 87 95 11 53 16 70 86 6 54 84 91 37 64 8 28 8 99 30 67 24 65 17 8 99 70 
35 15 47 63 20 27 93 76 33 23 4 12 33 95 47 91 98 19 60 13 17 29 23 21 57 6 41 1 57 53 30 47 4 83 90 55 11 92 97 95 4 47 73 2 2 63 76 42 95 87 75 10 29 78 36 2 84 89 1 97 58 48 67 40 47 36 75 24 26 73 81 65 31 1 46 95 40 55 10 32 54 57 78 65 78 87 3 38 4 71 60 29 88 59 34 30 39 7 97 30 89 56 93 95 86 20 18 54 69 58 95 72 47 63 69 37 86 40 72 40 88 86 19 55 71 73 76 24 51 31 55 33 23 25 82 96 44 38 87 38 12 55 82 73 47 41 43 86 77 21 91 17 12 68 73 37 30 75 44 34 57 45 46 93 50 65 93 77 75 92 51 8 90 33 17 45 28 24 99 73 71 17 8 79 45 52 22 33 85 50 82 69 30 82 67 72 93 62 76 49 
89 27 13 84 25 35 92 19 91 62 84 39 22 45 40 79 65 25 31 39 92 53 54 75 1 99 37 20 25 57 44 80 39 48 86 45 63 31 22 93 72 7 67 1 98 26 99 42 44 92 66 2 77 71 89 78 49 94 73 91 94 69 9 84 37 80 81 36 98 2 74 63 4 95 80 30 88 26 4 50 2 60 67 95 16 76 18 4 31 71 36 80 82 63 38 10 46 3 85 58 43 73 87 80 51 5 14 29 4 71 91 56 3 5 22 22 20 96 76 2 9 6 12 89 3 65 69 8 29 88 87 13 11 72 1 95 75 9 54 98 57 86 2 10 9 1 18 80 5 55 4 22 45 73 88 19 68 1 42 30 50 14 75 99 15 23 52 60 40 84 90 38 63 98 71 62 85 25 45 71 81 79 38 17 5 50 56 68 92 95 93 26 72 55 38 21 68 53 79 23 
26 84 38 16 71 87 29 36 40 27 96 81 25 37 81 42 93 74 16 98 27 49 58 51 45 61 24 54 42 26 17 43 13 8 58 69 89 52 24 30 69 16 65 98 48 97 53 57 48 70 97 29 54 13 86 5 39 38 15 79 1 31 15 81 89 71 87 3 41 70 35 31 7 2 90 83 84 30 51 32 52 45 9 40 97 91 78 92 48 2 34 24 6 22 36 55 74 52 65 19 92 69 54 94 67 61 13 40 99 62 68 19 21 77 89 37 24 17 23 69 89 29 20 92 23 29 71 19 82 30 35 22 11 77 72 73 68 76 73 71 60 25 94 73 72 46 82 23 99 17 13 88 79 1 16 89 19 79 12 26 31 84 37 17 62 25 81 22 26 24 15 83 33 46 22 47 22 30 29 2 92 20 39 5 34 94 63 17 59 4 49 31 35 93 13 6 12 41 73 94 
96 32 42 14 18 75 27 71 26 31 19 94 8 21 94 44 45 86 3 30 66 43 19 65 10 41 3 24 71 18 54 95 66 55 68 44 86 36 94 61 50 99 88 24 66 1 72 51 85 62 90 59 56 33 61 19 83 43 40 11 86 63 71 82 48 57 44 4 79 40 52 23 70 33 46 25 46 23 93 85 29 15 31 28 86 87 23 80 94 57 20 30 88 24 9 81 24 33 76 12 30 32 57 26 66 26 99 17 79 32 14 17 57 37 31 55 90 54 61 19 23 77 48 99 10 43 25 62 76 76 71 87 70 58 67 41 22 73 55 20 96 72 89 14 53 25 97 60 99 74 33 3 51 99 33 40 81 65 76 93 85 82 36 52 32 60 39 36 19 69 20 52 31 89 79 46 97 72 38 63 46 95 94 2 61 18 80 70 36 37 19 45 36 45 78 23 47 84 30 82 
61 61 41 22 40 86 75 6 1 32 61 52 45 92 99 10 42 63 46 65 8 18 95 24 83 89 60 94 23 55 51 65 66 15 62 92 28 72 47 74 75 16 6 35 10 3 61 9 45 37 42 17 96 53 65 49 52 95 16 51 63 1 28 95 20 77 66 73 32 89 11 68 15 38 31 40 67 38 73 8 52 6 40 27 80 34 69 74 89 77 20 29 28 32 47 50 32 20 91 62 12 63 52 36 28 71 72 65 78 23 22 53 73 41 75 93 21 80 93 46 7 6 8 25 75 74 96 75 14 16 71 56 27 14 55 24 26 88 65 7 3 78 92 94 18 16 83 15 76 16 23 12 12 55 14 37 67 49 58 19 74 37 41 54 39 65 7 80 18 63 44 64 2 27 68 79 97 3 98 87 9 64 42 21 18 96 74 63 62 78 20 30 25 57 36 52 7 40 90 52 
12 23 17 55 80 18 52 80 30 16 68 38 95 44 37 64 40 20 13 84 59 56 34 27 87 70 32 25 4 89 37 24 41 55 84 89 87 32 19 13 98 14 5 14 96 26 28 52 82 37 5 31 41 61 87 4 44 66 71 78 60 80 99 29 59 97 70 94 19 80 42 92 31 74 42 19 9 7 68 59 89 94 3 91 47 56 11 96 90 8 49 57 78 78 75 72 18 13 50 59 74 75 47 58 79 62 54 43 33 99 85 24 13 58 83 56 77 54 28 44 78 57 40 49 59 95 89 93 67 65 1 70 56 31 58 48 94 39 18 74 70 19 4 85 2 89 22 13 34 69 66 85 57 78 21 42 4 45 67 30 58 17 95 19 63 59 4 1 26 69 9 1 22 77 48 81 8 53 93 49 18 15 50 59 79 34 66 24 13 41 36 20 42 32 13 90 97 74 9 53 
69 98 59 14 62 8 3 43 54 96 81 54 26 24 12 91 90 2 12 67 28 24 29 94 12 5 72 18 42 4 43 43 80 58 66 75 73 18 23 39 93 71 79 20 61 80 21 89 81 10 80 40 74 61 73 12 7 98 23 30 20 87 98 30 64 20 41 92 32 48 98 75 82 14 52 40 80 84 56 87 23 78 57 89 69 99 38 15 78 69 39 67 33 53 95 12 76 99 64 9 39 63 59 42 75 41 80 55 89 4 46 76 68 23 21 56 17 8 53 94 80 32 99 71 87 67 61 81 69 13 13 63 1 30 35 32 26 68 42 8 89 3 20 49 73 59 50 84 19 50 46 42 67 4 82 82 85 94 26 29 98 77 67 98 21 15 53 35 87 14 17 38 86 50 7 94 89 5 24 13 81 94 47 49 92 1 67 43 32 3 18 46 17 8 6 56 2 84 44 44 
84 79 7 85 96 58 70 34 9 71 99 83 31 42 44 32 41 59 48 24 38 38 6 8 1 72 19 89 43 93 52 90 71 27 90 3 37 46 95 45 98 30 59 21 73 22 63 75 94 78 34 46 70 36 95 27 35 57 35 16 11 93 47 81 59 39 1 8 41 86 86 61 69 86 81 38 70 99 96 27 35 54 41 62 75 3 73 79 85 80 60 74 93 57 29 57 18 97 30 10 27 13 87 40 91 23 58 40 43 9 88 43 30 66 66 77 73 71 83 24 22 25 88 72 11 19 41 77 18 84 74 15 16 56 43 39 34 21 86 35 11 79 82 80 51 99 3 99 82 72 70 17 13 72 15 16 82 8 29 97 27 82 27 31 26 49 96 15 66 63 59 29 91 46 24 97 66 34 45 36 24 39 77 15 28 5 33 13 29 58 36 74 16 74 82 64 77 23 93 24 
84 77 99 48 94 18 3 46 47 29 35 11 34 81 33 48 79 90 4 98 20 89 11 12 89 18 50 33 95 95 39 82 5 12 89 34 23 98 94 2 74 19 6 16 85 42 20 7 66 30 54 85 88 15 32 28 70 82 60 50 55 52 15 93 95 59 20 7 31 34 26 26 71 86 97 52 79 84 90 42 48 37 32 77 85 75 5 55 95 31 28 66 56 21 36 74 5 29 62 1 17 83 21 3 86 42 83 57 13 69 66 39 72 23 9 7 10 30 51 78 13 71 25 17 96 61 24 10 80 32 91 50 78 8 1 18 68 94 36 63 82 56 71 84 86 95 57 10 58 39 95 82 70 15 25 38 71 35 1 85 70 77 78 90 13 67 88 58 62 56 27 8 88 5 28 61 39 66 50 22 28 63 58 54 14 70 99 64 81 99 91 86 22 76 95 58 17 21 7 7 
99 66 79 88 2 32 34 92 60 38 66 64 26 69 95 14 14 13 8 7 7 63 60 68 63 31 88 92 22 44 12 47 11 60 41 77 50 67 84 19 61 94 52 93 71 15 66 28 20 54 60 49 67 94 94 96 95 85 54 28 22 42 60 23 96 62 74 91 19 20 6 80 35 84 14 78 46 16 22 22 21 78 17 3 91 44 56 74 69 97 77 56 45 46 3 42 96 22 44 5 96 90 11 6 19 57 15 94 40 72 78 23 54 37 40 45 69 11 58 28 23 20 21 54 81 56 51 31 48 91 12 94 71 80 13 19 51 65 17 18 41 85 48 56 58 80 92 51 88 97 14 82 94 2 48 96 18 72 20 15 89 21 41 36 32 89 25 46 70 58 84 25 36 55 43 47 71 58 40 96 37 5 36 64 22 93 22 60 44 96 21 20 58 61 96 5 66 19 61 14 
71 19 60 73 97 29 61 90 34 28 6 71 16 44 19 20 90 16 54 15 49 19 24 37 61 99 34 8 97 9 9 13 72 29 30 39 66 6 61 2 61 82 85 79 69 30 30 41 68 76 3 81 29 39 19 50 46 57 38 83 73 20 91 33 51 4 11 3 40 94 67 74 51 29 94 42 76 18 25 43 20 79 21 86 33 74 2 89 39 32 80 3 71 84 90 48 98 97 21 43 60 2 43 36 95 21 48 39 76 10 70 53 36 78 25 7 3 28 38 81 32 79 74 46 33 6 72 87 6 65 74 39 66 29 57 17 85 13 62 48 11 12 32 3 8 28 33 23 81 5 95 57 16 53 39 92 2 88 5 78 64 60 90 69 2 80 74 45 12 57 55 50 23 26 76 19 26 81 60 13 9 7 40 45 83 7 88 19 17 37 53 52 66 36 83 13 8 60 62 49 
62 46 88 34 14 98 84 4 92 70 4 57 55 12 2 70 21 16 76 90 33 71 28 90 9 23 9 24 1 25 85 84 52 97 90 59 52 85 81 87 91 9 98 13 19 27 16 46 2 89 2 15 73 91 74 24 98 36 56 10 24 83 34 97 37 11 9 57 21 69 60 57 11 38 93 27 52 82 7 8 54 9 35 9 46 20 17 67 38 74 45 2 69 41 25 68 72 53 27 20 26 70 50 58 10 28 71 93 61 96 6 98 37 42 59 65 60 73 88 63 83 7 58 91 44 17 89 41 17 95 27 44 74 8 86 36 42 46 14 8 54 89 45 64 7 60 55 80 21 73 22 57 93 4 75 77 55 31 61 60 26 7 90 24 74 1 98 33 68 63 3 62 36 81 56 48 20 32 6 48 36 39 47 93 24 34 81 50 10 4 71 71 58 56 99 53 31 68 20 95 
75 75 12 95 67 66 42 28 93 39 25 22 43 88 4 51 33 13 36 37 83 2 77 32 5 14 61 95 72 59 77 82 13 79 60 20 85 32 61 88 60 67 38 5 98 14 31 3 40 56 46 14 78 19 37 50 45 44 81 83 89 78 71 27 61 49 84 17 90 48 74 95 71 12 43 90 37 2 30 94 50 89 88 50 77 34 68 28 72 63 98 11 58 59 65 72 6 33 95 59 18 12 40 74 12 18 49 53 94 49 59 50 49 60 71 18 17 45 33 87 72 20 21 51 13 97 20 43 31 77 4 20 3 21 19 45 67 36 66 63 5 53 79 91 22 16 6 89 31 51 91 50 30 60 61 75 88 92 95 60 22 31 18 71 79 73 72 31 23 11 6 96 4 13 50 41 53 4 2 39 54 49 4 40 30 33 28 58 20 40 52 48 64 41 48 86 84 66 58 55 
63 63 37 70 15 61 59 79 24 36 57 41 13 43 66 69 32 79 97 18 56 81 46 86 99 41 94 30 18 2 24 61 16 71 15 59 51 28 54 75 45 22 46 39 84 87 14 63 30 45 7 53 23 10 9 10 89 95 41 38 48 24 71 52 17 29 18 81 18 63 59 78 84 5 36 23 67 61 59 30 41 79 18 53 8 51 82 96 10 16 13 15 28 70 66 23 92 75 98 2 90 58 76 4 67 22 78 59 38 52 5 83 88 22 80 83 86 95 67 62 86 41 63 25 32 30 11 87 68 48 8 82 45 99 6 62 20 14 24 9 71 50 49 37 99 9 47 6 35 31 65 18 45 8 41 30 38 88 6 59 71 84 94 87 56 75 48 68 67 16 23 35 43 43 94 5 99 80 67 83 29 45 77 77 13 56 98 94 21 37 52 50 25 25 11 79 2 75 4 35 
56 57 67 74 92 36 16 62 84 17 27 65 2 64 76 76 35 29 25 88 23 82 46 34 83 46 61 7 46 24 68 1 84 32 70 38 44 30 15 1 76 54 17 61 70 48 94 16 81 91 99 12 65 35 47 84 5 28 49 82 47 53 45 4 32 56 31 25 22 76 93 30 34 77 41 46 73 82 32 74 63 1 9 16 73 60 30 8 55 41 97 56 72 4 92 59 29 23 3 49 6 17 56 15 85 78 52 37 90 9 90 19 9 47 7 16 27 1 97 71 64 76 60 43 99 17 14 34 5 22 39 30 74 91 6 24 59 47 4 49 98 68 75 15 46 23 46 30 6 96 55 41 61 27 90 59 9 33 13 93 86 46 94 81 7 44 47 21 85 76 51 99 78 3 89 30 5 18 81 74 86 89 7 83 74 82 42 23 78 94 93 6 5 86 24 22 81 14 83 74 
92 88 96 35 49 56 24 52 53 76 5 20 24 53 29 27 63 27 4 81 22 36 10 66 50 70 56 93 54 30 37 63 56 78 88 17 45 1 44 97 37 59 91 3 31 52 29 40 63 63 21 88 65 27 55 50 20 76 96 6 15 8 47 74 4 27 99 69 59 15 94 52 29 79 77 88 92 10 53 8 21 38 43 57 25 91 41 58 20 48 70 61 76 97 40 7 80 92 99 74 86 7 96 47 73 91 33 59 4 34 21 61 78 8 39 69 93 36 87 23 94 42 48 43 35 8 36 90 32 31 57 14 21 81 68 14 15 55 26 97 57 31 50 33 82 30 77 6 67 68 15 75 88 14 99 34 83 44 54 58 1 1 44 68 57 47 30 86 97 26 27 85 50 9 62 55 77 61 29 50 39 94 41 49 47 22 92 15 18 14 15 42 32 58 28 22 89 12 1 94 
22 33 92 15 14 61 63 79 49 93 28 75 97 55 79 17 71 69 94 5 7 37 13 16 42 28 19 76 4 48 25 49 84 34 49 11 23 26 98 34 90 49 51 71 66 2 35 33 24 28 13 70 9 5 58 54 21 20 41 61 94 57 10 50 82 72 66 47 37 78 53 21 85 26 34 72 21 81 72 9 74 16 15 30 3 77 71 5 64 76 97 56 7 68 74 41 41 32 91 33 29 54 26 99 59 8 25 87 34 32 89 5 46 19 50 94 60 90 52 26 97 80 36 70 14 16 18 81 81 99 72 78 70 89 13 30 33 80 72 29 78 86 83 79 61 22 65 74 55 79 96 80 42 18 3 15 88 36 37 31 26 59 58 95 36 17 14 72 29 29 22 5 27 81 53 93 41 10 8 79 59 80 3 27 21 74 47 1 3 63 30 50 97 95 94 92 97 74 25 87 
18 87 49 74 35 93 69 7 85 36 36 26 67 98 13 20 84 68 75 22 61 33 19 27 41 93 63 93 95 68 59 51 32 97 95 5 97 53 6 42 86 42 72 41 47 13 33 75 85 65 91 18 76 50 17 52 62 83 55 75 67 44 34 3 98 87 66 79 55 48 62 82 32 46 30 26 27 94 83 72 48 5 51 34 19 91 78 82 84 83 38 51 21 25 32 46 34 82 99 50 73 54 27 27 35 74 47 31 69 19 51 13 83 12 92 21 52 33 93 17 23 22 50 73 18 86 41 82 49 9 34 66 14 48 87 77 11 53 63 8 38 62 25 95 7 14 54 30 41 49 48 58 88 23 29 91 24 6 51 13 58 91 8 79 41 6 34 34 70 8 15 7 96 1 93 23 30 35 74 11 47 17 31 6 94 13 13 58 1 57 49 37 74 58 59 41 17 3 52 97 
72 15 22 72 28 10 2 50 67 45 33 46 2 2 9 84 89 55 84 49 68 5 13 12 83 3 66 66 23 92 80 57 48 29 73 14 21 22 86 78 41 56 10 42 73 32 15 68 80 90 86 34 51 47 55 51 37 21 24 5 80 70 5 82 45 18 48 4 48 89 72 54 91 37 95 12 95 76 69 87 25 16 8 44 25 85 19 38 50 72 36 46 95 51 49 94 30 11 38 97 24 92 99 79 84 17 81 12 83 14 13 44 91 58 39 34 7 97 44 77 88 86 93 42 85 14 54 98 69 36 34 48 65 11 10 59 84 23 58 94 53 22 88 45 45 48 72 58 13 64 74 73 19 92 87 49 65 37 60 96 29 23 27 10 89 21 45 96 60 85 19 14 23 80 36 91 53 14 98 70 59 64 50 29 7 19 12 20 52 1 10 92 76 99 10 35 12 4 46 96 
95 36 22 24 53 8 70 6 40 22 87 87 42 46 22 1 85 14 36 67 84 76 64 58 7 62 69 48 24 30 96 70 68 30 31 78 92 55 54 93 23 97 1 70 15 10 14 47 12 55 99 3 1 68 89 15 67 10 88 14 51 20 37 44 8 80 64 11 56 66 47 47 42 3 65 62 93 24 54 1 70 25 67 1 31 23 28 45 79 9 87 24 26 8 79 84 44 31 79 91 24 37 58 85 31 82 38 32 59 83 51 82 93 67 95 32 57 34 87 70 75 5 24 45 29 87 33 11 11 27 34 90 78 61 92 28 19 81 76 48 95 83 12 10 12 28 40 64 61 95 74 10 88 42 53 49 44 55 3 44 39 13 83 75 3 34 58 94 39 43 37 81 84 17 43 4 58 49 59 69 25 3 95 82 50 64 35 5 51 5 95 4 61 32 86 17 77 50 62 4 
5 71 94 69 61 49 12 39 26 78 52 83 94 92 70 96 53 43 97 32 47 79 20 79 73 29 59 50 52 81 60 57 17 67 62 95 89 41 88 23 62 61 24 44 81 72 97 87 30 83 60 92 1 56 73 83 87 78 81 58 60 48 99 62 47 58 92 77 20 71 54 97 68 7 92 10 87 20 10 81 54 79 79 33 12 57 34 27 52 1 43 44 90 20 92 68 56 65 70 63 65 12 44 59 6 38 43 29 22 8 42 73 86 54 39 1 92 55 37 6 27 20 29 57 55 68 74 71 3 12 82 99 33 35 93 6 34 76 61 48 94 10 31 63 87 29 24 43 52 22 18 20 73 58 25 45 64 67 79 71 48 21 13 35 36 14 38 35 13 44 31 16 17 98 11 47 17 27 21 8 99 31 10 64 50 38 16 54 27 88 43 64 51 15 46 17 82 21 13 45 
31 54 92 25 56 35 50 83 44 9 47 13 10 92 34 79 87 84 30 43 37 75 37 52 52 54 44 57 66 9 29 17 58 42 72 99 58 67 56 94 53 24 75 15 95 77 40 6 8 28 86 50 88 17 79 73 22 33 20 53 77 17 50 22 21 70 63 74 23 58 5 75 59 21 81 64 19 74 70 61 13 20 18 75 79 49 52 10 89 51 88 64 51 19 33 49 20 53 90 85 2 71 70 13 62 13 93 96 30 46 98 34 4 71 47 58 59 34 31 47 55 21 75 29 39 76 52 88 54 3 79 72 45 69 30 96 65 14 37 52 82 56 3 12 81 98 3 35 78 35 89 74 20 55 7 85 91 54 84 27 25 35 56 73 4 15 58 15 68 36 37 69 24 67 57 83 47 13 8 44 88 16 7 80 85 69 7 71 60 16 6 54 34 60 47 26 28 72 32 56 
33 86 81 92 15 32 41 90 82 56 58 46 6 63 25 83 59 77 3 62 47 78 50 11 41 29 57 61 8 8 74 74 40 43 46 75 89 40 40 82 97 15 77 41 26 22 69 53 89 91 41 7 85 57 69 10 26 84 10 24 67 7 30 86 46 57 40 54 5 92 24 24 26 34 70 68 63 90 6 69 72 96 23 43 41 37 14 78 25 84 1 63 70 25 67 17 56 93 91 22 15 5 72 54 71 80 66 19 71 86 14 72 11 57 76 63 69 35 61 57 43 94 58 71 71 77 66 5 73 21 30 67 74 93 65 17 39 22 93 83 4 25 73 6 8 42 32 58 23 68 92 88 84 82 12 40 25 80 6 92 3 5 84 84 36 74 79 52 31 24 80 54 16 22 62 9 69 16 17 20 56 52 85 13 53 15 90 61 82 52 64 22 47 11 82 63 53 65 95 1 
80 31 55 98 38 3 95 39 96 50 35 52 17 20 94 31 69 67 35 62 92 20 11 76 48 28 28 7 73 21 97 45 45 67 97 97 30 27 23 44 40 11 46 89 94 33 69 24 73 72 85 74 69 22 32 68 51 53 46 83 15 66 22 6 42 48 67 86 58 28 61 99 82 35 8 94 90 56 90 55 68 86 36 55 67 90 61 14 62 59 37 55 8 61 40 59 90 4 10 23 93 85 6 13 43 55 65 23 73 69 54 33 74 42 31 61 57 9 93 21 3 77 47 79 22 88 47 14 10 67 67 63 6 82 50 89 43 4 62 33 12 55 54 65 12 71 14 49 9 56 24 94 91 39 19 14 27 29 38 74 20 70 87 64 63 2 89 38 99 13 45 79 76 95 85 57 98 6 31 77 90 17 46 44 47 77 97 14 92 65 8 50 39 44 13 83 36 25 18 65 
37 88 64 51 63 53 18 31 69 98 51 96 1 20 61 35 54 69 40 84 57 38 48 14 53 43 3 4 78 1 57 28 46 13 81 37 28 46 43 34 33 14 88 62 92 57 26 82 37 27 5 54 79 63 98 20 97 79 84 82 14 40 26 89 77 44 51 12 43 6 38 27 57 37 95 1 35 26 41 66 41 21 83 6 75 11 7 34 50 5 48 77 73 16 80 55 29 41 93 61 57 43 76 46 39 29 95 97 74 37 79 22 64 12 97 25 93 90 43 91 10 79 15 73 5 40 95 60 98 66 34 70 17 67 30 26 75 51 10 38 59 1 14 85 6 60 69 95 82 13 82 28 73 64 9 54 55 21 42 39 84 77 93 24 70 89 71 2 64 62 62 7 37 28 17 90 60 26 23 3 87 87 94 77 38 18 51 7 73 70 94 29 83 36 95 7 65 20 73 9 
92 51 39 32 78 82 57 31 89 68 30 1 44 96 92 52 18 52 38 44 47 19 24 90 40 91 82 66 77 77 22 13 22 4 35 45 24 26 8 59 28 31 19 37 79 46 55 52 28 43 9 75 37 46 89 84 89 37 29 67 92 60 87 30 84 34 59 99 42 50 78 37 85 84 27 34 84 2 41 31 66 63 14 10 19 30 7 14 2 73 51 42 48 75 59 64 70 43 24 22 72 6 33 37 50 29 67 18 98 15 14 64 22 12 67 75 33 22 39 54 66 2 63 15 80 73 99 90 67 32 44 36 53 45 35 36 11 65 53 13 60 35 37 29 81 90 82 95 15 71 51 81 69 22 76 14 31 5 72 86 63 1 33 69 22 18 47 11 54 95 97 45 8 15 74 99 36 1 72 98 5 29 5 72 2 36 6 62 35 21 39 27 47 51 3 47 18 74 32 36 
73 53 94 30 22 4 24 28 23 87 35 34 48 50 25 51 47 12 83 26 86 1 32 77 75 86 50 31 95 7 10 48 41 6 6 58 40 56 82 89 89 97 75 99 90 65 30 9 72 22 44 30 28 87 91 98 47 72 55 7 42 7 61 32 82 74 9 70 27 41 96 65 53 86 61 43 87 39 7 39 41 1 31 32 35 84 62 74 37 41 89 25 88 92 91 77 39 64 70 94 75 13 80 36 54 60 61 93 31 25 70 20 95 52 10 60 98 44 63 84 85 95 21 15 27 18 18 64 52 78 58 59 76 25 51 79 35 22 40 79 13 77 37 31 77 79 47 45 10 22 9 6 33 39 15 5 49 36 55 69 63 20 37 94 21 31 25 73 36 74 65 31 23 50 24 51 28 87 11 13 60 71 15 18 23 77 38 24 46 3 21 73 14 94 75 29 1 86 19 98 
31 86 86 15 84 77 69 21 69 78 14 46 20 17 23 66 75 4 89 68 45 92 48 11 54 33 33 74 8 32 34 28 45 4 51 72 93 29 55 9 29 13 40 84 28 39 80 56 26 26 86 45 75 83 63 89 95 69 64 6 38 46 48 40 34 36 37 30 58 76 69 54 79 80 58 94 19 87 48 90 7 23 70 93 39 55 97 25 31 48 3 32 78 21 16 44 7 4 76 30 36 90 93 51 27 1 1 22 48 32 11 63 24 16 73 57 93 78 33 9 68 89 81 96 86 27 18 34 70 26 2 18 82 39 11 95 79 92 98 12 74 41 47 68 84 23 28 81 95 21 51 37 13 13 32 46 19 32 36 3 31 23 43 39 55 93 2 81 44 76 84 7 53 85 42 1 96 64 65 10 4 53 36 4 73 38 85 24 33 8 52 47 95 13 35 37 11 22 50 3 
98 34 35 25 18 57 14 61 52 56 44 28 80 2 14 84 22 91 46 59 22 31 78 29 31 12 45 99 88 97 59 87 1 5 92 99 25 78 55 20 47 81 82 81 67 68 10 58 79 71 56 37 50 81 9 5 5 27 1 27 3 55 89 31 24 18 45 84 47 46 28 80 33 36 68 13 4 29 50 64 25 92 91 84 87 2 26 68 87 20 82 42 8 81 69 44 2 71 53 1 69 6 42 16 46 18 62 44 74 32 48 77 93 53 13 25 18 39 39 93 14 89 53 69 89 25 11 98 70 62 77 71 78 8 7 98 21 25 25 96 64 26 12 68 21 50 79 81 26 41 58 53 21 34 72 30 34 31 24 69 64 89 76 19 58 96 33 3 92 54 15 95 59 58 51 10 41 81 52 75 97 55 93 19 42 49 98 47 26 50 19 26 20 50 12 66 93 23 30 99 
37 78 85 91 86 28 81 14 10 95 98 55 62 34 1 68 16 23 21 38 67 79 70 93 43 68 40 7 4 1 14 8 53 45 68 80 45 33 83 79 86 65 46 28 46 17 58 29 58 44 40 70 34 92 41 29 62 98 42 81 17 1 64 4 66 45 73 84 76 86 86 27 17 3 78 56 70 94 89 26 36 94 31 25 36 71 87 79 23 41 29 67 84 66 16 18 52 67 99 17 6 27 39 21 77 97 95 54 63 7 47 23 25 61 93 14 98 57 59 8 1 84 2 80 33 34 18 12 87 99 50 91 58 91 92 24 42 38 97 35 47 89 81 81 99 32 30 52 48 86 8 76 72 18 59 33 85 42 21 51 47 32 23 21 60 20 98 98 88 11 86 12 51 83 42 66 37 96 41 51 11 97 83 49 12 29 4 37 70 30 77 97 6 50 21 19 38 49 7 10 
40 49 36 90 57 86 70 65 37 46 69 35 9 52 50 85 84 84 82 74 97 13 17 65 28 25 22 54 35 60 9 5 91 39 67 77 13 94 94 60 87 4 30 5 9 21 79 48 8 6 54 55 81 55 97 41 28 37 18 7 72 20 19 68 6 2 31 92 7 44 44 21 82 6 37 6 91 68 9 42 81 69 12 96 17 36 79 39 11 15 62 73 57 3 56 72 59 76 33 3 66 29 72 61 99 94 95 6 85 84 92 84 86 17 58 66 34 46 17 76 57 99 60 23 17 1 75 31 34 7 75 73 22 38 32 99 20 10 8 71 19 61 85 90 1 89 97 30 60 78 63 69 45 32 15 21 81 5 29 63 7 32 63 71 2 64 78 52 20 94 79 68 22 90 39 76 3 29 34 55 25 22 72 35 54 53 29 34 79 7 72 83 58 95 99 63 35 98 65 34 
3 80 83 29 5 65 3 63 16 91 56 83 33 66 37 51 81 74 96 93 78 46 2 55 82 3 95 52 56 23 47 34 16 90 13 36 95 55 87 37 94 89 68 15 40 41 2 4 42 91 47 47 48 15 31 59 1 28 1 77 91 52 83 20 23 66 41 42 56 67 29 91 76 18 47 66 42 13 2 69 43 29 58 64 61 82 1 35 21 86 82 38 45 7 89 61 17 17 89 79 33 55 93 10 57 83 12 69 81 39 6 31 79 92 48 78 62 6 79 65 36 86 61 66 58 44 35 40 93 47 76 79 68 78 54 73 31 94 83 56 5 77 84 71 45 91 37 23 94 43 38 31 42 35 55 93 77 21 88 37 46 64 21 74 8 93 77 63 92 57 80 58 56 83 7 72 34 31 44 27 3 50 44 16 33 39 85 53 46 95 22 36 70 77 44 96 96 57 35 62 
86 48 35 75 1 36 59 94 49 36 26 30 96 81 32 64 66 27 73 90 26 24 34 92 66 5 56 24 81 67 31 91 50 50 72 38 22 17 6 19 89 37 43 88 78 68 64 77 24 35 6 75 52 14 32 13 64 11 23 43 15 43 53 21 94 24 73 84 9 39 92 38 64 31 58 34 45 79 38 49 96 82 99 73 6 39 94 83 84 27 38 29 45 86 88 14 89 5 34 74 84 87 67 62 46 53 71 25 19 2 98 91 57 5 52 45 10 83 69 13 97 88 98 42 93 83 86 82 10 27 53 68 72 48 78 1 9 38 79 24 23 19 94 13 79 36 62 52 87 32 3 13 77 31 3 41 83 19 92 35 27 26 28 27 94 7 73 64 24 21 80 89 78 18 73 25 35 12 26 52 60 70 44 92 95 88 49 87 37 76 56 83 14 37 56 11 74 46 98 62 
84 6 52 91 55 59 12 3 43 84 37 80 16 24 10 61 43 11 16 28 5 78 55 17 95 66 45 19 34 22 30 91 66 13 83 62 71 27 19 34 70 84 90 94 31 42 7 20 75 96 28 80 82 94 81 50 99 37 59 10 45 86 32 53 15 72 48 97 89 97 48 83 42 44 62 87 40 82 23 22 55 73 68 49 70 76 49 77 80 55 36 78 6 85 22 83 92 60 36 97 24 96 39 2 22 39 40 57 55 71 97 19 47 17 24 33 79 49 97 49 1 95 62 25 29 45 40 33 64 53 33 65 87 50 29 39 73 45 14 7 90 34 68 59 14 3 84 33 25 40 64 15 23 35 29 52 29 90 24 53 91 26 28 98 93 84 57 47 59 38 69 36 59 94 74 95 18 8 38 51 19 74 87 27 13 49 22 59 19 49 12 93 38 55 11 1 54 25 61 75 
87 57 97 72 90 86 90 72 45 61 32 51 12 42 99 99 70 55 4 34 46 16 17 29 41 67 9 50 71 4 70 82 90 10 52 63 27 83 92 14 11 75 47 70 9 16 24 13 51 43 13 99 68 43 15 97 18 71 77 13 19 92 22 22 77 4 76 5 28 72 9 72 52 64 54 3 23 75 50 68 23 62 62 67 87 75 24 59 29 89 59 91 66 31 20 31 64 18 12 1 58 81 33 2 85 6 96 53 21 51 67 20 4 91 93 41 71 44 35 68 88 98 95 89 81 50 55 63 67 31 1 54 85 41 55 54 27 78 14 25 70 70 69 21 9 10 49 25 83 76 41 78 15 78 29 11 31 78 21 73 4 23 82 69 75 78 67 85 92 60 47 22 36 63 46 27 55 94 68 23 92 2 32 43 24 9 99 59 81 44 7 14 89 71 1 50 94 24 60 48 
85 18 87 13 50 39 55 1 20 41 64 60 37 96 92 51 26 86 72 64 46 53 53 83 49 61 56 40 38 47 28 68 19 84 2 65 63 30 47 43 58 88 33 85 64 65 78 7 75 23 14 7 69 35 31 25 69 48 46 1 96 32 51 25 29 39 72 2 54 62 25 1 30 87 72 12 38 50 78 7 40 95 65 92 35 31 73 65 14 82 12 71 19 53 16 60 95 78 7 42 53 82 46 41 18 32 89 58 91 95 46 20 5 1 35 41 75 85 37 74 65 59 58 73 36 57 77 44 3 96 13 4 93 33 66 36 4 15 91 45 56 45 42 17 49 31 28 71 23 43 79 21 7 73 92 25 80 88 95 46 31 87 95 9 6 59 44 53 70 33 86 91 63 44 20 66 57 81 53 5 9 48 56 76 18 19 24 46 84 91 25 35 64 47 64 75 23 5 36 62 
66 96 31 53 68 67 72 4 70 73 66 32 50 66 5 60 83 37 73 89 35 88 32 75 31 27 95 14 47 33 19 22 85 52 73 15 56 70 29 93 61 94 39 20 75 39 17 4 23 3 23 79 64 50 37 88 75 97 49 62 28 86 35 2 72 70 38 58 17 96 53 18 11 82 6 78 26 3 32 33 35 66 62 51 95 97 2 61 32 22 14 29 14 42 93 40 37 23 61 82 10 69 31 26 29 11 2 4 61 81 32 93 31 99 27 3 90 52 13 41 13 72 25 12 64 24 82 85 90 81 76 84 95 12 46 64 25 52 61 92 43 97 5 35 20 77 52 30 9 37 54 75 27 22 18 9 41 55 85 84 43 21 21 62 35 45 85 81 10 78 22 45 30 73 35 4 13 70 73 32 9 75 12 12 84 43 28 16 3 57 88 85 4 12 28 13 87 93 32 24 
67 29 79 84 52 97 81 96 25 7 80 72 83 67 3 25 41 67 47 45 30 79 82 14 10 69 60 6 71 95 15 93 48 24 76 59 16 26 70 95 4 93 29 14 96 36 93 51 46 92 27 76 73 39 10 94 75 88 57 57 33 3 17 62 16 96 82 68 88 44 92 91 19 86 42 22 80 34 88 22 62 78 53 34 74 93 34 91 52 46 7 20 64 95 35 45 19 11 72 97 69 65 74 24 21 49 96 86 36 76 11 75 41 87 2 8 36 58 80 44 92 5 85 83 68 90 93 79 11 31 24 38 60 2 42 30 61 46 68 96 63 75 87 49 33 83 49 85 56 46 74 88 45 29 69 36 45 97 21 4 41 19 11 75 61 68 20 49 89 39 33 38 64 45 45 83 89 30 70 56 38 69 44 65 62 82 33 64 95 32 40 56 60 38 10 99 74 77 36 18 
40 67 75 79 74 39 66 61 91 72 15 76 85 46 20 55 18 29 15 38 54 14 4 3 92 46 88 95 96 57 99 65 23 93 31 89 58 48 68 11 46 95 21 65 20 18 54 14 35 37 21 77 96 52 87 59 94 60 73 87 33 96 76 38 62 63 7 67 9 57 16 48 9 5 30 94 35 92 80 97 36 97 36 54 57 22 31 1 81 18 1 41 52 24 9 80 13 93 81 55 31 31 38 66 33 15 20 7 35 37 26 96 74 28 40 12 41 91 64 18 7 36 49 96 58 3 25 83 28 2 35 93 27 37 64 55 72 44 71 42 23 18 21 2 6 42 13 91 51 26 16 2 25 31 97 96 54 2 54 39 62 3 46 23 3 42 23 7 82 9 62 42 3 2 92 6 82 58 32 33 92 92 15 44 90 19 25 82 44 86 26 39 70 13 93 86 60 12 44 13 
63 57 54 46 44 65 57 91 82 97 77 69 47 80 64 24 59 95 52 38 52 37 10 80 24 66 5 69 96 69 52 24 70 13 77 22 81 99 66 56 56 28 26 91 71 41 38 18 5 92 19 12 95 94 69 88 1 79 40 59 48 51 76 87 95 46 86 46 85 88 88 72 4 44 71 25 30 77 49 39 3 10 19 86 67 73 15 26 36 69 69 63 45 24 60 7 9 41 76 23 78 64 68 95 93 29 8 76 44 20 41 46 24 27 46 69 85 4 91 50 98 20 87 88 6 20 47 39 80 78 41 62 77 58 51 83 95 64 31 53 32 2 59 93 37 29 96 65 69 19 42 17 58 12 88 43 51 70 82 42 78 40 75 68 3 3 80 94 80 33 35 62 14 54 48 41 12 96 63 83 40 51 12 85 84 27 68 34 99 8 12 72 72 9 73 50 73 30 2 84 
16 80 50 19 30 93 22 16 48 42 50 52 49 24 75 77 84 10 51 8 52 35 21 12 87 70 3 88 37 11 67 47 41 52 23 91 20 78 93 2 48 34 2 12 41 12 50 93 32 34 99 38 57 31 55 34 35 21 45 53 48 98 1 29 23 7 40 38 13 25 46 81 79 47 54 66 71 64 23 88 9 45 28 10 62 18 32 42 36 49 74 31 47 30 45 32 8 52 73 93 6 91 4 40 87 91 77 51 39 40 19 45 63 53 10 57 67 56 74 23 40 64 61 57 33 65 23 40 44 99 96 92 96 41 86 63 22 79 47 2 41 1 59 51 43 68 17 17 68 6 5 59 92 76 80 66 2 65 56 39 78 60 81 72 82 32 19 35 30 19 34 53 75 5 67 89 94 1 23 24 64 28 45 38 42 96 3 93 51 89 68 13 60 42 1 65 62 25 24 42 
94 87 99 17 72 74 14 8 72 47 93 43 86 4 91 42 56 30 17 61 81 10 33 9 22 26 75 47 9 70 46 98 46 49 29 55 20 88 89 79 5 43 85 16 68 96 72 92 78 75 8 34 10 49 57 60 48 42 7 95 1 32 59 76 96 65 48 58 99 54 41 16 9 92 46 58 67 53 20 28 69 99 70 10 64 91 65 39 65 88 38 3 54 59 95 51 86 86 21 1 1 72 82 43 23 48 40 48 72 75 49 72 67 55 69 64 34 36 69 71 12 16 34 44 57 51 69 47 52 63 11 60 12 44 28 87 86 60 29 61 70 62 71 52 11 92 67 72 8 83 83 82 26 74 57 96 98 10 94 91 34 47 81 12 21 68 88 72 36 78 76 72 52 17 2 93 38 61 27 11 73 36 21 98 46 16 70 36 66 34 83 11 67 89 96 31 15 48 80 27 
39 89 3 2 77 80 5 70 51 36 86 42 99 48 43 52 9 51 35 45 47 59 23 10 96 92 92 8 84 12 92 6 11 50 61 10 84 39 59 88 52 47 2 15 30 6 87 86 32 42 32 68 8 10 98 13 67 22 29 98 16 80 73 60 83 9 25 18 58 81 49 9 15 58 13 20 48 11 21 18 3 57 42 80 5 95 43 31 94 27 19 61 56 97 26 74 49 21 10 5 39 13 39 57 31 23 37 35 96 66 10 71 11 53 80 61 79 21 21 92 71 64 80 75 48 68 17 76 98 39 32 49 68 34 97 64 90 95 89 41 17 77 20 79 49 83 65 89 74 90 1 27 87 85 29 18 32 95 14 95 24 18 8 31 88 51 89 58 86 29 88 16 49 48 19 68 10 1 12 44 29 7 47 63 36 45 81 69 49 84 81 62 17 12 54 28 40 68 82 68 
53 84 32 32 75 67 17 26 39 85 83 35 13 94 41 89 12 84 32 73 66 26 83 86 66 34 66 96 27 21 50 97 37 51 61 67 22 1 36 20 96 14 81 63 21 54 25 59 58 67 79 75 31 33 90 42 74 21 98 10 97 50 94 5 35 44 71 85 7 85 88 97 70 74 19 35 81 83 12 88 48 14 49 8 86 50 95 55 77 24 62 63 24 58 57 91 5 34 46 79 35 42 4 7 17 38 77 45 1 1 34 20 38 90 23 63 40 99 31 69 32 14 37 53 12 65 70 5 4 90 65 46 15 88 17 88 93 71 39 87 84 27 22 99 84 69 82 38 97 98 28 31 95 59 7 72 69 89 66 86 87 83 12 78 52 46 57 89 57 47 86 57 41 80 9 71 45 18 11 27 67 68 20 82 25 31 52 17 3 51 77 83 14 81 67 71 56 33 57 53 
62 12 48 54 11 28 57 89 84 74 34 23 30 81 94 84 52 24 7 89 3 4 72 22 55 30 9 12 91 2 32 20 78 86 32 17 53 3 60 67 2 5 10 6 41 56 92 23 1 18 24 45 4 27 6 16 47 79 1 75 83 6 23 46 6 61 11 7 21 1 14 82 39 59 71 20 49 39 92 67 3 86 43 63 96 72 19 10 51 77 34 58 90 68 96 89 29 85 95 96 49 18 77 60 81 87 28 38 87 30 55 42 44 77 71 17 19 36 72 26 52 71 17 32 46 86 14 75 34 6 96 57 72 53 11 22 14 36 90 35 93 26 41 68 10 39 22 77 3 17 26 87 37 11 61 69 85 59 33 24 7 69 23 62 26 4 74 89 22 53 68 81 2 24 9 69 84 18 3 20 84 12 40 18 90 42 76 43 45 81 15 58 30 25 86 84 45 67 29 86 
27 87 46 22 6 38 91 22 16 55 97 14 48 87 60 94 7 9 42 89 14 22 74 59 12 70 66 3 75 38 9 68 16 62 82 57 85 35 62 29 84 11 28 10 69 14 64 97 56 42 71 68 31 75 68 82 49 82 3 92 50 24 54 46 57 62 41 94 84 65 29 98 48 14 32 36 66 7 26 4 70 68 48 31 7 55 7 77 46 60 86 46 89 21 57 85 75 25 73 97 80 17 89 46 34 2 60 56 17 54 46 29 74 27 24 41 16 49 90 55 27 42 70 25 70 18 19 98 96 89 31 31 48 76 47 83 66 12 62 35 96 46 25 84 94 55 49 62 36 47 22 31 18 66 4 93 67 2 39 1 47 92 62 56 64 34 3 25 72 84 89 34 79 69 63 85 57 92 75 58 42 36 1 16 44 71 38 14 56 62 21 3 52 73 21 38 4 77 55 82 
99 19 1 17 63 99 55 80 94 38 39 49 8 50 40 34 74 76 68 89 48 15 85 40 5 52 34 17 66 94 73 83 35 96 9 69 25 96 21 4 94 45 1 41 73 37 77 99 97 42 52 84 41 38 26 28 42 40 35 11 40 32 79 3 5 98 56 87 67 57 87 96 50 86 55 40 1 60 30 39 21 78 3 53 2 96 19 18 47 58 6 69 15 27 3 79 39 17 98 86 66 23 59 26 88 54 55 62 67 62 99 20 72 76 75 13 10 31 69 78 51 98 97 9 69 21 45 80 65 42 90 83 4 36 38 59 39 39 54 24 54 83 90 8 81 27 24 77 44 82 79 75 82 51 67 47 82 55 12 71 14 66 83 95 56 37 30 61 32 33 7 42 38 66 9 69 76 22 2 65 84 92 53 75 68 9 66 98 33 71 6 20 13 80 34 38 4 67 38 99 
13 67 61 33 97 20 4 70 33 85 70 85 47 26 11 73 48 32 75 33 73 76 79 28 48 73 51 35 45 33 92 11 36 17 35 38 50 95 93 89 29 6 28 78 85 5 91 20 57 27 96 82 65 40 60 47 67 3 70 64 17 19 36 6 18 95 44 27 80 98 20 18 81 8 76 63 14 75 76 96 47 79 87 56 83 84 36 43 15 91 65 75 75 99 91 47 1 61 60 81 85 36 1 88 35 48 85 23 26 44 83 36 60 48 20 38 23 17 27 47 36 97 6 53 16 83 80 67 31 71 51 84 58 15 56 34 34 83 25 38 18 19 33 70 44 88 62 8 77 44 52 90 74 77 62 76 33 76 20 98 53 81 86 18 93 42 6 84 23 72 64 91 83 7 44 31 40 58 84 49 42 73 32 7 74 88 2 30 21 85 32 71 11 50 37 62 85 25 69 73 
73 56 9 80 36 27 38 92 18 19 92 97 59 58 54 33 79 10 24 60 57 55 6 53 15 77 84 73 96 40 10 55 51 68 76 85 15 30 3 85 88 20 20 91 21 36 42 36 92 67 58 31 93 67 5 45 5 41 53 89 81 25 88 96 32 67 88 98 3 9 11 17 54 66 67 34 47 12 10 80 21 54 12 16 75 23 45 7 52 43 66 11 17 25 94 59 38 39 95 32 71 99 58 47 39 45 82 36 11 20 55 26 86 57 33 25 75 57 24 96 80 69 71 46 76 75 27 3 92 69 42 94 94 37 43 36 65 40 13 7 84 96 74 33 11 60 68 68 65 6 40 74 11 5 15 7 32 12 82 87 18 42 78 96 45 55 64 44 56 37 7 58 40 75 65 62 18 49 67 56 19 4 89 3 66 34 46 2 56 67 59 74 37 42 51 48 94 91 18 32 
99 24 33 7 44 57 27 61 66 12 85 27 7 92 11 99 8 91 9 17 13 90 88 58 74 70 73 58 62 19 5 8 67 33 48 61 8 27 4 46 38 39 6 62 52 38 34 96 91 26 19 23 50 51 45 12 83 8 62 33 9 46 87 67 20 74 13 8 85 73 13 67 61 93 48 88 90 65 74 44 17 7 47 46 84 27 28 53 49 35 91 74 80 43 31 77 71 75 64 95 42 72 41 29 48 99 49 57 85 51 19 43 97 58 32 36 78 92 26 83 85 77 99 33 40 86 24 40 34 59 42 75 40 98 79 30 13 83 48 19 1 71 57 94 46 7 12 45 95 25 26 5 7 60 25 60 51 53 54 56 22 53 83 99 42 29 14 71 68 72 83 25 98 3 76 99 76 77 24 22 99 97 17 17 25 10 5 7 76 17 10 25 48 83 27 18 13 39 33 53 
32 86 74 94 61 15 82 86 84 63 25 55 46 6 97 87 74 47 96 65 15 55 50 96 60 89 47 49 81 32 73 80 60 21 38 68 18 82 10 42 48 58 41 14 51 39 9 13 58 97 35 12 69 18 28 60 81 23 7 18 18 14 34 83 65 94 49 25 99 8 98 15 18 62 66 56 73 64 4 19 3 53 66 67 58 27 39 93 41 79 69 47 30 26 99 68 15 37 98 19 23 71 91 9 59 4 89 36 29 58 26 10 72 40 82 86 96 64 24 99 7 88 27 90 34 47 13 41 72 76 78 2 6 51 29 28 40 13 4 7 35 2 16 88 36 88 74 23 3 7 24 82 44 79 70 2 47 56 14 4 8 42 80 30 63 26 52 76 26 18 1 22 8 72 14 60 58 28 34 30 91 34 81 47 20 80 91 36 83 33 45 60 84 62 94 55 13 75 4 58 
59 25 28 91 8 22 50 93 18 93 43 25 40 72 68 24 55 43 84 8 22 95 14 31 34 85 90 37 81 84 21 18 3 44 39 71 40 46 62 52 99 59 47 34 6 1 49 63 54 83 73 14 74 83 33 46 81 84 11 62 34 44 5 61 88 43 94 95 59 45 91 30 70 53 98 93 15 64 62 40 11 26 35 99 55 93 25 42 82 84 56 23 22 37 24 51 49 65 52 35 47 15 46 47 60 20 52 72 51 60 15 72 57 15 27 36 45 21 93 36 69 29 83 88 27 58 85 7 15 55 68 59 85 48 32 23 2 4 67 41 96 81 13 81 26 93 7 90 27 59 48 48 73 62 50 28 32 3 97 49 20 59 1 37 56 41 57 76 27 48 1 68 33 22 64 86 49 8 32 34 83 5 95 98 28 29 14 10 20 64 65 96 94 20 7 39 42 87 28 28 
62 12 8 4 17 53 16 73 54 81 83 34 8 52 22 19 32 71 51 56 85 83 87 49 10 48 20 60 14 24 94 88 50 49 93 56 1 21 19 84 58 81 70 77 3 92 32 3 86 23 46 73 17 26 1 29 32 22 8 17 88 78 87 72 37 95 43 99 8 80 49 58 89 34 30 35 11 30 40 35 22 95 46 55 76 95 8 70 12 10 61 13 32 17 95 53 84 75 41 81 48 5 43 91 8 63 47 56 41 37 82 14 96 14 38 49 74 66 45 70 10 36 63 95 53 12 56 30 52 12 72 49 31 64 34 82 74 91 8 86 6 86 94 38 71 97 6 3 20 10 48 27 84 22 2 12 62 34 3 99 99 26 24 51 67 34 57 28 48 41 95 76 13 51 10 4 7 72 36 63 24 98 52 37 97 90 60 11 70 58 71 61 87 41 78 34 67 85 49 27 
