200 20
66 88 68 20 28 22 33 50 81 98 35 31 81 17 2 77 38 37 74 79 24 10 18 23 2 84 44 7 39 38 30 60 27 86 37 66 1 5 29 76 56 50 88 28 70 75 42 69 21 50 72 73 1 78 38 56 42 22 97 98 32 10 23 64 31 66 19 16 92 25 42 37 85 49 24 48 4 48 81 30 94 98 42 36 71 64 62 16 35 9 43 31 92 23 50 77 73 37 34 1 53 40 45 16 65 3 59 26 28 92 89 42 55 93 7 2 81 24 62 85 76 57 1 37 66 39 82 84 52 7 3 55 26 9 9 96 92 22 18 93 89 68 38 89 99 42 86 4 78 16 8 48 63 73 90 50 2 15 91 68 61 85 48 13 57 90 4 63 63 13 20 85 34 34 99 56 24 52 3 75 7 1 70 88 90 66 35 5 42 9 47 14 98 80 90 8 94 42 2 98 
42 58 87 91 23 70 33 31 17 52 53 18 3 3 39 94 9 51 27 79 2 55 88 67 81 93 27 17 77 56 69 48 40 42 63 37 34 50 67 8 36 76 44 23 23 4 60 85 68 98 72 24 37 4 25 91 78 31 44 59 18 56 31 8 55 14 53 22 51 89 44 84 31 12 88 71 68 50 25 43 84 6 34 40 44 7 31 75 41 1 66 30 1 47 14 43 68 18 63 13 5 80 19 79 81 2 91 31 69 35 89 86 40 16 17 97 52 59 64 37 49 46 1 94 54 23 73 73 60 95 97 77 26 17 48 11 68 88 58 69 58 50 10 33 14 72 29 63 92 53 78 92 84 11 51 24 11 76 67 16 11 90 62 85 43 91 86 96 71 17 93 54 64 89 40 1 87 17 73 5 94 81 29 62 26 37 24 82 98 1 49 88 2 45 63 4 88 97 89 54 
20 99 18 75 62 44 43 66 91 1 31 95 68 47 53 2 86 26 92 21 40 8 23 53 96 65 71 35 61 41 87 6 45 12 15 74 39 64 56 94 78 58 45 26 12 97 14 9 72 98 62 29 42 60 25 87 25 30 43 72 17 74 29 23 66 49 39 99 53 64 41 57 49 56 81 5 93 55 54 84 55 53 74 32 6 74 38 51 89 41 1 78 86 48 38 54 86 25 20 91 56 9 76 43 7 11 67 72 64 86 51 19 37 5 55 71 85 15 39 33 90 16 71 91 22 28 91 89 7 55 82 88 1 62 38 44 53 35 30 67 77 55 81 3 21 67 32 86 33 47 6 24 32 68 83 54 75 77 68 19 30 55 56 32 39 89 4 48 89 44 97 31 84 27 23 25 10 57 33 17 1 35 16 14 15 14 63 4 99 62 44 31 59 38 67 60 24 55 51 45 
37 37 17 26 57 59 7 22 44 92 90 15 7 61 67 76 19 97 21 63 63 93 67 61 72 39 95 29 77 72 12 41 47 14 83 30 35 22 85 34 21 25 39 39 53 74 59 21 99 83 97 88 82 71 85 35 27 8 77 69 5 59 97 71 76 27 80 28 37 94 15 81 56 73 89 70 27 42 37 74 6 91 73 59 56 71 47 18 96 31 80 16 40 63 12 36 37 49 43 20 24 4 80 13 63 14 78 7 88 87 84 87 47 97 83 72 46 19 39 59 93 81 39 68 43 8 40 84 39 56 10 5 57 71 70 77 53 19 42 49 99 37 90 9 38 74 65 29 15 38 47 10 29 35 91 26 78 17 70 66 95 23 17 81 99 23 69 25 37 64 18 96 23 13 40 87 88 97 55 26 22 53 59 17 16 65 74 86 5 16 87 30 18 21 99 50 13 81 66 4 
28 54 70 55 14 29 21 21 33 51 40 14 55 76 95 93 73 23 84 45 19 94 56 94 86 97 28 31 49 56 7 23 77 39 7 40 57 71 67 68 13 54 74 31 18 88 73 8 23 86 95 52 68 96 72 10 5 19 52 39 12 24 26 29 18 74 38 18 15 38 11 12 84 13 61 4 8 42 18 91 92 35 43 99 85 83 51 92 94 81 22 99 7 45 28 28 7 30 47 84 94 50 83 96 7 97 84 26 35 60 62 91 41 41 11 84 79 77 26 90 16 56 20 9 43 40 48 64 3 78 19 36 4 29 19 69 39 80 28 95 7 62 40 52 25 74 82 2 57 97 30 50 25 15 30 62 28 30 19 86 65 89 36 69 53 96 51 75 40 31 75 8 32 70 86 21 6 8 41 49 29 66 97 15 81 27 36 56 70 37 73 39 52 36 81 79 49 72 13 61 
9 72 51 86 71 15 77 32 27 42 72 69 39 70 33 88 84 36 16 2 48 97 32 34 16 24 40 22 67 91 41 5 74 74 72 17 86 42 98 83 34 50 10 15 14 34 13 97 89 8 22 91 79 49 60 21 56 1 47 69 33 62 92 72 67 79 93 13 45 44 26 14 80 85 40 33 6 62 51 56 69 59 37 88 26 78 29 52 31 34 5 79 36 48 86 4 81 41 32 54 89 26 27 54 57 5 80 6 56 59 19 93 16 46 79 71 29 89 4 58 34 79 31 34 20 57 93 30 10 17 7 23 61 94 68 33 60 64 48 13 8 30 81 41 23 23 66 21 31 89 54 69 58 90 45 13 26 92 79 81 44 60 36 99 6 53 20 83 79 18 62 34 5 81 9 29 83 47 17 18 77 83 49 16 96 26 64 97 98 60 14 88 78 28 37 62 64 8 49 34 
89 24 3 77 79 62 29 83 83 75 32 41 6 45 28 60 15 76 34 58 20 66 43 29 37 73 84 13 54 86 98 63 7 91 7 17 39 43 73 62 81 31 79 9 10 49 92 53 22 68 31 53 2 96 37 89 89 56 42 41 50 50 38 50 45 27 44 92 95 54 77 43 55 85 20 50 77 29 89 98 84 17 6 84 36 71 61 78 99 78 88 95 17 53 29 67 71 8 5 7 63 24 81 78 69 19 44 67 21 12 59 50 65 98 49 57 39 18 55 48 34 16 12 78 67 22 13 65 49 12 77 61 55 79 26 20 89 6 41 64 56 24 42 58 31 93 50 70 25 63 59 51 56 47 4 90 17 84 28 96 44 16 53 60 88 48 49 21 79 25 1 43 98 93 75 76 46 76 98 29 9 36 13 39 31 48 53 35 80 67 16 14 21 96 22 4 76 56 92 34 
3 51 40 82 14 19 92 24 64 26 98 1 94 33 15 66 88 22 14 14 19 33 28 20 89 14 94 87 78 59 95 90 84 58 7 17 70 35 36 15 4 94 73 32 3 66 28 63 80 46 76 93 88 41 5 41 59 17 53 97 51 33 60 81 91 94 3 71 21 94 45 55 36 52 78 74 34 64 68 64 58 42 93 1 38 61 95 42 35 1 17 75 85 89 51 56 47 48 78 57 38 34 17 8 85 85 63 39 65 64 34 29 48 98 15 44 43 30 98 85 40 54 35 30 56 67 67 76 76 5 82 87 98 91 52 33 77 81 75 38 68 3 25 20 72 2 88 38 76 84 15 33 99 63 55 75 37 1 8 4 3 50 64 72 74 2 49 93 35 26 66 82 20 17 41 98 56 37 65 92 13 60 43 47 37 15 28 22 2 29 73 99 50 72 73 24 40 3 8 50 
44 54 29 49 47 30 51 56 3 42 9 62 60 77 83 56 88 9 36 26 95 19 27 75 50 14 36 45 95 44 77 27 73 27 24 87 40 57 20 85 84 34 6 88 50 75 29 92 49 36 73 43 86 30 68 51 72 46 11 13 47 68 88 29 95 92 90 23 70 48 32 59 3 16 71 62 32 45 29 37 15 73 6 85 49 46 99 24 91 35 30 8 76 55 51 44 34 84 74 13 9 85 82 85 79 20 54 44 77 69 79 99 6 54 77 12 56 51 18 5 30 14 38 89 55 88 62 80 8 37 21 16 26 53 67 72 34 80 99 90 57 33 75 87 43 13 36 80 77 28 19 1 8 15 81 16 55 52 18 47 39 84 77 90 94 35 83 29 89 31 52 61 43 19 14 11 48 81 26 51 85 60 97 21 45 72 6 46 45 30 13 53 49 58 88 95 84 14 26 64 
46 52 55 77 10 42 55 38 39 66 87 8 14 18 49 54 20 36 40 33 45 91 55 81 68 86 82 15 55 47 90 17 55 15 29 35 89 42 18 75 49 85 42 95 87 2 46 96 14 36 26 20 86 22 28 38 8 71 33 50 17 70 62 76 84 70 60 50 6 83 94 11 94 77 48 2 75 68 13 60 81 13 84 11 43 4 53 62 85 63 2 99 20 36 95 77 41 85 78 15 16 84 65 85 80 10 36 19 33 38 32 85 28 35 45 97 70 54 14 98 6 28 18 57 21 63 71 64 30 30 14 23 74 63 11 43 13 50 38 39 16 27 83 18 60 69 39 74 24 91 89 88 75 36 12 15 74 68 69 77 56 71 98 66 37 39 11 27 96 67 82 57 78 53 48 98 82 83 95 34 59 33 60 76 99 53 15 65 35 70 69 62 26 77 61 39 59 27 47 79 
66 15 16 94 85 37 13 26 36 89 70 24 33 81 34 7 18 34 61 39 32 46 94 95 84 63 27 35 20 46 71 65 88 42 30 11 12 48 65 86 56 86 62 63 98 69 6 36 93 67 41 93 47 79 48 88 80 3 9 3 2 98 74 21 74 65 37 95 84 1 93 15 10 78 22 75 91 10 41 48 97 17 87 49 96 99 78 5 24 6 83 25 50 98 93 68 53 25 87 13 80 86 2 24 25 4 1 24 89 91 44 59 56 22 54 70 58 96 88 61 42 14 5 67 42 36 31 22 50 61 34 29 76 92 90 31 28 3 52 74 69 6 16 83 98 24 94 23 9 61 81 72 61 64 24 93 55 99 88 95 93 14 30 9 50 12 63 50 46 16 28 92 10 41 59 35 50 62 59 70 26 81 59 53 11 98 93 68 67 79 68 5 10 23 27 16 80 32 21 95 
16 79 41 44 42 63 94 22 82 25 71 38 57 99 98 22 35 68 74 19 77 6 10 40 83 18 75 3 30 92 43 72 21 38 31 12 25 30 47 19 24 51 33 76 55 42 7 90 53 38 6 37 95 16 34 5 49 37 5 39 6 92 79 85 36 44 19 36 26 71 22 68 23 13 71 91 80 11 75 91 99 54 16 74 76 26 86 7 40 40 41 63 3 90 34 68 98 95 66 42 32 37 29 42 16 7 46 6 20 52 18 99 13 17 66 55 5 84 77 21 93 26 45 98 7 38 18 93 46 92 35 54 30 76 81 15 40 34 21 44 60 18 46 86 28 24 19 4 68 42 19 21 46 94 80 71 6 83 42 37 14 35 87 95 6 38 90 61 31 93 56 32 88 55 70 29 81 75 36 44 54 46 23 82 35 44 8 4 84 76 20 71 38 21 84 90 47 72 67 55 
80 69 27 43 91 64 77 69 62 37 60 65 67 58 32 17 24 37 5 9 15 35 60 39 5 91 74 38 59 36 31 91 62 13 46 55 37 92 80 74 63 1 62 3 98 26 6 22 93 46 28 60 11 43 69 10 48 27 13 47 53 45 99 52 41 11 50 25 18 18 85 4 95 56 39 88 13 38 82 55 53 8 41 77 60 70 11 40 65 2 80 66 95 71 51 28 2 61 49 70 69 83 51 28 43 1 99 45 43 40 23 90 85 21 52 82 97 62 41 2 39 14 86 15 22 62 44 89 27 59 50 15 24 38 36 20 88 29 53 91 24 80 84 96 75 78 69 95 54 65 20 65 53 57 38 16 64 62 38 9 2 2 61 78 17 26 98 48 17 37 7 51 86 3 26 46 6 78 3 40 65 26 6 3 90 30 45 88 57 19 91 56 9 83 93 82 80 94 97 86 
23 99 18 12 87 10 61 53 24 66 65 31 69 15 27 23 84 87 19 86 48 93 73 57 48 14 83 35 78 94 90 84 30 41 84 25 84 12 89 28 11 11 65 5 58 83 98 7 47 9 93 16 66 94 70 36 63 67 54 93 42 72 74 24 53 63 53 70 90 93 4 75 82 18 18 74 86 77 67 91 85 1 93 29 77 89 99 66 70 23 48 50 77 40 52 90 11 44 69 53 73 85 96 52 55 67 64 46 23 27 27 30 18 41 60 32 50 11 55 3 87 60 8 12 54 29 16 41 22 64 73 78 3 19 62 12 47 39 47 23 33 62 69 79 62 13 38 31 53 88 30 1 34 61 75 81 41 68 59 29 3 7 10 52 45 23 93 12 77 14 11 13 86 14 87 94 35 94 69 31 52 52 16 16 27 6 95 67 4 89 75 11 73 49 21 79 69 29 83 7 
92 49 23 45 37 15 2 41 33 14 73 93 5 42 28 99 94 20 99 65 26 54 46 67 79 10 11 26 55 78 92 72 45 47 18 18 98 69 6 21 96 28 36 58 14 9 23 92 93 69 79 43 11 6 87 48 45 20 65 43 48 92 40 21 14 49 12 7 41 31 25 23 11 59 37 59 51 9 87 41 4 74 65 1 95 40 76 41 7 47 17 10 40 65 38 63 87 57 17 40 4 51 24 26 67 10 92 24 56 92 86 23 15 36 70 67 20 10 77 24 54 95 79 54 68 49 52 77 58 73 50 46 26 84 68 8 53 80 16 79 69 15 82 14 17 57 10 68 26 68 55 73 77 66 67 4 75 96 48 41 15 99 25 50 49 80 22 45 60 76 23 53 29 26 43 92 99 40 98 33 51 66 76 68 65 61 96 84 98 60 88 30 46 39 57 81 12 93 50 15 
80 86 86 96 89 37 9 48 49 9 25 73 65 94 99 23 24 90 50 73 32 38 83 67 63 68 50 60 99 46 78 62 79 13 24 81 36 30 10 70 45 26 74 67 66 34 12 39 89 43 17 28 75 35 27 94 1 33 69 60 4 42 4 50 24 95 63 41 50 97 1 99 61 65 32 32 72 76 81 21 74 9 22 75 84 87 21 72 82 26 84 98 60 71 99 97 62 47 78 11 30 1 5 23 47 39 72 4 80 82 34 55 29 99 42 52 60 56 91 87 59 58 69 14 70 94 89 91 44 79 45 29 75 1 47 26 50 59 69 21 92 14 93 30 2 27 49 95 99 4 62 26 77 43 96 41 33 74 98 18 19 4 37 31 84 61 52 96 22 37 97 18 6 33 82 30 41 2 18 41 5 91 57 74 88 91 43 18 47 72 50 64 36 33 27 54 58 42 43 21 
92 31 76 68 65 7 52 94 97 96 40 94 21 89 14 3 58 90 1 68 44 30 98 82 44 86 94 93 71 6 84 25 11 19 93 92 31 61 90 31 8 89 11 1 39 3 73 18 69 61 99 65 1 3 30 17 21 63 49 51 11 95 96 73 75 87 90 34 53 81 46 47 38 90 92 6 99 22 93 9 98 92 64 71 12 47 90 48 41 78 51 50 40 46 30 65 33 95 41 75 26 75 42 76 34 58 58 94 96 55 95 10 94 42 66 69 71 69 2 10 50 88 71 75 55 65 7 34 28 2 14 1 46 54 97 53 43 50 76 51 28 12 2 54 2 68 78 43 75 79 82 35 95 53 80 8 52 61 46 12 8 63 81 92 10 24 35 11 11 27 19 57 89 1 31 74 65 31 70 74 22 86 56 58 22 30 50 34 27 43 71 33 18 41 15 36 13 94 74 82 
62 52 33 3 86 2 12 93 72 86 91 23 61 83 87 20 61 22 72 12 38 75 78 18 11 56 85 41 44 10 18 67 46 7 37 52 55 39 36 21 39 12 30 57 88 38 56 1 8 30 60 39 10 98 97 99 13 40 21 49 29 36 76 80 62 42 98 11 1 84 3 74 10 53 77 18 26 97 81 87 52 15 34 33 49 50 13 92 33 86 43 90 63 39 94 33 42 49 73 95 4 79 17 23 13 4 88 21 53 6 67 48 24 69 48 13 37 74 29 63 2 88 8 85 29 62 76 92 15 23 16 24 45 67 85 33 79 55 19 85 50 5 22 50 56 85 58 95 52 13 50 80 50 39 68 50 5 49 29 29 13 56 82 16 6 91 12 74 41 2 25 30 99 39 48 62 76 58 20 99 77 9 83 12 8 30 83 3 71 41 56 9 65 41 28 87 64 94 3 13 
15 64 76 30 61 21 86 52 31 35 40 32 92 79 11 49 43 84 85 75 74 5 28 40 43 87 53 2 39 47 93 18 51 23 64 10 42 59 39 32 12 67 14 44 67 95 75 78 95 1 73 7 27 13 87 9 4 6 93 45 55 66 36 23 59 64 97 64 16 17 62 75 15 61 88 17 1 23 79 69 47 82 45 8 24 47 79 62 62 17 23 93 29 54 32 60 91 53 52 84 86 8 81 24 91 81 42 39 91 75 49 62 48 94 77 68 68 24 33 40 72 87 20 37 64 25 9 69 99 54 7 59 55 48 26 16 96 93 52 1 45 67 13 97 52 3 48 79 62 56 75 81 84 81 61 65 61 92 91 89 37 34 37 79 26 51 22 92 80 61 95 92 62 14 98 14 11 69 33 31 9 60 32 28 52 64 25 68 24 72 11 61 55 55 22 33 98 34 96 92 
5 27 5 99 6 65 54 41 16 29 4 8 87 13 81 81 11 95 69 95 48 80 51 84 86 41 51 22 77 62 80 65 76 86 82 3 97 57 70 93 44 61 79 14 64 74 3 98 86 4 42 87 67 30 44 67 33 56 51 16 26 47 41 45 47 74 71 46 96 58 25 32 23 17 50 83 64 3 10 90 90 52 19 94 50 27 92 37 10 56 89 99 5 85 53 48 75 15 58 78 16 43 53 57 14 18 4 68 99 70 38 55 84 65 87 65 9 44 35 92 80 65 54 22 25 51 56 74 26 32 31 49 66 86 93 67 78 89 27 16 82 52 24 93 31 67 35 49 54 56 7 32 5 6 31 32 98 18 84 24 58 50 74 9 61 62 81 62 79 55 5 76 24 22 5 3 90 83 47 95 99 38 45 57 46 4 8 80 36 60 76 93 35 94 76 5 11 44 54 41 
