200 20
50 63 17 72 53 28 32 31 50 14 74 21 5 16 86 32 37 43 14 68 12 13 92 36 40 48 52 44 64 66 1 94 59 75 26 75 22 68 83 56 66 15 92 80 17 57 32 63 2 3 29 77 49 17 58 54 76 19 33 74 89 75 96 62 72 90 22 79 81 6 98 18 41 88 34 94 36 29 39 44 5 30 28 16 35 8 10 61 56 77 82 35 32 53 26 84 57 38 97 41 49 21 22 23 42 65 90 17 80 10 52 82 14 56 4 39 88 66 90 64 45 54 94 82 9 81 33 64 81 49 46 16 43 92 95 74 37 74 57 3 68 80 13 81 95 10 48 4 28 72 42 67 13 79 62 72 37 41 59 10 14 54 60 59 81 3 62 80 94 48 24 9 18 23 66 48 20 23 56 63 70 7 9 76 27 84 78 58 36 11 49 24 23 83 34 25 82 32 64 45 
25 38 78 10 85 94 16 80 53 84 88 55 86 39 94 93 16 66 37 20 11 22 94 85 50 72 91 41 94 68 62 6 46 13 23 32 27 28 42 79 43 27 4 80 51 79 82 11 33 81 8 54 59 26 33 77 60 68 9 94 94 98 45 37 20 6 85 22 55 53 71 21 57 40 15 30 86 74 65 38 72 42 78 93 88 72 83 75 15 11 55 60 12 84 82 93 84 71 31 55 58 72 21 32 37 75 88 81 81 27 59 6 74 1 14 17 87 64 60 7 53 52 96 16 33 28 86 3 82 61 24 12 26 87 4 40 20 85 87 11 26 38 77 39 77 9 80 99 46 4 77 98 17 44 95 39 49 33 73 92 51 27 30 66 48 2 35 72 48 22 78 96 12 12 37 66 23 20 42 21 55 92 52 78 44 39 19 7 50 99 57 89 32 21 13 97 16 16 30 57 
63 33 87 50 42 9 24 11 83 10 36 35 55 98 42 84 85 22 91 29 7 53 9 81 95 37 37 53 24 32 84 86 95 55 63 9 93 27 38 67 24 11 66 81 59 61 46 76 79 67 54 38 22 93 94 48 18 25 39 30 42 12 74 97 52 14 43 91 36 41 87 26 53 99 95 36 78 36 41 16 49 79 33 65 4 85 52 33 28 81 1 60 1 10 43 25 34 70 51 85 19 64 47 23 68 40 46 87 63 35 2 40 92 20 52 97 99 42 56 74 24 70 46 29 48 37 64 5 39 85 13 77 90 7 89 93 70 92 42 21 62 69 3 85 10 50 36 22 59 74 81 10 6 51 99 24 35 7 13 75 67 22 50 54 1 81 90 76 57 18 10 23 24 50 18 89 98 32 9 24 33 93 2 73 73 87 86 31 10 28 62 71 18 40 89 3 98 99 24 7 
75 2 85 61 35 37 97 77 49 14 19 82 55 72 84 59 89 66 87 16 10 89 1 5 7 84 90 43 29 70 40 29 97 55 65 63 29 60 36 64 49 33 91 89 16 69 62 54 36 32 85 48 85 69 28 56 24 34 3 77 21 99 84 43 67 83 37 35 96 62 22 3 8 89 24 86 75 21 67 33 77 25 36 16 8 7 88 51 97 26 84 20 35 14 93 83 79 94 21 8 86 99 26 75 21 93 36 7 80 86 71 80 10 55 58 53 25 60 53 72 25 69 57 1 17 71 35 34 31 95 38 18 42 33 19 66 84 54 49 83 75 25 44 80 30 30 75 93 81 88 92 4 1 73 42 56 13 30 82 78 18 96 11 96 11 20 72 58 95 77 85 50 8 93 58 15 33 59 8 69 24 49 78 29 21 45 59 19 68 49 7 99 37 6 58 78 39 20 57 37 
16 53 78 28 54 37 61 89 84 41 42 51 88 77 41 92 47 42 71 25 27 9 30 79 83 17 99 7 47 74 34 66 20 44 58 25 71 41 57 43 28 24 74 78 69 92 98 69 22 76 67 36 53 34 51 72 64 42 54 37 83 91 4 52 62 81 47 92 64 12 42 79 66 76 53 80 45 59 44 94 75 28 74 52 21 23 87 7 31 57 9 28 31 8 40 96 21 7 49 98 63 41 69 16 80 40 84 26 47 72 35 86 85 38 98 40 58 67 93 99 62 6 69 45 20 15 97 17 78 64 71 11 98 24 94 71 49 58 75 81 5 22 25 64 35 52 45 69 98 60 27 70 40 29 41 57 80 7 34 32 15 94 19 98 99 51 73 62 55 74 30 18 50 4 69 45 3 11 19 8 69 94 41 36 43 72 29 33 43 75 2 58 10 43 96 29 98 17 62 8 
67 26 33 91 39 25 42 49 6 98 49 15 40 1 57 26 97 95 42 66 84 29 11 37 30 98 76 23 50 20 27 62 19 95 91 15 39 85 12 31 6 72 6 22 80 36 43 26 58 18 11 78 33 88 79 79 70 22 77 67 76 57 54 78 64 75 52 24 23 60 75 57 87 72 57 38 7 16 31 6 14 8 93 46 90 45 82 62 44 76 37 39 64 70 71 19 6 78 40 60 44 14 12 18 53 13 32 2 70 3 96 54 66 78 19 10 13 63 96 73 52 80 83 80 66 23 56 72 45 22 83 62 54 13 97 2 5 8 56 54 23 63 20 61 18 47 13 10 49 8 98 3 98 47 43 30 34 81 85 31 85 19 11 69 6 20 10 99 45 73 58 35 19 61 76 18 71 26 4 84 54 44 66 42 84 90 43 27 20 10 38 82 28 84 47 23 51 2 27 2 
69 89 94 44 47 63 4 38 97 27 34 34 86 73 69 3 98 57 28 47 72 42 8 47 52 40 32 9 26 57 90 1 71 38 85 5 99 10 73 53 99 24 11 77 79 2 94 51 15 77 11 30 85 42 74 99 27 86 74 18 68 47 17 60 80 47 70 59 14 43 8 54 49 63 52 29 38 60 17 59 44 45 55 57 91 40 97 12 6 13 98 35 57 30 82 5 8 93 83 10 51 86 91 90 59 20 94 86 22 73 24 77 98 37 97 29 51 61 64 34 98 93 44 58 53 29 76 84 66 49 64 53 74 65 13 11 39 68 75 50 94 64 2 55 88 26 75 44 28 29 60 15 20 3 45 87 18 69 85 47 67 89 48 89 44 4 56 65 3 81 32 20 18 59 38 41 28 85 25 2 81 68 74 5 78 15 40 21 14 74 94 43 23 87 72 19 23 26 11 2 
71 77 99 3 16 8 19 58 32 87 62 88 83 26 14 35 5 48 38 11 23 14 3 24 72 32 93 93 22 86 37 69 82 48 12 50 36 98 78 3 46 46 88 82 82 44 8 47 37 12 33 81 44 54 14 13 96 74 69 29 66 1 6 99 26 98 36 93 60 93 1 97 93 88 84 34 1 83 34 83 31 90 80 97 24 58 54 24 33 86 6 21 35 46 24 77 59 97 54 30 98 13 18 86 33 87 33 40 46 65 28 88 43 54 65 54 72 48 57 4 41 39 87 65 36 44 26 47 41 19 50 56 58 77 65 18 25 13 18 96 29 11 22 9 35 75 69 47 96 43 57 97 79 4 97 58 76 17 45 55 31 32 9 66 49 10 74 37 25 35 24 99 56 40 49 91 62 24 77 74 5 66 85 53 7 52 20 95 67 84 15 48 86 9 13 58 78 29 81 89 
16 20 78 42 16 28 28 56 66 90 80 63 94 97 21 55 93 18 47 96 13 83 59 17 52 92 55 2 57 97 28 94 13 1 52 81 35 49 84 90 68 25 53 84 75 42 55 53 34 40 46 6 27 75 38 71 41 19 88 84 56 45 99 84 44 29 8 6 54 39 78 74 17 32 1 99 30 44 81 68 54 86 37 41 12 40 88 40 71 46 55 51 50 3 47 9 3 58 63 95 16 4 77 36 4 68 40 86 99 10 68 33 50 14 37 81 11 81 78 53 38 30 72 80 81 77 39 96 82 46 36 32 63 49 50 8 22 87 89 28 28 44 82 77 13 75 63 8 67 7 76 40 32 25 58 54 93 73 43 79 76 46 46 94 39 79 64 19 65 47 67 4 58 53 92 31 36 28 36 2 23 19 49 33 47 86 32 52 28 96 27 86 77 15 10 64 86 1 87 99 
58 62 24 85 68 64 57 27 92 97 47 37 55 30 57 38 3 4 7 10 67 2 34 57 37 20 70 82 28 33 6 51 47 64 57 61 64 55 42 13 83 32 39 76 5 75 65 63 99 91 38 89 76 78 48 49 50 92 28 83 12 24 17 44 93 58 34 70 42 49 46 48 85 87 35 88 1 68 65 88 86 59 57 4 25 71 53 17 57 27 83 7 50 26 41 15 61 19 44 16 15 74 11 86 62 44 23 74 59 37 97 66 27 84 55 55 26 10 87 14 22 99 28 56 57 67 17 14 17 26 77 99 98 57 75 79 81 77 94 37 94 8 4 49 87 43 21 47 95 20 92 90 10 87 49 33 49 74 85 93 24 56 24 24 8 26 79 78 5 65 39 79 22 9 21 89 33 13 45 80 48 30 7 99 86 70 39 40 40 75 86 8 47 85 72 92 57 8 64 37 
57 32 20 65 39 6 57 43 14 59 7 9 43 88 69 75 81 57 16 42 24 42 24 46 43 71 26 97 40 76 51 30 84 27 69 39 59 82 38 32 5 31 40 65 58 35 32 92 6 75 87 7 20 92 37 83 3 34 19 27 34 94 15 10 12 63 99 22 99 65 84 10 64 5 55 21 24 10 23 52 93 78 64 85 22 18 65 41 43 91 67 11 15 60 6 13 64 31 60 25 33 92 94 36 17 67 99 86 15 50 39 13 67 55 95 90 5 55 8 78 89 31 20 62 57 10 23 98 65 14 1 59 34 99 68 74 87 6 23 75 3 92 82 39 52 91 31 33 42 42 63 58 65 39 27 90 36 79 66 30 40 99 68 38 76 24 5 86 99 6 74 97 64 74 50 91 71 74 20 25 9 13 31 42 94 4 36 10 24 6 34 68 12 75 15 71 35 2 4 33 
37 44 61 72 28 58 52 85 52 29 79 70 64 12 56 10 86 97 23 34 35 36 71 40 33 52 61 12 29 64 38 34 21 6 53 16 69 43 84 10 21 90 48 25 22 34 28 51 42 48 83 77 89 13 77 7 32 37 85 78 14 70 27 87 77 28 70 98 77 8 62 69 5 8 41 68 2 44 58 92 80 74 92 87 44 12 76 62 7 44 8 15 6 55 71 45 28 43 58 76 23 35 82 73 26 13 4 61 73 26 42 44 23 11 95 23 72 15 67 17 78 7 73 78 75 4 68 16 92 84 63 9 76 10 42 30 5 42 82 60 9 62 75 12 91 91 39 42 44 6 44 77 69 59 27 28 94 99 13 8 94 86 31 55 10 15 36 48 62 27 24 25 78 38 55 6 6 49 68 5 31 69 4 54 99 35 17 23 34 25 2 31 53 82 9 73 92 33 60 35 
33 91 23 31 12 39 69 18 19 85 19 42 62 66 21 38 6 7 76 74 63 20 35 54 90 98 84 7 82 7 48 81 63 76 76 40 84 98 42 55 12 23 33 96 28 43 44 32 19 95 77 17 69 53 27 88 60 18 80 61 57 14 8 21 10 85 57 14 38 83 49 46 35 65 68 75 52 85 59 3 99 92 20 69 36 18 92 47 62 74 63 38 20 47 48 59 77 87 94 44 31 9 69 35 93 79 56 72 90 13 46 93 55 66 35 26 18 34 13 75 3 38 63 28 23 22 50 39 71 50 19 25 16 94 84 63 91 33 26 79 98 41 84 48 89 85 52 78 69 19 67 15 86 75 11 26 24 58 94 3 97 42 61 48 49 58 73 74 37 95 9 91 31 89 55 9 10 17 2 21 48 90 37 9 19 54 36 25 77 73 61 94 62 30 52 9 86 18 18 11 
47 52 98 57 16 90 57 2 46 97 44 70 85 82 62 6 65 16 84 46 64 95 13 92 75 17 53 75 82 39 78 27 21 58 6 48 50 71 56 76 23 51 28 56 51 6 66 8 79 57 30 93 48 5 60 91 65 92 50 57 76 82 14 98 32 20 52 43 53 6 28 3 7 58 27 49 68 91 33 78 93 75 91 77 88 11 83 1 74 92 89 29 60 82 61 47 7 79 91 7 2 81 76 97 24 60 93 16 12 30 63 32 36 11 21 62 64 4 83 34 31 56 22 55 9 31 26 85 73 74 73 4 73 89 4 73 2 96 80 19 61 10 61 84 34 2 70 13 51 73 63 7 62 24 99 1 2 15 8 31 58 46 53 98 46 19 13 47 68 6 38 24 92 21 28 50 14 88 91 94 28 11 26 34 95 35 76 31 16 27 10 95 90 34 81 57 95 60 5 33 
67 40 88 73 12 36 6 34 76 70 37 84 63 71 19 74 75 68 5 20 57 29 17 53 42 9 84 62 91 90 87 34 40 27 4 3 43 91 48 88 15 14 21 43 75 28 49 93 93 17 30 88 31 53 75 37 86 45 55 55 38 78 42 11 87 62 54 66 6 72 99 20 74 91 19 52 28 60 30 71 4 14 72 52 79 28 48 83 20 65 70 12 19 17 3 82 46 45 4 86 87 28 72 1 90 5 92 37 9 18 73 80 43 56 93 35 89 2 49 68 78 70 92 56 21 55 80 23 51 73 12 87 73 8 78 8 1 51 5 22 3 49 89 95 48 45 55 61 48 25 88 65 99 58 83 13 30 42 87 7 40 47 42 94 51 61 30 14 41 30 15 31 98 4 90 90 56 79 19 55 42 46 78 49 19 28 5 6 33 27 36 8 50 66 56 32 7 37 37 93 
74 92 51 49 30 33 78 79 82 56 2 43 23 15 23 34 39 47 45 89 31 95 93 14 30 30 37 94 20 60 4 21 53 60 99 5 71 83 31 96 22 83 19 6 80 30 19 20 64 32 42 22 56 53 73 11 21 30 85 18 22 93 64 27 46 87 25 94 15 83 27 66 10 6 2 95 86 44 60 64 95 75 22 1 2 82 26 96 1 73 55 29 40 98 50 77 37 70 35 41 95 79 26 60 29 21 59 34 75 2 6 38 17 71 89 45 1 31 10 42 54 58 53 50 8 22 20 43 10 4 39 65 46 18 84 50 63 23 1 43 80 51 14 13 12 18 56 77 86 44 83 19 65 78 89 2 58 9 32 94 47 85 45 86 1 43 62 7 95 10 34 43 35 37 43 59 63 10 30 19 93 68 6 97 16 31 72 5 25 5 44 4 34 12 62 28 92 3 19 1 
56 64 48 80 95 95 59 65 55 62 14 71 60 15 29 5 13 35 39 99 80 37 93 17 91 52 48 37 29 29 60 51 24 27 83 55 48 5 58 47 11 20 10 18 51 21 37 45 28 37 12 86 20 79 66 76 16 28 92 16 9 29 34 69 89 87 78 56 42 63 52 47 33 59 14 55 12 21 50 30 99 28 65 53 84 85 78 30 15 25 17 86 93 87 9 59 73 28 76 89 45 2 32 20 39 60 69 87 13 46 59 14 48 87 43 4 43 88 24 36 7 24 64 56 52 37 76 76 90 28 20 59 26 50 91 22 46 3 19 21 21 27 59 53 89 97 88 45 63 16 95 47 9 6 76 30 51 8 32 76 61 68 53 72 52 39 23 7 73 68 6 61 3 93 42 3 43 37 44 81 13 99 85 21 40 50 98 14 59 28 66 15 2 29 18 34 91 99 20 32 
74 52 12 11 61 88 42 48 47 21 8 79 9 59 72 40 85 82 95 21 52 11 9 36 85 70 80 92 38 65 82 59 97 44 66 31 67 70 25 7 23 91 62 49 90 3 67 56 11 25 77 33 11 63 47 58 68 84 20 50 83 79 97 42 48 37 4 42 14 8 58 12 58 75 42 27 59 27 67 50 58 19 49 99 30 47 67 15 56 14 42 31 86 2 98 41 15 34 39 70 41 51 7 40 46 76 59 41 57 83 36 99 16 68 26 46 50 14 35 84 40 62 59 61 88 81 51 35 86 36 86 42 88 54 35 69 74 96 31 20 23 26 39 81 75 74 22 1 11 16 15 43 11 30 88 69 27 72 20 99 55 47 60 86 96 68 9 77 34 38 71 88 95 5 39 74 25 40 53 90 51 6 72 68 56 20 43 81 44 27 69 14 9 68 77 29 5 47 91 40 
21 93 58 39 61 37 38 18 61 79 89 23 74 74 46 87 80 25 46 22 34 32 69 53 4 35 85 68 19 56 95 63 14 47 75 78 67 29 20 50 51 35 87 50 71 60 44 29 15 1 6 63 85 96 80 96 60 81 17 83 20 18 45 33 2 47 21 56 40 33 66 3 12 1 21 11 74 86 76 49 19 76 30 60 6 55 19 4 12 44 69 1 74 49 41 76 35 4 68 8 80 11 3 61 91 88 61 43 81 15 67 36 43 66 93 50 91 68 9 61 8 36 18 56 83 15 8 78 62 29 91 69 87 25 52 14 41 12 84 82 92 7 40 76 37 80 71 69 43 98 74 56 98 67 35 88 45 74 68 27 34 35 66 79 59 37 40 47 10 79 64 66 6 24 20 55 48 31 36 55 60 8 41 74 31 50 95 34 60 90 47 9 97 33 65 74 96 8 90 47 
22 36 17 69 65 71 6 37 30 25 1 49 74 82 31 58 4 88 28 82 81 68 45 31 55 44 75 19 68 53 72 87 86 70 63 24 7 23 74 75 86 12 46 75 56 29 52 55 37 76 20 67 65 85 47 2 6 36 20 6 73 72 37 3 51 26 20 11 7 32 40 61 18 48 32 18 83 72 15 95 44 65 9 77 7 64 56 35 54 7 40 50 71 43 2 26 61 63 57 14 62 8 24 27 69 92 29 60 51 23 37 11 70 15 63 94 1 14 94 66 45 14 8 36 59 74 87 92 64 39 47 18 69 58 46 6 87 4 9 86 58 86 42 36 62 82 56 5 44 42 82 27 26 18 92 47 34 73 16 35 7 14 60 5 23 92 30 32 18 39 42 79 98 73 50 5 65 27 57 89 32 58 41 52 43 75 67 67 89 50 9 87 33 44 68 58 21 18 94 39 
