200 60
26 55 69 86 90 7 20 1 35 61 58 58 51 20 24 15 49 43 77 36 64 55 4 6 63 49 28 30 51 98 13 47 76 54 66 29 36 62 53 90 86 59 96 94 43 85 84 61 93 89 77 69 98 34 13 64 1 1 16 68 31 1 98 79 12 73 73 84 69 3 53 63 32 14 61 89 44 86 38 48 68 56 44 30 89 24 69 45 28 60 36 27 39 13 11 39 22 13 4 81 27 79 81 94 61 28 66 69 92 74 49 50 60 44 91 43 74 75 35 22 32 28 3 32 13 87 11 2 93 73 71 43 49 43 1 60 62 99 23 57 27 98 79 42 58 53 33 35 92 39 74 70 2 5 29 11 91 75 63 44 15 56 89 96 72 44 75 37 23 32 46 81 85 11 93 3 50 84 81 31 81 66 50 68 25 92 28 86 14 26 30 40 75 61 71 67 37 34 68 99 
1 87 72 44 26 6 79 44 94 67 52 80 42 82 6 79 94 51 66 24 8 95 97 80 91 88 40 36 44 87 35 27 84 64 58 67 81 35 53 85 83 93 60 49 54 44 48 2 1 27 45 92 8 56 71 7 62 46 69 96 93 45 34 14 98 65 47 39 73 17 5 18 47 33 51 83 13 10 9 97 56 30 11 74 89 97 31 15 80 68 14 38 85 83 12 14 81 95 7 87 93 6 51 21 30 89 91 15 11 34 6 46 3 63 30 96 46 72 92 82 87 60 42 90 13 56 82 6 76 58 3 41 33 55 8 73 71 67 48 70 39 70 55 27 81 31 69 87 67 36 72 89 24 24 18 82 64 19 64 69 24 56 2 29 84 20 90 54 13 69 86 80 88 72 73 18 33 36 95 78 46 41 88 15 32 65 10 43 34 24 72 82 65 95 70 79 38 54 18 42 
2 17 59 1 11 45 65 3 81 52 25 91 67 3 48 60 93 7 89 76 12 79 12 41 58 96 39 43 11 49 14 17 40 3 53 95 71 49 3 71 38 69 98 50 39 82 15 6 93 6 30 39 98 13 75 32 84 85 93 6 72 72 98 76 29 44 24 11 24 53 87 82 84 84 43 28 55 15 37 4 48 70 64 43 6 79 27 11 53 32 87 59 56 33 28 86 76 61 4 90 26 26 2 28 29 18 92 68 71 71 94 49 64 20 23 35 91 49 47 72 73 56 51 48 20 2 85 40 87 73 25 80 34 36 25 5 76 87 79 17 46 21 72 35 48 74 39 58 11 92 20 13 50 77 18 17 20 49 52 33 70 1 19 23 5 53 42 7 35 14 34 18 36 32 49 58 8 53 44 57 23 77 26 25 92 15 19 12 14 42 11 59 33 60 18 65 96 47 33 29 
70 35 92 14 68 71 99 3 17 67 19 96 99 80 51 46 55 4 45 83 60 51 74 2 10 39 26 34 98 64 73 37 3 89 64 73 60 21 97 90 51 92 7 2 82 44 41 69 67 5 45 85 3 74 44 53 58 4 19 65 51 75 92 89 28 86 9 48 51 29 16 98 73 71 45 15 25 40 91 69 89 97 99 15 88 30 40 62 63 22 92 66 54 43 28 6 80 24 87 61 27 43 66 2 20 4 94 60 11 16 14 20 56 79 67 92 2 64 72 2 60 91 8 61 93 15 89 58 96 1 60 36 73 11 59 71 26 85 15 59 26 20 19 92 5 49 10 43 28 27 52 44 83 11 24 70 55 38 89 19 10 12 86 93 75 80 4 80 25 16 67 35 55 99 16 60 67 3 85 88 52 64 89 62 68 76 3 18 23 61 36 61 56 57 27 56 19 97 11 1 
14 32 93 48 92 21 61 30 68 55 9 12 30 8 60 97 43 45 77 91 63 33 57 99 34 45 45 38 99 65 36 37 10 98 82 51 23 74 5 62 18 53 88 84 94 33 99 76 83 55 85 42 50 14 83 37 6 54 25 78 6 90 45 49 62 1 84 2 49 41 1 70 7 47 68 71 48 42 91 12 68 46 7 96 46 74 87 33 54 53 56 39 63 19 83 48 48 26 1 14 95 56 2 20 10 23 50 84 17 73 89 65 74 3 42 68 75 55 23 51 56 29 39 33 98 87 3 97 43 62 31 98 89 61 57 73 3 69 35 37 26 65 42 2 77 16 92 70 64 92 38 55 85 69 74 73 38 36 52 60 23 99 76 72 55 91 20 93 63 76 22 44 1 55 2 82 53 73 59 18 39 26 84 8 20 64 63 74 6 3 83 1 64 24 39 46 19 86 39 44 
48 81 6 72 10 40 7 3 19 65 25 41 65 97 92 43 36 42 10 52 48 9 71 25 82 37 97 67 9 30 69 62 23 85 55 3 77 25 46 24 9 28 84 34 71 63 94 42 70 16 18 93 88 24 39 2 22 7 22 73 10 94 37 48 62 65 96 22 97 68 80 84 69 64 73 45 99 49 92 70 8 87 18 8 45 45 28 24 23 21 28 32 46 75 78 23 43 62 33 97 97 64 64 98 80 18 96 42 77 47 40 44 28 96 16 61 46 63 93 10 63 22 19 8 48 63 46 2 46 20 68 94 8 3 50 84 19 27 57 89 35 47 91 81 9 87 15 19 22 69 88 74 21 51 1 68 43 49 94 1 49 78 7 80 56 75 92 57 66 36 60 54 1 43 1 97 29 98 19 49 1 56 68 35 76 49 75 80 61 27 77 38 32 78 52 21 72 73 46 34 
34 8 63 96 2 50 2 25 30 42 59 85 21 58 14 92 68 20 66 88 20 51 98 94 27 35 24 68 8 69 51 60 98 22 34 72 11 90 32 10 89 54 63 40 67 32 64 50 22 41 42 1 32 50 36 80 31 36 66 69 69 41 98 86 64 28 94 52 62 38 69 43 87 46 49 45 5 16 27 16 75 58 18 33 8 85 16 57 20 71 51 86 93 1 44 11 28 32 64 69 99 50 84 8 17 25 37 33 77 65 72 69 22 75 12 18 92 14 8 6 89 46 96 52 25 5 56 16 81 40 63 55 67 83 46 86 73 98 46 35 29 38 69 95 56 2 45 86 30 92 81 9 32 70 24 97 8 11 6 82 21 61 10 42 11 95 24 59 52 73 95 82 5 91 87 74 73 44 36 73 65 77 7 48 44 48 51 55 86 75 60 93 39 1 25 61 74 44 88 11 
20 34 52 58 31 48 38 1 72 94 25 82 37 65 43 49 89 81 39 68 51 76 52 11 77 78 1 31 41 88 57 48 13 66 35 30 44 7 68 71 43 23 89 74 65 29 16 34 86 19 29 15 85 50 52 35 29 22 40 47 50 59 50 19 30 92 31 15 78 41 1 77 18 90 28 6 60 77 16 44 91 67 79 53 53 42 30 99 20 72 53 34 86 7 94 70 42 48 37 72 59 37 83 28 69 34 40 38 43 95 91 89 79 63 90 44 77 38 31 15 24 66 37 50 72 17 38 13 24 67 51 62 9 79 65 35 69 86 21 29 38 69 89 80 22 40 57 47 81 23 6 90 14 37 90 57 31 75 28 55 46 85 71 44 48 54 93 8 90 85 70 41 66 83 58 27 91 33 79 23 87 82 99 38 61 22 11 14 85 66 13 10 81 38 94 79 2 44 16 56 
1 15 21 72 41 18 47 24 82 49 36 7 35 34 42 72 70 51 87 79 38 42 68 2 60 13 64 32 47 45 41 91 98 1 57 32 11 25 75 47 83 59 61 74 27 39 92 4 66 9 67 80 48 22 11 18 47 48 74 97 75 82 52 77 81 49 78 98 64 9 40 93 73 63 79 86 20 64 1 7 78 18 76 88 98 89 58 81 6 16 73 56 11 2 41 11 15 37 73 72 16 93 79 13 16 38 80 44 26 35 5 33 72 53 3 3 5 73 49 43 98 91 49 11 67 30 46 42 60 39 28 54 79 6 32 55 75 59 52 46 60 77 44 33 11 91 34 27 78 96 22 54 89 52 89 61 56 92 5 23 82 33 33 44 66 72 36 71 13 3 83 94 34 17 57 57 57 9 59 59 33 86 16 64 41 72 82 9 93 16 56 4 43 92 75 44 92 17 29 14 
19 22 64 68 45 34 49 13 58 41 82 30 30 20 8 78 56 18 12 54 97 87 56 24 3 19 12 59 43 70 85 61 44 95 53 97 17 83 91 32 87 80 11 55 30 29 81 15 96 90 69 49 49 87 66 18 91 24 21 32 99 25 69 84 52 62 66 85 64 89 18 88 16 70 12 27 84 13 48 39 77 95 73 6 59 7 6 76 88 68 73 3 44 70 42 72 59 1 45 35 53 80 18 36 59 89 26 49 60 2 99 5 15 13 63 25 93 76 65 51 8 32 11 77 41 35 95 79 81 90 32 51 50 85 83 28 35 17 95 26 22 24 28 66 25 20 81 13 19 24 35 98 67 92 74 57 59 47 21 59 35 10 67 37 20 34 7 19 58 31 62 60 37 9 23 77 25 96 69 72 1 79 9 70 83 30 5 48 63 37 9 65 36 38 93 96 31 53 78 61 
84 15 59 48 96 72 28 28 72 3 22 79 95 34 39 96 90 63 96 70 83 16 89 47 53 97 48 82 91 52 91 98 60 19 83 40 43 88 93 31 5 58 47 31 47 86 86 90 65 56 23 9 5 21 96 87 13 70 33 89 4 80 93 95 5 72 39 55 22 68 82 51 88 47 43 49 27 2 8 57 1 93 83 80 74 11 55 79 66 25 41 23 9 43 49 48 1 68 33 14 65 55 50 57 7 65 16 53 66 23 61 64 77 71 86 6 24 31 22 92 94 55 80 2 40 83 14 28 29 2 71 35 5 94 54 20 41 7 73 61 97 94 3 82 78 83 38 4 86 26 54 96 80 57 58 46 30 48 46 3 73 66 62 39 73 31 53 7 73 66 22 94 53 62 89 81 85 25 45 92 93 40 9 60 5 24 80 74 9 79 3 42 14 58 13 44 2 9 3 89 
4 53 26 65 45 17 43 77 71 10 20 99 58 64 56 41 96 60 55 97 74 6 9 35 57 21 76 71 70 17 67 57 77 78 23 57 65 44 96 29 24 88 32 10 26 4 52 91 10 78 34 6 62 82 90 5 95 46 54 41 32 40 58 50 84 58 16 31 36 2 2 29 25 53 35 14 22 65 59 64 13 39 25 46 81 2 66 96 88 93 91 4 52 47 53 89 35 66 39 86 18 12 45 25 85 76 64 11 7 74 63 7 15 14 62 15 91 84 23 58 45 36 22 58 91 62 37 23 41 75 26 20 71 97 11 64 16 32 55 97 40 51 48 67 27 75 83 12 53 54 45 37 75 47 81 2 10 7 94 97 11 58 14 29 56 81 84 94 25 91 42 71 82 20 99 93 57 97 22 33 26 33 17 80 91 98 5 32 66 5 11 62 55 87 37 11 32 86 51 63 
76 53 43 2 11 54 31 72 7 76 4 76 63 21 26 46 57 31 86 61 45 96 14 49 76 60 78 93 93 25 96 43 42 57 44 12 73 99 52 91 56 68 24 55 76 67 34 61 49 89 37 64 21 26 73 18 76 70 76 83 50 25 77 32 23 11 14 55 36 66 31 71 95 61 94 27 76 1 93 9 32 28 45 46 95 34 3 18 93 63 63 60 44 20 72 72 69 74 28 22 98 68 91 50 76 20 91 81 64 35 29 28 55 9 85 93 71 33 27 85 76 3 15 14 76 23 6 4 33 14 63 98 63 18 61 66 49 7 90 7 42 83 67 56 71 96 34 96 49 37 72 60 76 52 6 32 48 46 5 64 64 90 94 74 30 30 65 58 64 84 68 89 9 60 33 33 31 54 67 43 29 60 65 79 44 74 13 3 60 4 94 91 14 69 99 38 98 17 28 64 
73 71 63 95 74 20 50 68 92 46 16 29 23 86 18 26 47 81 67 24 58 7 51 41 98 4 71 75 85 11 68 38 45 94 61 85 42 82 70 48 13 93 55 65 95 67 42 12 62 98 54 33 50 67 49 75 89 66 41 16 40 40 41 95 19 10 82 48 33 6 52 35 11 1 26 71 31 38 95 63 58 67 4 36 67 70 71 61 84 96 31 98 9 93 58 15 49 35 4 25 54 56 22 18 42 83 4 89 35 64 9 73 86 3 93 72 17 83 47 90 40 11 18 63 97 35 49 87 89 85 7 58 7 99 11 90 59 58 69 61 10 14 9 32 3 22 3 85 1 73 5 54 8 26 82 52 9 33 42 6 95 77 67 87 97 3 46 43 18 42 2 28 59 51 27 32 60 41 11 17 23 7 75 44 44 57 2 7 48 52 66 60 19 28 67 55 28 32 58 67 
30 6 88 89 77 13 91 20 71 4 42 42 5 97 95 74 86 27 54 30 98 1 20 77 51 59 49 92 40 27 17 15 3 74 63 7 75 69 57 7 47 36 47 88 16 10 22 15 49 95 64 94 36 21 9 39 43 95 95 18 73 63 29 18 22 64 33 94 32 86 7 31 48 22 83 95 77 28 81 94 43 77 67 33 40 18 6 66 95 27 20 58 17 71 47 40 57 58 91 61 65 95 86 50 44 45 44 70 8 84 19 72 36 54 56 54 32 22 54 17 77 37 18 20 89 83 15 36 76 38 34 13 94 28 39 22 5 87 26 20 28 10 78 3 99 7 26 63 31 67 98 48 60 7 82 9 12 30 77 65 51 85 55 57 41 18 11 2 1 30 22 50 56 37 6 44 2 19 71 69 55 84 83 17 12 18 9 33 2 45 79 83 49 82 49 1 24 95 45 48 
54 81 44 5 98 24 56 31 33 98 19 89 58 51 3 88 57 19 99 13 80 8 8 11 18 78 11 76 89 27 59 27 22 60 49 83 31 87 10 57 1 91 79 26 68 17 88 20 4 46 39 96 88 83 90 28 1 40 35 79 95 5 82 90 83 38 42 57 15 41 2 11 61 48 10 5 93 98 55 88 66 25 53 93 97 30 22 16 51 68 63 92 15 31 48 84 85 22 95 62 50 44 53 79 62 76 80 60 31 58 26 79 95 67 15 40 7 6 25 60 16 75 69 50 45 64 78 93 76 25 82 33 32 57 88 46 52 88 64 29 78 55 23 77 36 83 95 70 13 70 22 46 42 69 26 87 83 64 96 4 5 55 75 6 61 40 29 96 78 93 36 45 34 49 68 69 38 81 68 20 13 86 36 58 78 62 5 41 29 92 26 97 17 25 47 15 33 54 97 17 
43 76 44 96 10 54 19 23 26 50 36 19 96 12 89 84 35 41 91 22 75 94 74 47 77 95 1 91 30 37 64 10 62 88 3 87 45 2 99 46 1 18 91 49 8 75 74 9 6 13 10 90 5 75 33 24 89 24 54 3 27 41 71 96 69 33 71 53 65 41 39 8 61 45 60 86 12 70 33 15 83 93 70 23 62 49 7 51 57 37 4 59 11 26 60 28 3 62 14 70 56 75 50 33 45 81 6 6 97 96 80 28 8 34 36 92 35 18 9 55 18 85 12 36 71 93 44 30 2 27 93 14 9 4 47 46 91 78 92 83 54 55 29 74 16 85 70 77 14 81 53 60 9 19 42 8 95 43 36 28 4 77 73 59 10 27 42 75 38 86 81 94 68 46 91 80 46 97 36 53 84 41 53 94 69 88 57 52 72 76 48 47 48 64 17 82 48 47 50 45 
49 54 93 62 45 52 53 20 37 41 89 70 15 66 5 57 30 30 81 51 27 25 12 75 78 65 29 42 11 17 38 77 41 28 49 61 4 63 5 50 83 31 15 12 50 19 88 60 81 20 60 78 4 68 27 59 16 71 75 29 25 34 14 81 75 97 7 12 82 66 2 44 60 42 61 63 53 51 98 47 72 80 2 97 21 7 72 71 28 25 50 14 78 83 49 84 46 15 84 93 24 65 11 32 56 26 44 2 67 68 98 47 94 67 21 85 22 42 13 42 6 78 69 75 12 68 8 15 43 34 98 84 69 63 98 43 64 39 78 8 32 73 58 89 39 33 34 24 47 78 15 99 42 88 49 94 68 93 58 2 57 10 66 63 59 64 32 5 75 34 83 59 89 69 41 4 96 32 58 89 37 21 46 73 27 8 7 48 87 63 66 73 81 95 2 11 36 73 77 47 
5 41 49 15 55 80 24 60 27 7 43 92 46 54 57 96 51 47 11 74 53 56 95 6 91 58 11 4 87 88 15 66 3 2 87 39 96 21 79 67 80 3 76 53 71 85 45 13 55 51 1 33 38 78 54 23 1 99 74 78 62 59 40 30 28 67 99 5 51 54 24 80 86 33 66 41 48 51 16 35 65 45 56 30 37 2 17 68 92 12 37 28 42 24 15 70 36 7 68 7 23 98 87 44 3 68 96 51 82 70 3 6 36 98 58 59 59 47 16 87 23 62 80 46 33 3 71 33 84 90 75 38 21 73 4 4 85 77 48 77 81 62 37 71 27 80 90 17 10 32 81 23 48 22 85 29 42 14 41 62 31 87 3 95 52 99 4 3 93 29 3 14 53 47 50 74 92 60 35 96 97 77 48 22 27 59 36 69 77 76 55 2 32 68 33 71 23 94 19 85 
12 76 54 84 57 7 87 62 16 76 96 31 27 87 95 99 3 1 66 75 12 14 37 44 62 47 62 53 76 20 6 90 81 35 24 69 80 59 42 4 42 3 39 97 77 5 29 20 22 10 40 86 17 53 97 44 91 37 5 49 44 17 23 52 22 82 54 74 1 34 24 91 72 67 58 17 21 57 68 78 4 32 30 4 36 63 66 99 69 38 28 33 73 48 74 13 18 66 56 72 53 29 94 46 92 18 64 58 93 41 73 97 35 15 47 1 6 42 4 35 79 98 43 76 97 10 23 96 55 33 40 36 73 41 14 92 88 1 67 97 29 55 5 1 99 4 99 50 60 88 70 71 6 66 60 53 54 1 28 25 19 32 16 38 95 70 42 51 43 65 76 5 64 96 23 10 83 49 1 24 34 98 25 33 36 89 89 35 76 17 48 21 93 11 92 51 56 12 39 45 
6 61 80 36 99 2 73 91 12 60 17 12 5 43 10 84 14 48 75 89 56 64 72 3 33 81 98 5 37 94 95 84 62 15 57 46 6 67 36 17 74 7 48 52 95 15 80 42 17 16 95 15 19 73 40 49 15 3 49 75 63 77 53 83 68 31 85 28 92 66 84 38 56 63 7 19 49 80 26 60 33 65 44 44 50 59 95 48 28 4 53 53 88 47 36 50 50 48 16 46 37 87 21 68 82 68 43 74 41 26 46 55 86 35 70 41 25 12 37 14 98 23 59 3 90 91 44 99 33 6 1 63 13 18 45 22 79 59 9 82 46 42 43 37 5 63 26 69 21 18 68 57 52 96 21 85 44 1 78 44 42 40 89 42 97 47 57 11 71 76 53 6 42 16 15 22 12 89 60 90 13 66 87 94 14 65 86 65 25 61 40 96 4 91 33 47 66 62 59 48 
22 22 71 96 37 10 51 26 29 22 79 38 59 73 48 2 60 22 84 42 60 91 79 67 20 8 18 2 60 28 16 19 95 71 44 69 63 53 64 14 56 14 59 53 54 49 63 62 55 44 93 19 5 2 83 36 28 77 10 92 64 7 28 64 93 38 3 56 69 66 36 32 52 58 1 48 38 91 74 83 88 78 65 68 68 2 47 21 70 44 90 72 46 22 89 3 45 13 2 72 36 88 69 48 47 46 59 41 87 42 86 32 90 17 54 7 33 32 76 85 73 1 14 56 84 17 4 3 78 87 94 36 42 62 69 29 67 69 86 46 84 41 5 73 87 50 15 49 74 35 73 98 69 38 34 62 58 32 75 28 23 53 35 62 65 30 40 41 44 19 38 81 6 32 30 75 11 70 99 14 73 52 43 26 84 47 6 7 47 9 8 47 7 1 77 68 84 31 84 50 
61 19 34 75 75 37 12 34 6 74 33 36 27 3 70 67 50 82 63 78 81 22 73 47 78 30 43 30 6 76 47 22 90 44 55 9 79 87 82 29 96 89 48 23 97 16 33 93 25 72 33 65 68 60 17 33 16 35 83 24 14 59 17 50 23 61 41 70 71 90 78 39 16 72 8 68 91 69 14 82 76 31 51 71 39 53 95 51 3 36 4 18 93 36 63 6 4 27 59 41 46 51 20 97 7 81 79 57 5 71 32 63 49 18 87 76 90 10 30 32 83 91 70 96 38 15 8 21 78 97 81 2 97 78 26 35 14 72 35 70 31 29 8 70 86 87 12 64 16 35 38 10 4 57 56 39 43 3 69 27 90 32 75 37 20 78 17 84 83 3 42 89 64 48 59 33 34 99 92 17 9 36 40 14 8 91 28 30 4 6 67 56 84 85 12 27 8 59 11 77 
10 1 85 24 90 91 65 56 69 27 3 2 99 77 4 46 30 64 3 15 80 39 51 56 26 64 94 20 77 98 52 40 61 72 4 17 5 75 68 96 12 30 81 53 48 82 83 69 21 73 94 19 61 29 2 47 5 35 33 52 70 21 47 65 48 41 6 35 71 56 63 4 7 15 43 94 30 31 18 87 8 72 93 4 81 36 92 85 47 29 29 80 34 55 94 16 90 91 39 88 63 71 50 38 77 64 35 36 18 60 4 59 13 46 48 78 14 93 23 31 75 32 29 13 40 37 93 51 14 10 51 86 54 55 24 60 45 66 5 87 84 4 40 47 59 80 5 53 31 37 89 44 14 28 81 61 61 2 41 30 39 80 89 40 15 42 82 29 34 4 1 60 3 97 23 9 69 59 11 38 5 2 90 84 84 3 33 36 69 83 35 15 89 88 2 60 20 68 26 6 
46 53 13 90 17 98 64 64 54 38 52 97 78 96 89 38 73 45 52 36 86 13 87 49 37 88 14 48 24 28 35 26 29 60 41 99 25 95 13 23 83 29 36 85 76 48 99 24 88 40 7 25 16 93 78 36 81 14 61 65 33 17 32 94 53 48 7 80 67 79 45 62 46 19 55 69 13 19 4 27 52 77 19 59 12 49 97 3 16 50 12 4 61 62 15 32 34 42 48 81 8 26 47 81 55 35 47 99 50 83 88 48 77 84 26 90 38 55 31 50 53 25 4 14 73 40 72 37 83 68 5 55 10 11 10 82 24 1 50 27 52 17 42 87 78 85 65 68 56 87 69 79 7 64 77 46 31 25 94 12 15 52 13 50 35 9 21 66 65 43 3 2 81 96 53 48 69 8 77 45 31 22 99 91 89 92 69 51 97 92 67 57 42 20 13 20 49 97 67 32 
48 17 20 34 18 29 12 49 44 86 11 51 66 63 63 83 22 75 30 94 75 13 13 72 54 70 94 77 73 81 59 71 72 44 32 49 44 57 7 70 65 50 78 90 31 12 71 92 81 26 75 17 36 98 74 93 25 91 75 73 18 54 44 61 59 50 35 42 93 96 19 17 4 86 21 34 36 28 44 15 37 70 8 93 79 35 72 42 96 51 76 2 13 83 64 17 75 64 18 67 83 24 89 93 25 26 30 34 98 90 23 55 55 36 16 80 22 99 50 22 35 76 90 14 72 49 62 43 87 14 74 77 32 21 59 3 96 95 96 47 36 78 49 18 3 52 92 29 79 71 47 37 6 97 9 65 15 29 77 42 61 29 94 28 53 63 70 49 83 26 13 25 62 71 64 5 46 49 30 94 68 30 7 90 76 44 21 9 55 3 52 19 64 39 70 72 64 32 63 37 
16 11 78 46 68 79 43 54 71 81 14 74 57 40 8 21 42 97 8 47 88 60 19 7 58 64 21 5 65 27 30 58 39 4 51 52 75 44 35 89 94 48 36 58 97 26 66 76 23 47 52 56 1 5 93 57 11 63 16 43 40 24 28 37 35 72 80 80 62 42 19 85 60 65 42 93 2 32 55 33 42 46 32 72 82 80 63 77 23 34 22 68 19 87 11 77 36 61 24 2 11 69 3 60 3 75 88 52 50 53 83 12 33 37 4 65 18 82 37 86 27 20 97 52 83 14 85 99 73 15 39 84 4 19 91 33 51 24 32 2 27 82 56 32 26 64 25 6 88 5 19 4 54 67 99 61 16 96 59 23 80 77 80 98 22 87 94 25 39 55 31 13 12 17 82 12 54 73 52 61 76 42 19 49 36 19 84 66 98 31 39 65 88 93 8 15 49 67 17 54 
82 88 90 66 15 7 43 75 72 39 17 33 77 6 15 45 84 91 65 23 64 31 3 69 84 88 47 54 90 38 88 99 85 45 66 62 16 49 51 10 46 44 25 7 46 59 63 92 69 40 18 65 33 32 93 60 3 58 36 36 71 3 6 48 42 92 66 37 5 76 59 8 25 9 90 9 19 29 8 15 37 42 85 10 45 5 2 63 7 99 24 19 62 21 86 68 11 55 73 38 92 62 2 65 69 56 97 85 5 87 83 9 47 21 54 4 12 22 62 75 57 34 97 52 71 63 65 60 53 54 75 12 89 78 14 80 40 10 33 85 15 7 25 72 62 96 10 94 42 55 11 93 13 85 40 81 11 3 78 21 30 14 55 8 6 97 31 51 95 90 80 56 59 60 67 4 40 94 36 32 46 78 80 17 35 76 38 55 88 13 60 47 99 55 98 72 51 93 88 75 
36 59 62 12 31 98 68 6 45 11 71 6 5 36 55 31 7 50 32 37 26 70 40 28 20 58 56 54 35 32 98 23 12 65 33 6 93 2 81 41 33 54 27 43 93 14 19 9 62 57 80 21 52 51 15 55 7 60 12 91 12 52 51 12 97 2 15 12 45 2 87 9 93 67 63 40 47 41 56 79 79 99 3 35 41 61 70 60 67 89 60 57 78 4 17 86 94 79 35 69 36 62 61 96 28 65 5 35 15 82 43 31 57 92 26 20 46 62 81 30 2 58 27 89 85 50 70 36 5 14 17 15 17 45 79 94 37 59 78 65 48 1 56 51 98 47 73 12 16 18 25 52 11 81 39 28 83 54 86 48 27 18 87 88 38 15 17 89 22 63 10 69 97 57 70 28 2 77 73 50 3 92 76 17 96 70 21 9 22 80 42 12 62 4 72 27 52 34 50 70 
74 86 27 21 72 20 5 97 45 39 30 22 27 75 85 69 10 33 75 6 65 20 49 14 80 78 37 29 87 16 83 64 96 40 72 51 25 83 62 60 32 41 18 42 45 98 39 51 95 64 95 80 46 98 53 92 26 49 11 50 59 76 25 47 96 91 49 43 47 81 58 88 12 46 82 61 9 25 39 95 12 28 63 14 73 71 37 56 65 5 26 15 4 46 4 64 78 8 89 89 93 32 73 23 87 21 55 70 72 68 65 45 62 88 7 96 2 53 78 46 4 14 12 16 74 42 96 55 48 55 19 82 17 49 86 6 63 31 62 60 89 46 95 39 51 15 55 21 84 60 57 6 43 41 97 42 26 80 84 63 8 1 69 12 72 51 75 76 43 42 34 23 15 74 10 20 82 71 38 78 75 11 51 74 88 53 12 87 12 78 45 28 61 11 67 69 13 53 20 78 
67 55 70 72 38 39 61 5 11 91 63 20 80 2 54 79 98 24 2 89 36 28 18 50 35 57 16 14 67 88 63 43 90 82 46 62 2 45 15 22 98 81 49 45 30 50 10 91 57 23 95 10 7 40 1 94 29 66 69 44 52 46 53 14 39 60 68 75 47 84 49 70 79 42 6 69 41 63 81 24 2 38 8 30 45 76 60 74 26 62 16 2 33 11 7 60 35 21 82 67 45 39 58 58 73 7 77 49 84 24 65 85 52 2 84 8 19 19 92 97 47 77 98 43 79 63 19 88 94 95 32 94 62 89 38 92 99 6 10 41 28 15 55 82 28 46 69 99 98 48 92 70 10 44 65 26 62 87 84 7 40 18 63 16 71 19 81 80 78 72 45 4 41 17 45 23 48 3 7 63 53 48 53 1 35 93 57 8 50 64 97 20 90 18 19 87 40 9 83 29 
92 8 92 21 26 77 99 70 64 7 58 63 13 12 53 35 76 18 8 21 44 40 71 37 68 65 94 63 47 36 16 20 4 24 40 54 68 20 20 19 62 10 38 54 75 56 86 68 48 84 52 19 54 56 91 94 82 57 17 97 15 75 76 22 10 81 36 37 83 14 57 68 92 55 84 78 10 19 19 48 14 23 7 58 62 80 16 70 77 73 18 8 29 37 72 39 9 41 5 54 20 70 86 53 52 7 21 21 65 8 22 10 71 93 94 25 14 23 17 98 52 74 21 78 37 32 76 5 99 63 67 91 25 99 77 10 40 22 70 67 88 35 68 89 19 56 38 4 59 91 66 16 3 20 47 95 87 69 59 56 78 7 47 34 46 12 5 72 52 62 55 2 28 11 32 21 53 71 60 79 43 99 39 57 27 69 21 44 27 60 95 27 43 33 67 65 32 18 40 75 
43 54 25 37 98 55 19 8 61 62 93 2 49 77 9 68 89 47 34 54 19 71 54 11 96 6 74 3 4 71 29 10 54 60 89 34 99 39 64 12 36 59 11 10 6 61 39 43 14 80 18 69 22 52 83 5 63 24 43 26 48 53 82 77 63 20 70 73 88 30 69 14 92 24 35 79 47 77 30 47 29 17 24 89 30 16 4 85 57 9 76 24 45 92 78 13 59 34 80 81 2 79 95 90 20 55 80 36 10 77 47 57 26 59 67 40 82 13 77 27 65 61 86 21 33 40 81 91 28 4 35 82 78 37 8 17 6 54 59 6 33 11 52 49 90 7 59 48 18 93 68 8 76 82 87 43 51 46 55 89 60 30 44 3 56 53 67 69 39 22 85 13 55 28 10 97 12 60 16 38 73 10 39 1 78 72 91 18 37 63 62 83 43 13 24 68 74 80 40 24 
95 33 36 76 30 46 88 56 37 65 64 17 92 2 87 55 99 91 29 58 28 31 36 36 41 5 70 56 26 18 31 71 28 30 90 52 80 80 25 18 36 26 46 68 96 68 32 15 47 85 54 11 85 64 19 85 52 32 88 69 66 84 17 34 50 22 79 15 66 76 8 48 46 46 17 1 22 23 37 99 55 27 48 65 73 37 6 42 97 20 77 29 73 65 72 12 5 14 69 93 80 88 52 27 12 29 42 44 59 19 22 90 65 20 75 51 85 2 13 86 19 73 5 63 40 15 15 83 31 9 25 17 13 69 75 32 73 78 87 28 2 10 2 64 20 68 3 95 12 13 56 97 55 94 36 3 55 86 60 30 72 11 15 15 55 74 92 43 71 98 21 79 39 51 92 2 58 75 95 28 43 24 52 53 50 89 38 74 13 35 25 28 69 24 5 15 99 56 22 38 
39 14 98 57 13 96 22 78 79 14 71 54 93 24 94 14 63 21 79 54 17 90 5 89 49 64 99 10 85 80 97 36 33 35 94 82 41 42 5 2 54 88 18 51 67 89 50 44 86 45 10 8 82 97 45 39 46 88 4 59 46 10 89 74 85 66 19 26 58 29 73 51 1 90 62 40 54 25 75 87 21 38 35 52 14 31 62 13 19 49 23 24 50 44 91 72 4 27 3 32 19 26 9 23 26 40 39 66 14 1 50 39 74 22 86 32 67 59 37 7 74 67 89 48 53 53 84 26 94 37 79 46 80 3 94 12 39 56 77 73 1 86 57 92 53 14 96 91 2 51 53 13 21 61 34 75 13 8 51 28 64 16 79 13 1 28 11 11 45 59 12 7 72 51 78 44 65 34 96 75 72 78 91 28 64 52 89 50 86 76 73 75 20 83 37 75 37 73 41 15 
92 21 11 94 58 98 87 61 59 85 53 38 70 13 18 73 61 87 76 29 72 74 91 67 4 77 69 29 91 20 44 15 88 26 61 69 51 5 55 58 13 26 30 54 72 7 47 12 68 87 97 55 68 21 90 56 42 44 31 16 49 66 1 47 16 47 42 51 20 79 38 7 69 68 90 44 82 18 8 30 73 3 78 48 31 60 60 81 99 62 55 89 58 4 93 95 9 80 14 62 50 69 47 77 62 12 93 32 87 94 9 2 13 30 80 33 48 38 12 16 11 29 3 72 5 81 32 34 3 25 36 26 25 23 92 43 27 52 1 39 72 83 62 1 20 66 63 31 4 5 54 32 13 43 33 85 73 45 27 35 32 77 68 63 32 88 84 77 98 87 70 89 21 34 76 97 31 10 86 64 82 6 97 3 39 1 8 54 50 44 88 71 33 37 72 98 54 12 33 52 
13 41 61 12 8 41 38 39 38 88 85 59 47 35 79 48 44 12 18 68 16 38 23 74 25 27 51 14 21 91 97 41 47 52 5 19 44 40 63 25 58 6 25 59 46 27 3 51 80 10 83 63 60 1 29 99 13 86 81 10 99 8 77 98 29 60 44 29 54 99 13 31 83 55 23 4 86 28 27 29 3 99 97 68 41 43 35 76 92 23 73 7 34 3 82 12 35 53 81 56 62 60 39 21 87 25 82 7 95 74 2 43 85 69 59 96 82 5 93 70 41 23 25 18 49 12 65 44 40 21 18 14 94 58 92 58 48 3 3 79 97 7 78 59 7 7 70 61 13 24 54 43 33 75 39 56 70 76 74 59 20 50 54 15 77 33 23 7 40 77 85 37 19 62 9 39 40 1 32 76 55 39 68 58 44 68 16 36 23 33 63 19 51 31 90 72 37 22 82 29 
6 91 31 38 12 72 36 36 98 29 62 3 36 88 94 54 27 88 17 27 47 98 47 12 66 64 70 86 87 25 64 42 73 57 36 18 81 97 47 32 91 78 54 12 38 55 30 28 43 42 2 20 46 43 79 34 35 76 87 50 79 15 95 13 57 11 52 67 92 32 12 83 82 88 71 95 27 65 94 25 64 56 50 17 2 90 41 70 42 70 31 70 22 93 82 15 36 94 84 52 74 67 84 9 50 2 18 19 30 12 42 60 70 69 68 82 41 35 86 38 65 87 7 14 44 54 80 64 88 49 38 40 55 93 18 22 73 58 98 49 77 84 28 52 39 25 57 83 95 67 71 51 84 68 18 46 74 88 42 76 93 16 15 96 64 4 66 41 32 99 16 52 98 76 4 15 50 63 23 87 91 77 47 29 77 56 68 36 42 85 22 69 30 36 20 88 30 87 83 81 
63 3 31 62 10 38 34 77 15 49 17 15 80 60 6 82 91 29 32 99 69 1 97 55 32 71 26 62 48 35 18 15 91 46 11 40 2 76 35 64 37 63 65 57 31 77 84 97 51 70 32 27 50 33 65 1 29 53 15 52 87 72 40 43 81 39 84 25 83 66 35 88 33 90 75 26 95 25 43 85 21 15 85 26 93 95 17 74 97 52 75 83 62 67 76 84 29 86 72 47 99 66 6 33 96 38 66 53 19 58 50 26 94 67 12 29 44 47 23 60 31 74 27 89 19 77 97 20 29 96 93 39 95 33 15 79 24 12 58 71 44 34 77 2 67 37 32 68 46 43 52 38 25 27 88 2 99 60 72 31 73 76 67 33 15 23 32 10 8 20 70 12 16 12 91 94 34 29 64 75 43 42 75 91 72 16 80 53 50 70 69 1 59 33 14 62 2 93 27 7 
66 58 53 74 92 92 41 45 9 19 14 29 15 67 28 32 21 40 91 19 28 85 46 95 13 85 46 89 4 35 41 29 66 19 58 30 82 98 79 71 34 93 28 78 78 56 46 5 37 61 77 15 72 81 47 60 69 69 47 66 18 43 11 11 92 60 98 6 37 6 81 76 41 70 15 49 24 31 27 23 17 32 97 59 42 71 36 59 94 74 68 45 25 79 16 42 19 19 72 59 78 1 93 72 4 85 71 1 74 75 19 95 33 87 49 14 60 41 59 4 62 35 10 86 49 29 5 34 17 30 76 53 28 66 64 67 93 74 95 95 53 76 67 33 57 63 30 37 48 75 64 3 44 85 66 49 13 77 26 95 60 28 9 47 11 90 41 73 84 71 84 91 81 18 22 46 62 92 38 90 31 59 99 67 12 62 37 93 37 9 26 37 21 48 67 99 48 56 71 99 
37 79 24 66 13 30 28 82 48 10 73 11 88 49 42 2 28 21 70 1 22 47 60 57 93 4 78 26 35 27 70 77 17 23 62 2 96 68 65 17 20 21 86 72 31 26 34 57 76 19 21 7 13 34 72 7 11 11 34 1 66 99 75 98 1 69 96 78 71 10 38 94 74 43 81 86 55 26 60 82 12 58 63 4 99 87 41 75 43 16 16 30 37 9 82 15 53 95 18 95 50 81 86 67 75 51 47 55 74 74 57 27 96 15 83 91 98 33 3 14 54 95 11 14 58 78 30 75 37 76 11 55 46 8 46 84 86 21 69 79 3 97 64 42 94 65 72 73 21 97 96 73 6 24 9 52 45 36 56 32 15 89 67 57 72 16 58 98 69 28 39 58 51 21 20 78 68 83 17 47 79 6 60 4 61 78 96 46 10 6 99 36 50 9 72 4 43 31 58 59 
7 84 47 8 62 8 2 49 99 76 92 12 59 94 2 50 48 79 93 98 70 89 46 97 59 55 80 30 8 16 92 47 98 45 87 2 40 84 7 82 89 75 59 41 93 87 58 24 13 53 47 7 54 98 31 22 6 71 10 92 64 75 10 62 66 2 14 25 22 58 92 61 47 2 36 62 88 70 83 68 60 12 57 95 76 18 92 68 77 53 68 50 62 88 40 75 24 32 68 81 76 56 53 38 86 35 62 80 8 72 66 38 9 34 65 69 4 76 24 90 89 81 98 5 70 86 74 40 90 15 91 74 68 7 78 68 26 53 81 98 20 23 1 87 72 97 14 33 3 3 15 42 60 34 41 62 53 97 5 12 80 30 25 8 65 41 59 6 81 36 33 22 90 50 75 69 68 83 43 88 39 26 58 78 5 91 38 27 77 49 23 42 12 56 11 86 32 85 87 4 
3 60 51 11 86 93 12 85 90 78 21 2 52 95 71 48 37 81 68 98 1 86 81 69 40 30 98 73 51 58 88 77 87 99 52 60 12 20 79 65 57 80 9 60 79 92 78 89 15 75 87 35 38 13 50 70 16 5 50 15 64 29 98 92 5 97 91 88 21 8 64 5 14 2 49 14 60 24 30 20 66 76 99 10 26 72 16 15 74 96 57 60 47 58 80 30 37 49 76 14 45 1 24 71 44 38 50 82 28 36 83 8 74 78 11 42 94 11 34 71 95 1 28 32 33 88 93 61 65 49 15 57 17 45 16 36 29 83 18 86 15 71 94 24 20 74 28 51 78 72 63 12 64 11 70 48 52 65 93 54 73 91 13 37 69 84 96 68 50 32 60 44 51 75 22 37 85 61 58 56 7 1 59 4 60 22 89 28 38 33 37 79 42 71 77 73 33 63 23 38 
15 37 90 52 3 12 42 37 75 86 83 52 80 49 7 79 19 74 43 29 26 4 51 18 51 24 93 53 44 54 22 9 28 24 55 14 86 54 62 26 44 37 43 21 47 23 11 65 44 94 69 6 67 53 99 42 16 97 38 18 34 8 58 92 93 20 52 30 76 17 11 73 56 3 8 32 74 85 76 59 28 60 95 36 47 86 69 49 78 73 5 74 63 61 99 58 23 97 17 98 36 25 72 26 22 56 11 82 22 61 88 9 80 43 58 18 25 24 44 84 49 23 29 19 93 39 30 53 26 31 85 19 22 99 32 32 51 70 88 70 50 71 33 60 11 18 91 50 60 90 10 97 39 20 44 50 84 62 35 24 13 90 91 86 97 63 75 39 54 17 75 94 19 40 94 62 31 56 30 29 15 8 52 35 58 35 86 65 96 55 99 19 93 50 72 1 21 40 86 94 
53 65 19 12 99 46 81 74 15 58 94 24 58 86 75 71 55 47 58 61 4 88 3 74 75 99 95 35 26 17 63 19 98 32 71 56 35 91 34 41 77 13 23 37 73 82 68 81 88 64 67 93 7 9 93 79 38 57 97 40 27 45 18 77 56 15 82 96 54 16 22 19 2 14 67 81 36 95 64 48 58 79 74 15 43 14 82 14 37 90 4 21 75 48 88 62 76 78 29 22 58 30 69 45 39 22 4 45 45 42 90 12 17 56 55 16 14 17 95 17 26 65 89 64 71 40 1 14 10 84 87 21 47 49 3 58 40 3 8 16 3 33 72 10 14 58 84 84 21 31 57 26 52 42 30 60 16 34 82 67 8 97 32 80 23 86 49 97 56 18 55 83 9 82 34 79 99 48 39 9 65 68 93 79 69 86 3 96 9 43 57 63 21 80 40 90 85 54 32 1 
27 88 11 70 27 2 60 95 19 41 54 74 14 64 31 45 39 69 18 1 75 28 58 23 89 15 46 12 59 39 53 19 10 76 65 77 42 99 9 33 68 12 85 76 38 72 2 72 70 35 99 94 89 75 90 51 51 21 83 24 75 85 18 92 78 99 94 68 5 38 8 26 55 58 74 35 21 25 67 90 15 45 46 43 1 96 87 31 26 63 18 15 52 61 41 3 87 74 77 84 16 84 84 65 32 99 98 92 68 89 56 90 27 15 35 87 14 58 78 53 68 56 27 25 94 31 53 40 89 18 92 68 81 4 70 43 54 50 37 90 81 31 98 63 59 61 46 70 33 27 90 9 33 19 89 95 6 61 82 96 40 46 19 60 5 62 92 49 75 27 69 69 66 17 22 1 66 1 58 32 61 68 54 89 73 64 85 67 90 19 57 63 92 75 36 3 89 28 80 76 
93 17 2 28 71 39 97 22 15 71 4 25 73 35 76 3 2 56 6 4 15 24 70 21 42 42 91 39 88 93 93 97 85 88 56 43 52 25 75 89 47 44 15 69 27 86 61 94 4 48 89 9 98 36 9 47 99 27 23 91 17 20 88 25 41 95 67 88 95 72 86 40 97 61 91 7 11 21 4 46 5 17 76 95 6 76 52 36 60 45 19 41 85 43 62 40 28 21 28 69 20 14 74 30 35 3 30 45 44 68 46 15 71 43 60 72 54 76 46 42 92 81 73 94 13 97 60 1 18 45 34 93 46 80 85 17 30 52 24 90 45 61 34 56 75 11 36 45 63 67 34 24 66 16 80 58 18 14 25 64 78 51 78 67 93 5 62 58 50 91 67 50 35 33 13 30 85 1 97 22 53 82 61 39 52 30 35 40 22 24 3 86 80 21 57 98 80 18 50 11 
78 11 71 14 9 30 99 45 95 28 60 14 27 74 28 66 13 64 41 68 63 3 78 84 73 85 44 61 98 78 43 7 42 3 69 71 31 11 80 33 3 73 86 74 80 55 23 63 60 1 38 39 86 12 71 89 39 32 35 32 9 26 96 98 84 61 58 14 29 88 41 75 63 26 60 40 47 36 16 97 59 10 63 61 83 48 4 40 81 42 60 26 80 53 58 71 53 97 13 75 99 23 2 57 24 94 54 45 22 74 28 55 59 1 89 70 52 70 99 23 48 24 91 77 10 20 51 11 96 21 4 90 40 74 87 62 33 91 41 27 6 33 82 22 7 83 88 2 89 40 80 23 86 87 2 23 95 84 98 99 60 41 5 95 49 2 20 77 38 26 93 20 93 70 2 80 50 69 34 89 94 17 70 25 45 45 63 96 36 10 22 25 93 69 87 25 24 66 22 87 
24 20 10 43 53 21 56 68 23 84 6 91 75 71 86 17 53 81 32 42 8 60 85 61 98 5 5 75 7 70 68 96 39 76 85 54 31 13 98 97 59 45 91 12 41 23 93 14 46 85 89 63 97 65 21 70 85 98 98 97 64 29 2 70 67 14 89 80 6 31 6 92 81 85 84 54 87 14 56 94 20 94 56 38 78 48 28 8 76 48 31 29 47 28 47 41 47 82 85 97 64 77 90 79 27 57 48 93 4 46 88 86 15 59 97 43 38 9 20 99 11 5 66 46 43 68 19 34 17 33 37 82 96 53 67 82 34 11 45 8 76 19 3 14 69 32 75 52 64 48 10 71 27 18 67 25 40 50 29 77 15 16 8 10 89 58 49 29 42 96 40 69 95 35 13 3 20 63 54 42 45 68 12 48 61 40 96 40 27 74 91 94 78 81 60 56 31 93 49 44 
76 8 79 37 95 75 75 93 56 3 48 24 47 95 74 4 60 55 43 70 17 13 93 52 6 54 40 4 4 58 12 34 18 22 73 37 11 95 66 27 31 13 33 64 50 22 53 91 86 15 70 62 43 63 27 71 33 47 92 89 17 84 96 92 28 64 63 90 8 79 34 64 35 52 6 90 58 73 63 78 27 29 3 96 22 30 69 10 84 46 89 2 55 39 96 15 96 88 65 77 28 29 44 35 57 74 82 81 13 56 69 92 72 52 54 54 94 14 88 94 52 5 50 17 61 26 76 29 16 49 96 75 14 49 63 67 91 33 80 17 56 72 38 64 14 37 44 13 3 21 50 57 25 76 88 17 76 48 2 65 77 98 73 64 6 43 57 91 28 81 14 75 28 27 37 22 43 39 86 51 88 54 20 25 96 16 22 77 41 11 40 51 72 91 11 22 46 16 93 35 
43 68 5 57 2 55 11 38 82 7 55 49 20 61 45 26 53 40 64 11 78 96 35 11 8 77 73 49 24 75 44 30 37 90 16 84 41 78 22 35 70 15 12 48 54 47 10 91 75 52 71 88 27 90 37 78 62 66 92 68 61 78 22 91 77 84 64 62 99 48 72 36 6 1 64 60 22 97 84 35 73 71 57 66 47 90 44 24 44 16 98 97 35 55 26 53 21 20 34 87 83 83 93 86 47 33 95 80 29 30 1 2 3 66 5 37 47 16 88 90 9 96 75 32 53 24 87 60 25 67 6 53 2 4 19 30 50 80 86 3 84 65 90 35 21 7 96 96 35 86 2 23 15 78 3 66 23 6 39 56 47 93 61 55 60 29 79 12 73 14 20 22 94 23 87 80 85 62 13 39 16 21 17 65 19 31 63 93 50 20 13 86 44 71 84 86 65 78 7 76 
12 16 12 22 72 37 11 32 69 48 79 23 94 89 7 62 51 98 82 49 38 85 82 4 28 20 46 40 49 11 61 55 66 86 41 6 64 76 12 88 28 91 85 25 20 10 48 41 68 50 39 49 43 60 31 25 41 94 11 97 61 97 63 22 92 81 52 63 91 11 97 80 66 84 61 6 52 12 27 25 99 98 81 58 51 29 94 45 26 41 1 22 96 14 84 4 74 46 53 68 89 38 29 33 69 71 19 40 26 92 4 36 30 92 20 51 97 88 33 84 69 7 27 83 92 59 82 24 98 31 56 91 92 56 65 66 24 3 66 98 76 51 39 96 44 79 64 99 16 38 7 67 56 39 99 57 81 31 19 6 50 81 69 8 36 61 67 5 14 24 16 56 38 84 91 29 28 6 25 76 43 74 77 16 70 86 28 16 1 26 53 70 14 46 5 88 55 53 94 69 
92 33 86 47 86 19 13 12 20 37 71 53 24 85 23 43 92 40 43 33 82 54 28 58 28 71 96 46 41 27 6 19 20 58 49 3 56 10 66 35 39 34 47 66 61 8 41 71 30 31 61 51 66 32 91 43 18 81 90 24 58 90 4 17 99 23 60 99 97 95 90 10 54 91 22 49 27 61 92 92 33 28 53 92 60 99 76 86 66 70 59 3 90 29 34 64 58 63 71 2 86 66 86 50 92 48 47 65 95 32 78 21 28 70 70 20 38 46 83 3 99 77 53 45 14 30 99 75 20 18 32 70 98 10 54 69 78 40 71 76 43 10 98 67 39 96 63 96 77 58 13 4 44 40 22 16 5 82 1 62 12 25 93 70 9 14 94 80 38 7 48 47 46 83 55 47 92 44 81 85 53 25 65 3 25 96 18 77 39 73 37 38 59 23 8 64 93 66 10 96 
66 46 63 54 45 81 69 25 55 12 81 33 3 6 7 70 98 11 20 19 90 78 96 84 93 97 50 24 22 28 54 80 19 30 79 15 91 95 26 32 37 78 48 18 77 27 92 68 92 17 26 18 43 77 68 76 13 28 20 56 32 8 98 3 10 5 65 31 70 89 62 51 76 46 35 2 68 1 71 81 88 58 30 81 19 27 70 14 6 56 87 44 96 61 37 25 69 62 75 21 61 6 81 48 4 7 95 99 52 69 47 77 17 28 83 27 94 69 9 63 99 72 6 7 95 31 75 12 25 92 62 1 43 85 88 90 47 51 85 29 10 74 23 23 7 17 42 69 52 46 85 89 25 67 30 57 7 56 16 31 6 87 80 85 94 69 86 43 37 70 57 6 20 56 4 82 87 17 58 26 68 97 6 60 11 34 13 14 10 80 63 48 42 40 83 92 95 99 80 74 
27 70 64 40 25 68 31 17 53 30 73 2 96 87 22 83 69 51 62 7 66 62 88 27 22 56 61 68 63 11 66 80 69 8 65 91 28 88 57 67 86 9 32 68 15 94 26 1 58 99 82 80 93 61 3 81 87 59 5 98 49 65 79 99 90 7 48 83 78 19 14 35 95 1 26 83 92 74 28 56 46 38 19 37 17 24 7 20 2 54 68 70 92 97 99 73 32 24 80 99 72 65 21 52 25 63 26 30 24 35 47 80 78 24 40 57 30 55 21 73 8 97 22 63 86 14 47 32 41 18 33 20 4 35 96 50 20 53 1 90 5 83 3 7 99 14 16 24 28 65 63 73 52 48 35 60 27 21 41 9 60 44 74 28 67 35 61 61 24 28 20 45 28 27 15 66 54 65 17 18 6 58 55 53 77 61 76 43 8 27 1 35 36 60 75 5 57 72 34 17 
63 66 92 80 69 41 75 27 5 5 53 30 92 34 19 95 87 88 32 11 55 99 8 21 51 47 91 10 6 41 42 85 3 6 14 57 63 57 38 19 24 85 3 29 19 40 35 93 62 4 81 46 30 79 90 29 39 70 93 75 29 59 84 89 44 92 3 29 14 59 15 84 37 72 94 63 57 53 3 68 49 9 72 81 98 13 86 42 82 92 61 31 50 3 27 50 8 12 8 5 93 82 5 83 66 51 76 42 80 10 20 79 70 88 53 26 33 36 94 18 4 98 44 85 43 6 68 27 17 49 76 94 75 63 5 77 35 7 96 74 61 44 85 86 49 30 72 89 5 82 12 19 25 74 89 49 80 5 7 79 95 89 57 10 31 36 13 25 64 24 3 72 72 92 94 51 8 16 75 83 87 88 35 3 69 4 44 34 33 35 38 70 64 19 96 60 34 35 27 86 
25 59 78 69 74 10 5 81 7 89 8 73 88 41 41 7 38 43 10 30 24 17 74 87 74 33 58 27 85 16 55 3 24 50 32 81 34 89 37 54 45 61 7 35 77 70 72 73 47 10 64 56 76 63 18 18 93 15 83 41 44 52 29 70 96 74 47 11 46 96 64 41 23 60 41 14 96 34 84 66 86 23 50 26 64 75 50 12 58 87 61 47 66 11 26 64 56 57 63 8 74 7 75 42 52 13 48 60 12 6 64 87 69 8 6 87 49 28 61 70 82 75 31 96 15 66 36 86 16 26 19 23 83 95 58 59 48 43 66 26 83 64 1 37 9 90 70 93 96 96 38 95 78 6 32 41 52 95 46 37 88 5 51 8 34 39 1 91 23 78 33 60 77 82 81 15 18 96 80 94 68 58 69 86 60 3 1 29 43 73 45 18 87 20 99 12 91 13 92 42 
39 24 17 65 13 38 12 45 19 19 14 64 31 33 73 25 57 27 88 76 70 59 41 43 44 31 26 58 76 16 81 97 28 93 22 3 49 80 67 21 16 61 76 31 52 18 78 77 71 64 2 1 2 73 6 66 18 14 14 99 74 75 45 17 34 6 40 51 4 36 1 92 59 17 13 10 81 48 85 89 87 9 74 62 58 89 19 37 72 24 72 30 39 20 30 97 26 89 64 65 91 82 54 64 17 15 15 55 37 2 34 65 71 89 97 18 56 86 23 61 74 90 91 4 88 28 78 44 68 75 84 99 29 98 68 40 54 82 74 21 33 57 67 9 89 36 63 18 13 43 58 40 89 43 63 74 37 76 32 60 29 90 93 6 33 65 85 24 39 50 81 60 87 94 26 24 8 77 62 19 43 38 67 80 84 9 79 96 2 47 31 49 73 64 81 40 20 59 47 20 
55 18 60 32 19 25 47 90 99 8 29 51 95 56 35 35 80 60 45 92 56 70 49 57 14 45 3 7 86 16 80 15 7 41 36 11 63 58 56 32 54 45 19 83 49 72 47 93 40 65 64 70 99 51 57 53 37 25 24 77 56 99 35 25 8 62 88 79 51 36 65 87 4 29 87 11 5 95 72 84 65 89 90 72 27 25 19 23 21 25 4 28 18 85 9 75 89 28 75 8 64 54 81 76 79 6 91 2 44 19 19 26 87 80 77 68 22 85 41 86 97 89 97 28 54 70 6 87 85 80 53 64 85 6 11 19 15 19 89 27 48 38 94 37 38 81 85 28 65 27 30 63 98 62 62 46 48 46 35 79 26 65 79 20 96 85 61 34 40 13 36 55 2 46 4 39 51 37 69 22 40 44 93 71 56 88 55 52 80 11 3 71 43 28 11 43 80 88 40 41 
6 4 51 54 6 20 15 89 86 43 68 94 4 11 67 14 85 66 32 35 13 37 24 71 99 20 32 45 77 57 47 67 72 22 52 18 88 98 94 30 90 62 74 67 81 61 19 7 86 98 72 24 35 14 68 66 40 61 18 42 77 95 86 96 73 49 77 95 79 16 12 6 56 32 12 76 56 56 79 22 3 50 78 1 71 65 18 96 72 15 29 2 31 64 52 96 69 7 12 33 87 45 3 14 45 75 68 71 40 67 83 57 93 44 37 12 31 64 8 57 57 5 51 69 47 37 79 65 21 17 40 80 25 58 1 52 17 16 27 99 42 69 67 9 21 3 32 6 23 84 72 47 55 51 68 94 38 86 3 99 87 4 47 83 1 28 41 18 31 75 73 9 72 34 65 75 42 49 48 30 59 98 48 64 26 78 66 24 11 84 58 97 30 89 19 90 25 28 60 10 
