200 60
84 6 86 26 33 23 46 90 64 67 83 66 8 95 8 99 82 96 28 25 11 98 53 65 19 74 6 46 47 50 20 94 54 10 55 51 25 99 97 73 74 39 67 39 54 20 27 61 61 22 83 84 44 11 99 97 4 48 96 38 8 97 61 96 89 32 52 27 59 35 6 49 8 15 45 56 14 3 81 23 49 65 24 7 88 7 85 61 8 77 88 36 1 78 69 86 77 71 88 78 72 79 35 94 54 97 29 43 25 94 34 60 35 27 61 18 80 37 73 33 19 62 92 67 65 45 8 40 7 31 79 30 5 84 47 85 1 86 32 25 27 47 49 48 5 9 9 43 61 53 26 86 24 6 23 56 38 46 40 33 65 11 38 10 92 99 6 96 37 83 68 27 56 11 89 64 49 11 80 9 66 5 8 99 13 7 93 29 59 34 29 41 42 11 76 42 74 75 75 5 
81 3 48 44 52 32 20 17 55 96 63 30 2 76 60 70 74 21 73 53 53 71 84 57 52 98 23 52 48 31 95 32 12 86 18 46 38 3 50 30 81 70 22 38 81 65 66 72 98 73 54 14 44 32 19 58 10 49 93 42 1 47 39 74 66 84 76 73 32 90 18 88 30 98 96 41 29 72 2 50 69 43 7 64 88 37 98 93 60 5 15 41 17 60 69 34 87 2 89 54 26 51 38 70 43 83 55 68 37 53 82 84 27 34 95 33 79 41 39 41 46 70 52 78 89 23 4 87 17 41 22 18 11 38 28 54 62 29 63 49 96 61 23 53 13 49 89 49 7 98 57 81 8 48 72 83 9 89 56 16 94 8 42 93 78 6 4 19 28 40 87 11 99 51 42 35 68 92 52 42 62 64 70 91 88 43 42 83 67 15 45 96 64 4 16 11 20 7 82 44 
19 42 22 29 92 36 16 70 14 13 36 70 25 90 17 16 16 14 15 46 77 6 69 5 59 23 56 3 26 15 43 67 14 78 47 4 86 16 92 48 90 86 64 25 13 69 64 5 38 15 72 57 1 1 94 11 46 94 26 6 82 1 5 52 41 23 69 87 29 20 10 30 89 60 34 37 53 78 12 59 97 32 42 1 3 56 1 68 9 25 4 38 69 1 57 1 9 93 20 25 79 19 51 13 18 53 77 51 1 86 40 75 99 85 56 19 40 41 72 73 55 35 22 45 43 84 82 7 23 10 31 61 92 82 98 88 83 84 28 12 15 64 33 46 53 94 48 57 69 25 89 20 90 42 13 70 60 23 62 66 91 91 35 39 27 78 33 54 91 73 17 64 50 80 70 66 64 79 48 61 48 77 36 3 24 67 8 60 78 83 79 72 22 59 65 5 39 78 36 3 
49 13 30 29 57 38 78 35 67 52 16 20 8 98 75 11 36 34 11 89 22 8 77 72 29 48 17 92 94 42 35 83 14 11 83 55 17 99 43 79 55 54 4 70 76 1 45 65 11 32 18 4 53 83 27 15 37 18 10 91 25 7 21 76 82 8 10 40 64 51 5 64 92 16 92 23 40 16 1 64 8 77 78 89 13 22 77 34 63 47 34 54 43 10 48 1 91 2 69 6 84 39 72 61 17 37 41 1 84 92 53 82 62 68 52 67 88 71 40 3 44 34 48 3 35 96 28 30 74 89 22 76 61 12 56 43 62 14 12 26 94 78 12 90 9 3 99 60 63 79 24 91 13 75 14 59 86 18 68 36 68 69 29 73 80 17 67 82 63 44 63 20 57 20 86 62 82 77 80 91 23 92 39 75 6 69 91 48 80 18 81 91 7 39 49 20 28 1 15 53 
49 23 21 14 27 49 94 64 60 57 30 84 54 57 8 52 68 24 16 20 21 10 57 16 1 48 55 53 68 60 61 38 63 60 56 71 14 63 63 57 38 90 49 10 53 75 34 60 82 69 93 58 58 52 69 85 32 32 74 55 76 55 94 25 96 13 3 93 32 44 58 20 65 47 17 17 27 81 37 65 3 74 83 18 39 31 35 6 49 34 91 44 22 57 80 40 23 67 60 94 7 29 31 15 18 16 35 16 1 14 68 31 5 26 85 12 88 81 3 41 31 42 9 33 31 5 69 47 19 13 31 85 63 56 32 5 71 85 3 23 1 11 78 21 64 13 99 53 34 45 24 53 50 45 27 36 28 36 13 10 61 37 16 80 28 64 12 54 2 44 21 49 53 11 17 97 56 22 28 55 99 58 50 6 84 30 47 64 41 89 60 92 23 29 14 93 26 91 22 26 
10 33 92 63 40 31 31 73 79 50 67 12 1 5 6 99 49 56 92 18 77 40 43 41 73 98 75 64 92 15 41 36 89 36 56 89 50 14 32 75 19 30 8 90 37 30 79 11 65 53 35 23 23 64 80 52 15 84 75 98 62 24 64 65 36 12 3 88 88 27 93 74 82 31 18 22 22 96 64 62 87 44 60 83 63 65 5 68 69 61 97 19 95 71 74 91 29 3 34 28 86 64 69 86 48 94 3 72 85 97 15 68 94 70 73 68 26 35 69 7 16 71 46 90 21 48 28 31 45 50 54 73 71 15 13 30 95 61 65 8 56 22 83 46 65 72 77 41 40 64 30 83 34 56 24 81 68 44 76 2 65 93 68 91 72 71 78 19 4 73 10 94 62 63 25 12 78 93 77 70 35 45 39 14 2 57 36 57 66 52 74 18 66 76 80 49 19 25 20 71 
56 14 90 89 36 21 54 5 24 84 84 93 40 67 16 98 74 56 83 60 44 13 73 78 46 33 85 60 18 5 82 84 90 59 52 52 47 32 61 46 75 16 11 84 29 20 93 79 80 24 50 93 76 36 26 92 99 45 26 7 17 83 70 81 41 77 55 39 88 7 2 30 29 60 20 94 47 89 60 13 98 69 68 67 62 52 47 93 2 23 10 39 16 57 32 22 2 76 18 82 5 4 46 41 78 24 33 57 40 32 84 81 25 98 56 14 45 19 7 60 47 74 55 89 61 83 37 87 66 62 61 15 40 80 63 60 19 14 67 4 50 6 37 65 52 19 34 64 70 93 74 77 30 6 84 90 97 19 55 61 31 43 4 67 40 92 24 70 44 38 44 66 23 66 87 47 76 37 22 52 81 33 19 25 46 24 14 73 68 20 55 23 88 25 65 72 48 97 95 52 
84 62 75 15 80 14 70 16 58 53 21 84 11 14 46 97 78 35 52 30 32 46 19 33 49 41 72 15 5 66 75 30 43 98 3 47 65 26 25 44 6 31 87 79 17 70 94 78 50 57 89 12 34 41 34 77 61 90 91 85 62 74 10 34 94 41 98 91 17 2 13 83 75 12 35 65 82 50 52 9 98 4 44 84 15 43 57 38 31 11 90 75 41 96 77 43 9 24 61 9 56 26 83 42 39 29 60 99 29 37 66 99 97 8 14 10 95 35 36 24 33 35 67 45 62 19 24 67 61 82 87 57 9 82 82 32 70 19 61 44 81 16 83 60 20 5 95 47 98 4 18 44 38 98 18 54 50 26 98 18 22 53 75 98 94 59 59 61 43 16 36 58 60 72 52 2 38 32 88 56 48 34 50 11 20 38 41 63 27 4 48 3 65 69 23 91 37 39 60 42 
87 21 24 34 68 90 10 2 6 55 29 40 6 56 70 55 17 65 65 36 32 87 98 60 99 74 8 99 28 23 95 30 87 86 32 33 25 77 62 5 63 78 14 63 9 44 1 53 60 8 32 49 13 89 17 67 65 4 68 69 25 60 16 68 16 75 4 35 83 76 5 4 2 8 22 79 78 37 94 46 63 61 7 66 51 16 94 95 92 75 47 82 95 65 17 78 35 63 28 43 56 12 76 48 84 17 42 88 29 60 88 84 88 4 78 89 61 92 70 94 46 66 31 38 53 64 39 10 8 28 93 56 56 11 16 89 75 83 61 91 72 42 23 21 1 9 34 19 56 45 81 16 89 52 9 38 13 83 19 13 99 43 86 76 98 97 60 78 37 82 70 88 24 6 34 5 62 53 62 55 49 98 68 10 85 9 69 82 84 48 95 39 71 85 97 4 95 99 48 65 
96 65 81 20 19 10 45 72 71 50 74 68 15 45 89 36 13 2 31 18 64 7 88 5 35 59 34 61 84 1 53 62 6 46 74 22 48 16 3 25 54 66 50 57 87 23 65 40 65 8 67 56 90 76 74 88 82 42 39 43 6 14 74 86 6 23 88 72 37 55 15 78 95 85 45 33 48 4 55 46 67 50 45 45 58 44 61 2 95 18 34 64 48 45 7 89 14 74 65 75 51 58 73 88 11 86 99 99 63 17 52 10 35 6 6 88 35 39 39 97 91 64 60 27 77 23 41 27 45 79 46 35 57 52 69 9 16 48 57 61 98 91 46 84 84 54 91 89 86 89 1 30 86 61 59 38 61 76 68 52 17 17 72 54 21 67 93 92 29 50 57 21 22 56 30 24 33 75 44 53 79 25 36 53 96 87 71 98 65 35 80 19 46 65 85 37 9 31 38 93 
6 83 35 50 59 95 87 32 39 23 92 79 78 13 37 41 28 57 1 44 15 52 20 38 94 47 37 63 11 8 58 98 50 67 14 22 98 84 10 65 95 4 86 68 95 4 74 41 20 60 48 14 14 99 88 96 2 53 31 34 49 19 29 63 10 13 6 69 89 26 13 41 99 82 83 25 12 95 93 88 17 23 13 68 80 20 65 32 97 5 82 32 50 3 61 61 64 15 19 12 65 63 53 29 32 54 90 68 57 33 51 53 1 38 2 27 47 60 8 15 62 95 96 75 47 5 10 60 97 68 60 67 57 41 86 98 75 14 14 19 64 60 6 5 53 3 21 10 47 63 72 15 79 21 81 86 72 67 33 32 90 66 35 56 96 6 72 21 12 54 62 93 65 21 13 13 57 10 78 36 11 74 18 1 31 75 44 82 57 38 88 44 26 6 52 98 18 99 65 63 
34 22 4 94 18 7 80 30 13 51 73 56 48 84 25 70 48 62 57 30 5 43 54 39 64 70 46 28 8 55 83 33 31 56 27 81 27 63 22 69 64 75 82 43 73 82 74 84 24 50 91 86 6 95 43 37 14 74 27 3 27 58 22 6 87 15 57 7 85 93 3 87 40 4 45 31 76 96 72 2 13 47 51 30 38 33 13 88 92 20 30 77 54 39 1 5 13 69 30 68 56 19 9 33 49 9 96 17 18 50 4 70 26 27 70 58 60 78 50 39 11 79 87 49 49 21 6 79 17 92 79 63 96 64 24 52 3 65 71 98 57 66 53 38 73 63 84 70 34 54 40 39 76 25 37 15 73 26 22 76 9 58 41 90 67 51 34 93 10 43 4 73 55 66 7 52 64 27 29 62 19 82 66 34 3 29 13 73 85 77 34 44 2 39 51 47 30 2 24 5 
83 29 20 20 91 83 11 43 81 95 62 1 29 67 51 62 66 13 63 18 79 70 90 80 21 7 46 94 15 21 64 43 58 55 11 52 34 97 84 98 14 88 31 15 64 31 40 96 54 89 59 9 57 3 95 89 67 88 24 60 92 47 93 29 71 72 31 97 74 50 51 70 11 75 61 53 35 48 65 68 55 86 72 57 34 30 6 82 2 45 1 43 56 35 21 71 73 42 56 46 13 55 36 94 21 19 28 3 42 34 51 16 21 69 79 51 10 66 46 98 76 41 52 31 7 96 73 8 16 29 63 83 50 26 64 11 96 81 8 51 86 1 26 76 2 1 55 79 85 24 43 75 41 37 54 13 44 46 76 77 49 94 28 99 88 74 62 57 88 28 76 88 68 61 15 89 49 43 76 30 61 16 24 51 47 98 82 76 70 96 56 19 23 5 25 82 27 14 55 72 
50 38 85 97 12 69 14 33 51 37 57 37 63 65 62 34 98 63 94 45 98 43 77 14 26 63 21 41 94 52 51 16 2 42 43 48 59 1 54 95 24 61 51 99 33 55 44 15 28 41 17 37 90 38 59 41 76 58 95 8 41 33 21 53 71 48 26 67 21 76 33 36 41 5 27 80 6 68 83 82 51 79 4 19 1 61 43 92 98 79 42 61 42 69 62 74 12 72 12 96 3 63 79 45 55 83 64 19 86 70 11 29 23 93 35 32 30 78 58 57 44 43 40 45 3 30 6 70 78 31 81 78 8 27 21 15 22 13 42 58 79 30 53 47 98 1 87 18 85 55 34 29 68 67 67 99 28 79 79 33 25 41 13 53 39 35 87 36 92 10 38 38 86 12 40 27 30 17 42 17 69 60 98 98 26 66 3 65 20 85 12 53 5 18 84 63 2 52 9 1 
58 95 90 39 50 10 10 91 43 41 13 82 14 56 77 21 28 17 98 83 1 32 49 76 48 18 30 88 50 50 36 49 2 26 4 84 69 14 69 71 51 15 28 97 28 16 88 14 24 46 29 92 59 35 52 84 10 69 43 73 62 43 28 34 66 24 25 84 97 98 2 47 10 39 38 6 92 50 72 53 25 33 64 59 37 35 50 17 59 11 98 6 84 78 64 43 23 70 48 44 54 95 53 75 90 94 37 14 28 92 72 97 4 59 1 90 52 62 89 31 64 26 89 91 38 86 88 36 40 47 69 72 59 37 66 14 62 64 19 29 54 74 33 3 28 7 31 92 26 49 14 81 94 95 12 38 41 99 47 68 88 37 83 75 31 54 86 18 94 29 79 57 89 28 99 26 67 59 51 73 76 29 66 28 21 2 59 51 15 51 83 96 36 21 83 61 90 78 58 45 
44 96 56 57 22 35 21 58 84 82 42 51 47 40 89 83 80 75 29 61 92 3 10 27 16 60 39 40 79 2 66 61 97 66 64 33 48 65 10 57 53 66 67 81 60 66 65 78 28 80 81 24 99 20 25 84 89 74 11 93 66 90 51 32 26 58 29 16 83 85 80 71 45 86 79 17 94 58 16 47 73 62 77 13 62 7 31 2 61 30 7 19 71 76 72 70 76 82 23 43 25 55 54 86 8 55 51 91 46 77 62 75 65 31 87 62 81 24 53 61 78 38 97 51 93 19 51 60 96 49 18 48 69 34 55 86 90 81 55 40 14 83 30 48 51 98 86 8 52 30 13 49 88 10 58 26 31 78 12 87 34 68 87 67 17 81 5 59 40 74 64 99 95 37 38 51 77 73 45 83 74 85 33 51 39 53 59 77 80 16 75 38 37 51 5 35 62 60 26 86 
69 23 3 68 72 64 13 4 1 98 84 89 19 56 12 44 75 90 78 61 15 89 67 23 83 79 60 3 30 33 52 73 19 72 53 10 32 81 94 2 76 6 36 55 91 59 70 96 54 38 35 86 82 16 10 18 49 58 31 29 78 25 93 6 61 79 56 86 54 90 52 74 91 43 92 37 87 41 71 16 44 17 74 34 57 33 85 98 23 93 89 11 44 46 81 68 34 93 74 74 29 91 98 45 85 64 18 11 94 3 27 28 85 78 61 81 28 42 7 91 45 37 97 23 15 98 32 86 77 65 70 50 42 85 48 41 94 18 75 54 2 45 50 59 15 73 59 4 82 45 86 22 52 39 20 41 78 80 57 86 27 46 10 88 84 72 12 87 59 56 28 42 94 67 55 35 70 53 30 76 9 41 39 16 83 50 20 42 24 94 70 93 24 87 53 65 42 53 6 10 
39 90 23 87 80 18 97 37 61 87 20 55 71 41 83 73 42 52 36 19 70 61 10 49 55 3 52 85 28 39 60 40 81 90 8 47 4 68 77 1 8 1 96 77 64 73 62 73 31 51 75 33 84 14 72 81 54 89 55 54 48 81 23 30 88 1 5 61 44 99 88 8 55 99 53 61 71 26 1 86 79 36 85 42 37 50 47 20 98 88 44 73 53 95 77 46 53 74 31 9 43 17 95 85 94 38 5 86 35 4 63 40 81 61 81 23 68 75 3 94 80 55 37 23 85 86 91 19 65 65 2 69 42 25 65 63 17 70 67 30 97 9 19 63 27 81 81 56 20 91 4 34 91 41 49 80 87 58 30 75 17 28 35 20 82 26 64 71 15 49 59 72 98 46 32 85 8 49 1 20 35 4 17 66 23 2 98 27 98 13 60 45 98 15 45 41 6 25 58 36 
33 93 77 63 8 46 44 5 59 87 57 66 25 33 20 51 33 63 99 57 60 83 90 35 81 77 68 41 33 63 44 93 66 51 22 34 4 98 54 77 92 68 2 70 68 81 84 49 2 77 42 93 64 67 87 86 75 92 66 66 67 77 7 83 34 89 84 60 92 93 71 45 37 10 97 65 94 65 3 90 83 57 95 83 66 5 9 56 10 3 56 30 38 86 88 88 92 78 48 36 83 51 29 51 49 81 28 46 12 5 7 21 33 73 41 19 72 13 85 86 39 78 23 26 53 10 22 54 99 87 96 55 82 91 58 42 85 53 75 7 26 18 27 82 10 93 61 95 90 14 50 24 22 89 46 50 19 67 38 25 11 86 10 14 96 32 91 61 4 94 21 43 45 25 97 22 70 88 38 9 27 25 35 11 15 4 9 96 43 78 70 44 83 44 70 5 32 94 60 53 
92 94 8 3 33 33 83 58 77 33 62 87 33 9 17 97 55 9 57 71 33 93 18 44 66 19 35 86 46 17 28 87 41 77 83 35 75 30 33 92 11 22 37 87 25 4 64 89 97 8 74 88 89 30 98 81 22 12 21 50 61 20 58 43 97 30 44 55 28 6 10 15 35 80 62 58 72 39 67 13 40 1 33 81 71 93 87 20 12 47 62 20 99 62 73 90 47 99 2 38 24 57 75 49 37 55 48 70 10 13 85 90 68 34 42 22 16 83 44 80 22 73 70 67 95 41 35 53 75 34 65 54 1 83 88 17 1 94 6 96 74 23 79 45 67 55 13 82 57 94 29 85 36 37 54 66 86 55 2 55 66 80 46 77 91 80 10 40 12 45 44 12 98 65 9 99 22 14 54 36 31 27 2 59 40 86 26 89 5 2 34 18 7 86 52 80 32 46 99 44 
87 89 31 98 16 64 45 39 11 63 43 46 75 55 4 8 64 73 7 76 83 16 38 76 2 59 98 11 55 60 12 65 52 62 25 20 82 4 20 48 22 24 17 28 36 65 81 47 92 87 31 10 61 64 42 41 24 97 53 92 80 21 75 55 52 3 93 55 91 57 79 69 87 49 90 27 70 97 80 15 20 87 7 88 69 69 32 73 14 69 34 74 17 96 11 79 12 48 88 68 17 11 24 18 33 76 15 7 53 41 3 25 70 13 83 76 81 19 7 89 96 13 90 19 39 78 20 52 59 37 59 22 36 54 55 5 83 45 41 31 59 82 49 89 70 1 12 37 75 3 68 2 97 66 73 88 24 53 4 87 19 9 58 80 23 75 72 45 65 93 20 62 66 12 20 23 45 90 43 34 26 8 17 23 42 68 35 47 47 9 61 97 17 1 34 6 55 62 77 50 
19 9 94 86 13 49 16 7 89 19 27 95 24 38 15 12 28 40 78 45 91 3 55 45 9 79 54 52 9 30 83 27 90 52 87 88 50 12 75 35 16 78 50 84 75 51 42 3 10 91 41 31 24 56 26 22 79 28 96 71 21 44 4 45 15 33 83 12 72 40 83 78 88 62 1 14 68 77 7 87 58 76 82 97 80 94 48 98 61 44 93 39 64 42 14 90 20 44 34 75 57 75 44 4 37 61 33 98 80 58 13 35 2 86 56 61 38 61 24 39 83 22 99 70 16 66 17 30 34 76 93 94 83 58 62 76 90 65 1 56 92 34 63 9 69 14 16 39 77 96 58 12 74 52 67 82 56 56 17 30 87 21 16 85 30 31 40 65 76 68 57 3 81 48 63 76 90 49 15 47 76 42 56 82 63 26 51 91 64 54 18 57 9 70 56 65 76 35 82 35 
83 50 39 38 9 48 19 92 34 41 88 62 77 12 3 83 71 12 58 35 16 12 49 94 39 60 26 95 50 40 46 83 95 23 35 71 18 27 40 96 12 73 90 77 75 42 47 68 73 27 65 19 89 94 44 26 81 37 91 90 42 31 73 80 50 94 70 76 29 40 39 36 6 32 63 47 61 46 12 84 91 20 96 65 62 15 26 8 63 67 62 81 69 49 79 73 91 23 16 35 36 93 34 43 60 73 74 55 29 30 15 64 68 47 23 57 27 79 14 72 28 9 8 51 26 2 84 96 65 63 40 31 34 96 44 50 21 54 95 81 73 2 76 38 50 65 13 76 80 95 28 54 20 19 96 80 7 94 8 80 15 74 14 44 17 54 90 88 31 33 94 9 88 68 16 39 79 33 37 5 16 71 86 82 84 54 98 52 6 36 68 57 86 13 5 58 78 74 91 90 
60 78 75 93 5 66 30 9 79 90 92 17 65 90 79 59 10 32 14 92 7 82 8 70 80 1 43 24 67 11 54 43 93 88 6 58 60 41 78 23 21 85 47 89 66 34 62 99 4 73 33 56 38 46 6 10 54 31 48 41 97 28 30 36 54 33 1 73 37 27 75 3 58 48 15 28 19 83 6 84 86 42 40 24 77 37 1 96 35 73 41 27 16 19 64 3 65 96 7 47 7 57 19 10 14 65 45 40 95 75 7 73 81 22 82 7 96 91 90 89 46 10 69 93 94 20 56 4 50 65 73 91 44 69 6 4 10 19 83 38 70 44 63 26 11 99 9 15 69 45 73 49 9 28 80 50 7 65 2 98 30 23 46 16 20 97 33 45 70 97 78 31 14 25 73 4 97 59 66 58 67 31 46 36 47 12 22 7 26 90 1 49 29 55 74 31 8 75 1 92 
16 19 54 35 27 34 5 56 67 99 31 28 81 79 8 79 50 65 47 15 94 76 5 19 81 68 87 68 33 38 57 35 29 32 40 91 17 52 29 19 13 61 92 13 15 87 83 87 4 34 37 86 51 83 86 83 26 7 64 93 98 62 8 75 51 12 68 42 81 18 16 60 9 57 44 66 78 23 80 61 73 31 88 27 16 26 75 26 76 92 98 12 75 53 74 32 96 82 76 36 87 7 52 80 67 15 22 38 35 63 87 1 72 81 38 86 52 79 58 48 46 52 30 75 27 87 44 5 77 70 4 25 95 93 29 79 3 58 66 80 47 84 93 8 13 14 27 18 24 20 24 50 50 12 96 35 16 39 8 95 7 3 87 59 69 55 32 59 28 15 14 44 79 61 86 82 10 52 90 69 92 23 62 32 99 95 35 40 7 84 52 5 98 3 66 90 73 68 50 20 
97 36 56 92 93 27 51 7 30 9 22 37 62 66 20 23 17 98 81 85 26 54 64 58 55 64 76 24 35 69 6 41 96 51 54 74 96 69 70 32 53 85 74 90 74 98 94 28 93 75 99 57 93 81 23 54 45 13 3 92 33 27 6 72 91 72 64 50 32 25 3 74 76 13 72 13 87 51 81 86 99 73 24 98 52 60 16 67 19 76 21 57 39 93 88 10 50 29 76 72 18 72 90 35 68 20 10 58 17 3 20 4 3 21 47 65 19 71 83 3 44 84 24 72 70 50 94 56 39 50 83 95 70 91 74 20 93 36 75 81 78 33 53 82 68 46 59 9 11 92 68 63 86 66 2 91 42 73 64 18 24 63 75 74 5 59 95 32 19 89 62 35 89 19 22 27 64 79 54 84 43 3 11 53 12 49 46 68 71 43 41 96 71 98 44 61 39 56 95 75 
83 57 74 56 86 60 93 73 8 73 13 95 52 68 65 16 90 4 21 49 11 83 47 77 73 13 65 17 72 53 4 65 85 79 56 63 36 38 38 50 45 99 40 18 89 16 89 69 60 78 3 72 12 73 40 20 26 39 68 82 66 18 10 67 30 17 3 70 10 64 56 38 46 62 8 20 85 46 78 25 38 39 27 79 28 9 12 82 58 25 41 62 59 14 33 32 49 13 70 46 90 33 57 56 42 8 74 70 22 55 38 4 56 31 52 40 43 84 68 86 2 16 40 26 33 35 80 79 75 12 16 59 60 38 46 24 66 80 95 38 79 38 74 25 48 98 33 24 38 93 16 49 88 56 23 41 70 77 59 29 41 59 97 80 1 75 30 62 49 25 29 93 41 88 96 8 45 85 28 99 94 32 63 90 50 90 46 79 52 34 76 1 76 97 70 78 93 38 18 88 
5 14 70 94 4 30 16 41 78 72 75 12 31 83 23 25 73 48 28 78 7 76 43 38 4 81 83 11 90 61 7 30 29 82 95 40 92 58 38 71 53 32 11 24 62 58 57 50 29 81 72 36 99 22 79 78 49 52 18 71 48 81 16 84 55 36 80 45 93 40 72 20 34 95 89 94 72 67 49 56 16 61 69 75 62 8 45 85 79 38 38 64 87 73 50 17 44 97 11 57 19 47 53 84 79 84 97 72 70 83 35 41 96 11 4 46 3 6 74 57 55 61 30 37 22 8 45 27 56 90 71 24 77 54 16 63 50 22 20 3 67 79 48 1 30 52 62 94 32 88 4 91 36 44 79 38 59 58 36 11 51 36 48 91 80 32 94 53 7 31 42 36 72 27 26 33 77 7 29 70 60 30 68 85 83 10 70 15 10 96 58 67 89 57 26 11 36 54 27 52 
93 42 43 2 85 27 23 29 41 29 62 34 92 15 88 97 17 56 29 13 41 43 15 91 52 87 89 71 2 27 13 19 10 37 67 42 74 31 67 90 75 71 61 62 82 72 42 16 61 10 49 69 78 22 76 11 9 21 81 2 41 97 86 87 84 27 88 99 74 73 64 63 79 1 77 5 9 72 80 56 15 65 28 62 4 69 79 85 37 98 2 15 42 92 83 71 18 27 33 12 36 18 91 37 56 30 34 99 23 77 79 7 78 37 93 28 66 51 98 5 37 33 76 50 57 73 77 59 11 49 25 17 12 28 22 99 6 72 58 83 75 50 14 54 52 39 69 7 18 30 10 57 11 37 32 44 35 5 46 40 65 8 91 53 52 65 34 38 28 42 75 96 18 55 60 88 38 82 82 36 9 68 90 30 58 25 92 35 28 49 65 1 81 16 58 60 7 94 2 42 
45 22 24 84 44 30 22 56 15 22 54 11 15 45 12 25 30 94 82 43 4 42 74 1 70 69 53 59 83 3 70 38 50 36 95 43 59 69 45 98 15 37 19 83 67 41 26 54 44 78 18 81 79 76 21 81 49 20 67 44 97 88 25 66 74 81 28 84 59 52 11 3 97 39 40 27 32 97 39 92 29 28 28 1 17 13 50 44 12 41 2 43 50 44 67 74 21 27 49 3 97 96 97 10 66 94 44 31 60 31 31 81 88 11 43 90 70 68 39 30 62 97 84 50 93 84 77 5 94 37 88 87 29 17 84 60 26 69 62 87 8 57 80 62 28 90 90 43 93 58 68 81 6 57 44 54 83 27 35 96 99 79 76 31 8 31 50 96 79 30 22 87 28 94 65 76 49 36 99 50 41 99 16 38 45 85 11 49 73 86 19 93 38 20 40 24 86 54 74 60 
54 54 12 19 32 58 76 98 41 68 27 75 82 49 85 27 91 6 38 46 97 34 93 97 73 79 33 71 99 94 71 44 15 90 13 31 75 1 4 42 9 29 92 43 74 13 85 5 14 74 2 66 11 79 30 84 49 94 85 96 64 40 63 72 3 48 99 72 76 20 24 99 22 80 17 66 54 36 66 36 22 28 24 93 67 93 58 89 79 16 19 7 52 86 82 9 37 57 17 99 6 98 34 79 99 55 46 3 91 2 23 29 37 2 47 85 36 58 73 21 84 76 78 59 31 17 24 59 38 51 9 71 31 19 27 88 61 84 23 9 55 92 48 89 79 25 19 99 86 55 68 83 82 9 9 10 72 14 82 32 25 62 20 43 24 63 97 33 26 2 92 43 17 89 38 25 66 31 81 93 88 67 39 86 93 43 54 17 45 57 52 33 18 21 95 72 53 14 41 20 
24 2 36 35 85 14 71 67 17 87 47 37 59 20 68 50 33 91 62 84 12 50 49 75 11 86 33 94 65 24 73 31 11 91 77 76 64 10 71 2 10 70 87 39 72 19 42 66 8 33 22 83 74 8 58 99 24 34 13 8 74 79 59 72 98 73 61 5 97 82 57 49 90 96 38 61 89 9 33 91 82 94 85 62 16 97 39 54 73 4 16 84 61 32 97 89 84 6 11 5 33 42 2 44 58 27 23 89 57 1 13 60 55 38 76 5 81 29 65 74 57 59 63 10 72 91 62 19 68 50 47 60 18 98 77 23 9 21 63 8 25 6 55 9 24 24 16 95 22 14 9 94 74 58 77 67 57 68 25 95 46 66 95 59 99 62 57 20 41 40 83 2 38 33 31 71 84 11 27 22 82 60 43 51 21 61 82 44 61 73 58 54 16 15 76 84 26 44 14 69 
28 56 47 88 98 59 59 5 95 72 81 16 24 1 96 13 71 71 70 58 11 38 62 96 10 84 25 58 37 38 18 65 66 68 7 37 84 98 75 1 97 7 29 90 36 39 1 62 61 10 57 92 75 10 8 87 19 14 8 91 87 85 65 88 31 83 49 14 61 67 92 55 61 7 1 63 85 83 58 53 73 1 34 18 49 88 86 26 34 9 72 34 46 63 50 90 12 1 88 44 68 17 73 45 74 71 10 57 12 83 34 60 94 44 14 59 72 23 60 85 43 69 30 11 50 23 32 47 94 21 38 53 43 98 81 45 26 2 70 99 53 89 89 59 13 42 11 42 82 64 93 45 34 95 95 50 38 15 77 33 70 45 10 67 23 62 79 32 4 99 93 16 47 54 89 26 18 93 37 93 18 63 48 77 95 89 81 75 48 89 47 24 26 75 19 12 48 59 32 80 
26 61 86 29 23 31 7 16 63 92 63 11 49 79 94 16 88 23 61 3 29 92 78 42 83 18 46 35 70 28 77 43 37 74 38 20 93 73 68 46 45 24 19 53 23 51 83 62 13 29 26 11 91 17 16 85 53 86 55 54 42 57 14 93 84 24 58 27 22 92 84 47 37 5 48 55 89 76 94 86 45 23 92 47 8 94 65 40 52 6 19 96 51 66 78 13 11 13 13 76 99 42 71 98 79 39 15 45 40 8 42 70 25 8 27 43 69 80 44 83 23 79 6 92 90 9 88 79 56 45 67 99 17 77 46 79 14 30 86 53 65 1 44 89 95 88 94 25 65 27 68 96 7 13 79 69 51 39 61 72 62 26 90 24 65 50 24 69 82 81 30 8 59 8 17 25 97 68 63 24 89 89 54 57 45 10 9 58 25 11 12 69 70 57 46 78 37 16 23 46 
86 89 80 85 21 77 13 42 47 75 78 21 55 48 3 97 69 72 22 89 4 90 42 5 19 67 92 3 79 48 85 52 5 13 65 83 33 30 74 46 72 21 2 68 57 8 42 7 7 73 52 10 80 18 9 67 33 13 58 72 72 60 83 75 14 47 49 37 40 99 66 91 52 46 43 96 31 64 45 93 89 46 47 59 31 47 95 68 6 47 59 46 65 4 86 23 22 12 63 93 98 56 70 72 94 69 35 51 33 87 92 51 23 10 39 82 12 48 86 3 44 89 26 67 16 49 75 88 33 28 40 95 66 68 68 83 6 10 11 74 21 47 68 74 15 82 58 25 80 88 63 64 55 59 91 80 80 64 32 68 57 14 10 88 98 6 43 19 92 88 99 13 51 11 53 58 72 86 38 30 92 41 7 47 45 75 88 30 16 20 40 56 99 89 7 17 55 39 76 73 
36 77 35 27 62 5 25 46 29 34 55 39 3 32 21 78 21 19 71 26 68 45 97 18 63 79 14 45 35 79 36 34 6 83 63 28 73 86 61 67 91 20 41 72 50 39 44 25 58 97 19 49 25 33 3 89 41 45 9 97 57 80 98 10 69 11 70 29 96 16 38 7 67 65 10 24 92 95 74 71 55 97 76 33 86 92 5 65 49 18 65 78 18 4 72 20 60 57 19 52 19 43 66 37 92 65 21 16 18 47 19 89 48 15 5 2 39 73 12 19 25 95 46 12 3 96 66 38 14 20 67 21 23 14 54 32 2 19 35 71 9 43 90 51 71 47 63 76 67 22 34 22 2 75 9 21 96 8 92 38 65 96 75 58 94 77 15 62 30 24 12 13 52 31 97 31 61 92 12 80 55 86 83 49 16 55 15 26 85 83 59 90 50 85 5 85 21 80 56 3 
42 82 4 24 12 35 57 13 28 88 43 5 3 80 41 1 87 1 28 61 82 6 80 12 45 19 85 51 91 39 42 54 7 46 69 82 47 7 16 87 50 84 61 18 41 40 23 23 34 41 66 66 44 68 8 23 90 22 20 92 4 26 41 3 30 36 80 13 41 45 23 26 38 91 37 91 57 63 78 12 77 3 1 48 28 17 57 29 88 80 12 53 6 44 40 97 87 40 38 26 20 87 29 90 66 98 70 41 76 86 57 30 93 72 31 21 58 87 82 92 16 82 63 44 23 33 88 5 55 48 42 36 8 71 85 44 10 92 64 77 25 50 13 41 57 40 58 97 61 20 33 76 47 16 74 79 83 31 37 84 9 47 92 57 33 36 42 50 47 63 19 15 28 91 93 8 44 93 83 90 63 52 59 45 57 70 46 72 11 75 37 3 23 26 92 1 19 21 51 71 
10 62 99 60 24 22 59 62 49 91 16 59 88 28 74 83 56 69 17 61 8 64 33 49 76 10 52 63 95 74 75 12 40 36 4 23 49 10 73 81 61 80 85 54 47 32 36 27 36 80 47 30 51 7 1 73 41 83 67 78 8 12 39 6 39 45 60 89 43 29 57 65 74 26 72 7 69 50 91 51 73 97 81 35 78 75 14 22 46 37 1 35 47 10 25 90 85 30 73 26 35 69 63 31 67 71 78 83 83 76 96 74 48 61 24 44 18 61 26 10 71 9 55 98 44 61 86 81 59 32 47 98 54 24 46 94 19 56 8 51 21 2 3 12 39 13 79 22 98 56 91 53 94 42 36 36 28 57 77 94 37 93 84 74 29 82 58 72 8 23 65 75 8 16 66 80 25 93 50 37 50 51 65 69 93 77 46 14 26 88 51 47 1 55 90 19 88 37 55 81 
81 38 4 3 46 45 30 36 63 45 58 68 7 2 18 83 4 84 26 54 96 30 40 93 99 94 16 17 48 14 62 92 64 55 1 2 6 78 16 93 26 85 18 42 29 84 93 2 26 41 68 62 91 35 54 8 19 19 17 72 79 70 21 95 74 54 92 76 95 71 77 34 76 21 89 63 54 54 75 85 22 32 65 12 86 79 30 95 23 42 40 91 35 43 19 6 5 40 1 59 57 80 84 40 8 58 94 62 26 68 33 17 85 65 37 35 27 19 36 40 7 70 6 4 59 87 28 5 51 21 42 81 37 64 7 93 17 5 51 71 89 82 36 78 13 46 4 65 57 12 42 23 63 12 33 43 96 60 16 74 7 5 38 76 79 79 13 75 95 67 79 24 88 54 52 53 95 83 83 33 22 13 17 25 88 73 42 41 93 21 53 98 67 96 7 75 28 82 74 68 
5 97 82 13 10 69 38 60 95 37 94 26 11 27 49 95 90 7 21 91 37 70 39 50 98 18 19 4 56 35 47 63 98 78 64 99 7 52 38 22 37 91 55 61 98 45 94 54 36 55 11 18 10 37 18 37 82 63 68 43 91 42 33 92 37 4 86 55 62 73 83 86 30 61 44 19 12 37 33 32 62 15 40 43 2 35 65 83 3 41 94 83 63 64 86 46 93 8 47 39 96 19 20 67 46 80 58 57 73 86 12 39 42 22 8 27 35 49 28 99 33 86 96 84 94 87 54 34 41 26 45 13 34 73 95 71 59 86 95 37 6 78 80 85 49 10 10 29 33 65 54 95 46 35 69 8 9 95 84 67 51 92 77 35 96 23 58 11 40 12 54 18 32 98 84 81 56 16 45 11 17 68 90 81 14 22 13 13 28 74 25 55 97 45 41 66 8 51 56 94 
89 63 63 69 90 90 27 7 98 66 19 74 5 89 5 28 28 74 82 93 22 57 89 72 80 9 4 50 46 32 55 1 13 72 30 95 34 26 76 4 30 41 12 7 92 29 29 96 90 68 2 88 79 10 91 21 5 84 53 70 7 10 43 47 32 95 23 10 35 50 65 68 86 85 65 89 78 27 41 7 32 15 41 22 3 14 53 13 84 18 9 42 23 59 88 59 12 9 30 13 8 89 34 49 31 77 68 25 76 9 78 11 15 88 88 95 3 95 13 96 84 86 56 66 7 5 28 90 14 88 40 7 63 70 19 99 28 91 9 14 99 1 79 57 3 67 33 9 92 81 8 25 67 64 86 43 71 74 1 90 3 9 41 90 17 18 59 68 38 3 74 55 61 28 83 98 58 25 63 64 87 96 77 48 96 29 85 74 32 91 45 11 40 47 22 67 80 58 93 7 
96 41 65 23 36 8 59 62 57 89 88 85 42 24 63 71 12 37 50 50 62 70 4 33 89 17 99 49 28 46 60 71 77 41 94 50 33 30 20 44 20 10 99 51 24 86 75 42 20 2 90 86 7 63 30 88 38 79 46 19 48 88 92 40 91 89 56 46 68 74 83 86 57 60 17 1 48 17 26 48 69 4 34 43 25 93 54 81 19 12 19 72 93 64 10 72 56 64 91 16 10 72 41 43 87 20 80 35 82 45 7 45 78 21 22 26 81 90 69 65 51 93 58 15 33 1 2 23 87 45 42 62 23 51 85 68 26 67 33 61 92 98 9 86 61 35 96 38 43 83 66 94 50 3 8 50 31 29 62 43 2 11 50 89 74 40 9 15 88 82 15 81 45 8 24 25 36 22 98 82 75 1 37 23 31 18 8 81 55 75 80 89 17 40 57 3 31 68 99 38 
7 27 17 16 88 80 78 51 37 76 25 94 89 62 90 40 90 23 92 44 44 26 87 81 74 87 31 97 80 23 27 66 88 6 90 47 15 22 3 43 18 27 63 53 54 3 50 31 38 14 76 39 93 61 43 8 14 43 97 90 16 7 92 18 97 7 36 59 94 62 52 70 34 11 36 60 93 66 12 37 54 74 84 72 62 69 1 53 78 30 4 40 41 36 88 20 17 26 59 69 60 48 83 2 68 24 52 32 38 98 32 27 22 99 24 64 82 93 20 88 53 42 56 65 88 57 72 41 28 56 67 97 44 23 54 8 3 59 18 90 22 43 68 71 22 83 3 35 86 80 57 81 18 74 61 86 90 12 1 51 13 93 68 65 77 32 22 57 19 13 39 54 75 45 77 39 37 22 28 3 7 72 68 4 55 22 27 23 79 47 31 19 54 31 68 89 91 19 42 19 
94 46 39 29 65 34 95 90 71 88 50 27 67 49 86 57 33 13 5 6 61 20 6 73 33 36 72 31 1 26 48 90 71 45 21 90 82 14 3 79 91 1 13 91 49 3 55 33 84 29 5 60 87 80 84 63 85 30 50 45 31 7 68 4 75 72 97 14 57 10 75 8 79 95 90 55 90 89 72 47 69 10 67 76 1 17 22 17 61 94 62 7 99 31 79 30 18 99 5 95 49 42 97 22 45 47 20 14 52 33 24 47 96 27 28 49 61 52 1 79 69 1 43 13 69 23 67 16 8 1 77 34 19 36 55 70 99 27 36 65 94 53 94 80 77 54 21 77 29 9 9 1 22 23 29 60 98 4 17 9 57 46 50 27 26 12 33 2 52 9 74 9 77 75 69 95 22 62 82 58 65 10 29 28 28 32 53 48 49 97 13 57 74 11 59 71 31 92 17 61 
79 88 20 16 12 91 30 15 58 55 18 19 12 13 68 25 1 3 58 39 1 71 62 76 38 81 61 72 98 18 45 87 30 92 24 15 53 54 28 81 63 89 20 62 39 35 96 79 50 78 99 15 58 67 17 9 29 15 91 73 36 6 27 93 66 6 96 39 27 61 45 63 53 12 97 16 12 93 64 46 10 44 49 10 97 14 54 75 80 66 85 28 18 86 61 80 37 90 17 77 33 27 9 98 79 84 28 69 30 99 96 63 30 64 82 14 21 26 1 14 43 99 21 26 46 72 73 87 95 11 57 18 73 63 44 25 91 70 86 9 93 69 20 69 63 1 75 14 28 15 81 63 68 78 71 54 22 77 88 51 90 29 95 50 47 83 77 81 41 32 48 24 5 13 59 2 58 17 4 99 19 95 23 61 6 65 14 3 43 14 34 12 73 10 8 60 56 3 34 7 
44 26 30 70 21 33 3 39 96 80 28 26 28 66 77 94 65 5 88 41 85 57 89 25 25 63 31 99 10 71 20 45 86 75 51 95 52 36 35 74 90 21 32 26 96 32 82 43 14 37 39 1 60 2 93 87 63 19 18 35 90 43 82 51 79 19 99 51 70 14 45 86 37 47 96 80 16 27 60 54 40 72 5 63 72 54 91 22 30 20 4 44 23 27 82 65 78 74 53 79 78 33 61 67 88 76 98 30 87 16 39 19 99 27 67 67 27 81 10 21 80 81 67 69 10 89 48 78 36 56 92 21 80 59 14 7 1 25 19 16 17 67 49 28 44 17 4 56 28 49 77 73 68 20 88 51 57 95 8 81 7 82 96 17 80 59 30 96 27 8 35 79 7 46 17 73 29 58 93 70 77 24 25 73 46 52 44 31 67 14 91 66 44 69 43 10 82 99 40 29 
51 34 67 91 67 29 6 35 28 51 37 43 14 22 90 23 88 45 1 38 47 58 65 67 78 94 2 59 19 37 4 93 8 71 96 30 46 47 94 70 50 32 56 12 10 67 40 5 43 24 65 7 54 63 59 41 88 84 24 52 89 90 82 64 53 39 44 30 87 96 54 96 66 1 54 56 85 14 35 3 22 75 95 89 84 65 97 83 78 54 23 25 51 63 29 79 57 19 6 98 12 10 31 71 46 41 28 83 62 93 20 75 93 79 86 94 58 96 24 53 16 84 94 83 22 85 87 98 89 93 75 42 39 18 68 49 58 33 71 1 58 40 38 79 29 20 34 29 93 89 83 5 70 59 32 36 23 89 3 77 20 45 48 68 87 53 11 88 73 60 77 14 93 84 36 72 95 77 31 98 11 75 20 96 13 59 32 87 73 7 19 72 17 54 19 84 78 48 4 47 
29 49 2 7 30 51 71 8 97 34 17 54 80 73 63 85 27 46 72 37 60 11 24 16 59 96 94 86 44 74 41 51 54 45 80 30 29 19 72 42 92 96 98 88 31 48 45 32 76 98 85 78 87 8 58 60 28 48 50 13 54 90 78 61 88 83 70 98 9 34 46 67 22 90 95 40 49 21 68 3 9 99 45 34 93 80 26 87 54 86 8 74 80 85 67 40 80 73 43 49 67 54 14 69 32 26 81 44 33 53 54 83 72 56 24 38 78 89 50 84 86 22 40 6 21 19 31 70 77 25 71 17 2 42 99 33 72 13 29 37 80 4 26 60 15 80 93 27 38 94 52 36 70 64 20 42 74 51 91 38 27 48 27 35 11 55 25 42 88 62 9 52 88 33 6 17 82 81 29 34 70 56 57 26 56 23 19 20 37 43 72 30 76 54 83 40 90 55 14 84 
44 2 60 48 13 12 94 60 63 89 44 7 48 25 85 57 95 22 75 51 17 7 53 2 8 30 50 99 60 75 95 24 66 68 19 46 22 76 61 33 39 21 79 60 45 79 52 12 96 96 85 90 77 83 21 21 11 31 40 60 64 12 71 98 55 87 97 69 56 16 59 56 4 55 64 95 3 72 91 86 34 49 98 92 57 86 27 55 23 12 10 90 72 86 76 5 50 12 60 95 4 32 2 57 96 44 61 90 9 5 17 7 46 32 77 35 45 15 85 28 81 22 24 67 73 1 25 70 89 90 70 98 54 24 4 60 56 38 33 19 51 75 41 98 71 94 84 93 29 71 8 67 26 13 46 66 54 54 29 21 11 74 90 55 94 94 76 91 20 88 44 56 19 87 77 88 48 87 84 42 97 56 10 97 93 34 38 62 5 49 2 80 52 15 85 41 14 43 34 76 
96 20 50 55 35 6 92 57 88 46 43 80 98 94 14 34 85 74 12 65 75 12 65 86 30 66 55 10 82 60 49 79 67 15 29 97 48 74 26 63 53 46 47 95 6 24 12 70 52 21 79 51 96 7 82 17 33 31 56 96 72 59 70 99 76 2 63 47 89 47 68 1 68 90 47 99 14 68 23 83 3 88 10 33 19 57 42 94 82 18 11 12 84 77 89 62 17 36 69 81 2 26 87 99 24 33 61 70 65 34 16 3 30 29 20 90 81 66 13 47 68 79 37 35 61 17 73 94 79 71 63 81 25 16 50 88 13 27 5 88 2 24 56 56 25 97 26 2 26 37 59 5 81 69 52 43 42 82 86 26 55 62 61 23 2 20 22 96 25 27 93 33 63 42 10 72 79 47 45 45 94 75 48 94 15 42 70 17 69 78 96 85 35 61 80 87 72 43 70 52 
98 72 68 98 57 28 40 59 52 70 39 31 82 73 69 19 25 62 94 10 90 75 87 31 79 16 89 1 38 10 65 91 15 62 63 82 18 14 64 14 70 96 46 47 65 90 34 20 24 79 58 2 51 8 12 51 93 34 7 68 89 94 28 58 35 49 90 81 31 46 97 11 44 75 94 89 63 23 27 88 55 29 95 57 18 46 12 86 41 90 57 60 61 4 36 15 16 4 33 90 2 46 71 95 31 76 66 54 84 89 82 67 75 81 88 69 96 12 19 81 80 54 21 70 59 57 21 4 15 95 73 5 39 33 19 13 86 70 44 34 36 10 31 3 42 6 21 34 93 24 64 81 68 94 81 94 91 74 16 71 89 94 92 19 49 25 71 7 70 25 8 25 25 4 6 39 13 71 73 45 18 2 81 31 61 81 21 26 63 74 53 61 95 69 73 26 38 43 61 22 
79 63 74 50 74 27 49 23 96 16 48 98 57 34 65 90 53 54 71 26 50 99 97 22 66 28 16 69 46 10 18 13 49 9 99 34 28 67 41 31 11 85 86 98 78 1 28 14 54 70 85 10 74 54 86 66 78 93 50 84 85 94 66 69 77 8 80 12 79 10 66 69 42 84 20 48 20 5 29 83 56 15 60 23 62 8 40 3 99 12 35 35 60 67 33 84 49 9 26 53 63 50 87 59 75 59 59 18 14 44 26 25 44 35 5 37 50 59 18 52 17 31 80 92 8 24 77 82 50 60 47 33 15 86 63 24 96 58 14 80 96 17 81 59 4 78 31 26 73 6 81 38 14 96 96 29 61 62 59 83 65 9 55 24 69 17 54 86 90 29 93 10 4 21 54 9 20 93 47 61 67 45 90 83 76 59 93 19 56 80 38 13 79 2 58 96 61 39 21 69 
70 46 53 7 8 51 78 94 36 64 1 54 80 91 9 4 97 93 82 21 88 87 95 36 5 49 24 51 48 26 52 36 86 42 79 41 50 98 22 99 46 88 27 37 61 96 72 74 66 7 75 38 25 11 97 61 3 14 55 93 64 37 19 10 89 30 27 7 74 71 84 23 38 78 75 31 30 11 67 54 35 80 15 69 81 54 69 11 45 61 83 79 56 2 18 49 7 49 47 69 56 57 66 77 38 69 96 98 63 23 94 57 32 53 53 78 33 5 11 99 58 32 60 71 99 9 48 68 63 36 89 91 72 44 67 78 71 2 41 6 37 21 54 96 80 64 39 29 56 51 23 41 67 61 35 33 71 46 13 80 85 31 7 37 96 22 90 38 63 14 60 13 26 94 48 85 8 52 25 84 27 81 7 47 99 89 60 27 46 2 11 98 98 70 49 67 7 77 35 69 
57 62 9 70 21 44 17 85 44 59 17 81 89 29 60 89 5 29 44 7 45 12 43 29 10 46 38 79 71 44 51 41 9 92 75 89 37 86 6 20 37 58 68 84 91 9 57 17 11 41 59 69 68 86 91 41 30 45 26 9 84 6 27 60 76 84 77 24 38 55 14 1 17 80 55 94 11 38 36 44 97 60 36 56 67 60 11 32 51 62 26 4 55 37 86 63 89 30 67 91 4 92 46 93 12 16 33 28 27 58 3 38 94 79 28 82 20 72 7 68 2 89 93 80 62 81 36 15 77 21 1 7 14 40 6 65 50 57 53 2 19 11 60 64 31 89 90 66 7 64 81 17 12 18 81 56 84 78 78 82 69 48 30 87 46 38 96 81 62 95 71 32 66 37 13 90 34 82 75 23 5 78 39 43 9 39 43 46 1 69 17 33 92 3 10 49 79 28 23 10 
85 69 7 8 41 32 89 63 8 92 17 84 65 48 52 61 98 47 86 13 46 44 98 49 61 63 6 18 68 47 25 70 16 16 28 11 35 23 93 58 94 14 70 95 59 78 27 33 44 9 15 61 70 56 16 8 25 88 7 90 12 41 11 79 13 81 55 50 40 57 29 39 95 56 35 99 26 63 52 63 77 18 84 87 55 63 24 19 75 12 4 48 26 95 54 62 20 24 59 8 52 39 15 39 56 75 82 80 61 13 44 82 44 31 65 71 93 72 43 15 57 92 67 72 6 16 75 51 82 98 10 64 65 77 72 89 21 31 80 20 58 32 25 23 88 7 27 96 80 91 92 29 15 85 66 46 44 11 94 76 44 64 76 4 74 79 19 24 33 77 98 98 12 28 13 17 54 2 40 45 11 27 91 90 93 50 71 50 37 85 31 71 50 76 27 8 74 50 75 72 
34 80 92 58 97 38 82 67 12 78 30 39 75 94 88 84 92 42 58 72 53 19 64 2 13 48 39 90 76 59 4 50 77 69 50 71 61 63 21 4 63 74 91 37 94 69 51 82 18 25 84 56 32 14 51 54 55 80 69 42 2 27 95 29 64 93 7 53 99 36 80 62 3 14 77 93 93 63 23 57 97 85 84 14 23 24 58 60 46 48 47 7 93 32 44 63 19 37 11 14 85 93 58 5 52 81 35 20 47 13 98 67 55 9 4 55 97 86 82 79 9 38 21 96 26 9 47 14 61 85 9 64 91 69 53 90 33 63 11 26 26 51 77 73 14 79 92 91 28 35 21 72 65 33 37 21 69 94 3 41 17 24 49 14 90 99 61 80 69 45 54 21 4 16 58 36 95 82 97 33 88 5 73 98 37 21 44 89 98 22 7 5 6 38 79 73 55 19 80 34 
80 21 57 72 52 84 53 45 10 37 32 19 95 12 58 84 74 55 23 94 38 32 47 73 14 26 90 22 70 56 54 24 21 72 93 52 34 72 18 73 37 96 96 60 23 45 73 88 58 76 63 50 84 16 62 58 30 64 57 52 14 2 26 3 51 93 47 21 60 97 7 64 69 70 1 41 24 72 48 17 88 78 88 21 57 75 96 55 58 78 82 96 62 30 1 6 84 9 55 31 94 36 8 19 22 81 82 14 61 70 70 70 78 87 39 58 19 87 38 66 13 94 5 9 78 16 67 35 35 44 57 33 1 64 11 36 7 58 78 27 97 14 28 50 42 31 52 13 35 26 75 90 6 37 60 38 27 36 14 91 15 26 90 77 42 57 4 17 37 24 29 34 97 78 10 58 92 33 65 34 66 67 95 29 52 33 89 34 69 64 28 74 39 80 93 15 80 90 74 64 
42 87 92 7 10 57 7 18 3 60 29 41 58 23 64 27 24 24 38 45 89 33 34 18 17 32 26 49 72 56 5 60 54 19 11 15 30 46 69 58 62 5 17 39 45 36 33 48 29 88 74 48 58 44 5 1 97 55 25 4 66 71 5 18 69 72 15 1 26 1 57 35 4 88 99 63 50 96 99 19 20 38 42 54 11 11 71 72 91 34 15 63 36 73 23 28 52 75 94 16 15 98 12 52 93 43 69 70 89 84 5 44 62 2 33 18 64 11 74 36 67 96 87 80 98 41 1 93 71 57 43 16 12 20 74 14 96 95 18 13 79 76 90 27 24 9 37 92 35 23 55 96 89 71 34 11 70 53 80 19 91 46 51 54 35 43 85 24 80 76 36 44 36 53 98 71 69 87 46 33 39 27 56 57 27 88 47 7 66 88 3 9 79 72 10 84 99 47 87 85 
3 95 25 29 74 42 60 70 65 40 46 28 98 74 74 55 50 7 64 10 97 29 19 8 82 22 83 84 65 13 95 47 79 27 48 29 88 49 41 53 44 76 41 82 40 75 33 75 69 39 83 47 82 41 89 22 40 96 38 90 69 12 64 68 25 46 5 46 41 66 53 52 87 99 21 8 28 96 89 78 74 81 66 35 48 11 45 11 27 29 58 53 11 28 34 82 72 97 52 48 15 85 5 86 27 53 45 73 44 32 49 83 96 77 69 44 75 30 94 94 77 65 99 40 72 56 10 8 53 26 49 6 90 4 3 74 95 82 68 49 71 75 19 10 68 72 49 42 46 93 43 92 23 48 21 22 36 90 99 65 98 74 51 87 51 13 53 37 25 31 50 5 90 23 6 78 21 11 63 1 42 97 97 24 93 23 76 68 83 25 11 74 41 88 16 64 79 10 64 92 
95 67 30 85 14 74 20 85 38 85 93 46 56 15 26 71 2 55 30 86 37 58 37 18 31 20 77 73 47 58 62 28 16 96 66 98 23 41 6 28 88 68 24 69 48 3 68 61 32 93 73 16 49 8 44 92 68 97 32 87 98 92 23 8 70 76 13 56 15 65 91 12 52 96 24 11 62 2 31 29 75 95 70 63 49 50 18 8 47 80 49 44 28 27 22 14 19 30 55 6 1 20 13 33 87 91 79 19 10 87 50 72 94 82 6 76 46 59 93 60 29 92 14 90 46 32 94 44 23 80 79 93 88 76 3 90 54 75 74 40 99 32 60 89 48 77 64 3 52 7 7 48 72 56 11 74 61 82 76 95 41 51 70 70 89 9 98 82 15 73 94 24 43 7 97 76 96 4 32 90 75 66 93 67 39 92 25 44 84 50 3 67 35 62 12 81 14 89 34 5 
