200 60
10 82 13 53 93 77 56 92 53 58 65 16 76 40 68 11 9 82 56 64 62 4 87 75 20 81 98 52 45 60 4 28 83 59 8 59 72 76 8 38 47 97 2 91 43 97 92 97 10 53 97 82 8 44 52 30 23 60 16 89 67 12 82 81 88 30 79 1 75 76 81 27 61 49 11 28 37 87 48 66 48 81 35 10 8 72 82 29 4 66 77 12 97 35 86 66 38 22 66 27 64 53 65 60 13 40 33 73 21 86 24 18 37 92 6 97 28 66 67 72 77 25 20 69 1 3 6 84 46 59 7 88 5 82 48 40 12 96 5 80 57 68 7 52 91 13 50 96 29 99 94 62 55 60 81 14 38 92 27 35 25 68 39 38 57 40 18 65 73 44 65 99 12 10 87 70 24 67 5 57 74 49 54 98 53 99 1 95 74 80 38 21 88 75 1 24 87 1 63 37 
82 55 53 11 7 12 6 63 67 99 42 51 22 40 78 11 30 92 45 86 75 93 17 63 6 83 44 95 57 40 83 40 89 8 29 87 16 30 45 92 33 80 96 7 56 95 78 8 46 3 52 31 42 54 69 3 94 57 10 69 94 5 9 28 6 9 89 62 93 28 95 68 61 5 21 87 76 89 39 39 3 77 40 51 36 36 54 89 29 39 91 93 27 97 64 3 96 87 27 90 58 86 1 93 19 2 8 46 98 1 2 9 68 43 99 99 75 16 14 29 75 58 80 24 69 95 92 67 28 73 33 24 26 83 1 71 71 99 47 36 41 7 7 20 9 31 24 32 74 74 89 23 1 43 69 14 40 79 35 27 67 94 97 18 12 97 36 8 85 28 32 13 19 87 95 76 88 68 3 1 51 88 22 76 70 22 47 16 54 27 32 83 80 80 13 25 33 8 50 5 
20 21 65 99 2 95 50 45 53 62 48 65 8 73 29 48 84 95 27 25 47 64 96 26 57 40 72 33 32 67 19 39 3 28 95 5 65 98 3 13 43 7 47 24 37 86 91 35 88 36 16 35 29 73 69 59 40 91 31 47 9 17 59 1 84 62 58 36 35 87 23 41 2 51 5 37 56 70 61 26 58 75 17 53 8 65 15 63 9 66 77 51 16 85 61 26 98 68 12 60 94 57 20 51 63 42 80 73 47 22 47 40 24 59 86 51 66 36 39 57 94 9 70 14 35 67 32 33 76 90 12 48 23 2 98 60 58 22 30 4 90 34 54 96 20 32 82 96 86 77 50 62 31 63 66 4 49 58 77 43 49 74 18 68 5 15 67 89 19 37 11 96 70 2 90 15 77 37 61 60 51 86 53 96 50 73 22 92 40 51 6 75 49 62 84 91 22 92 33 59 
53 9 14 63 9 84 54 8 10 1 78 30 86 9 47 20 2 29 46 71 35 27 67 68 60 99 89 65 30 54 60 68 58 88 76 14 96 76 66 53 18 43 69 35 1 52 20 80 5 80 27 71 57 6 54 25 30 85 3 82 24 37 93 82 49 18 45 50 6 12 60 70 65 5 99 75 51 68 71 24 24 43 6 80 56 15 40 1 19 2 97 8 59 30 72 78 86 20 6 20 47 62 71 54 10 6 56 98 49 32 37 46 19 39 68 48 42 26 61 93 85 69 60 90 46 7 32 53 29 17 42 71 30 2 36 5 14 70 22 53 3 14 51 47 50 91 1 21 24 12 52 99 91 12 75 78 95 38 9 4 38 30 40 52 64 3 87 18 37 21 82 86 24 87 49 22 77 23 85 46 14 45 48 19 95 50 29 19 16 97 37 28 74 84 85 10 61 36 63 91 
56 10 16 59 42 94 5 51 75 8 24 21 22 52 51 5 20 69 84 72 80 38 53 41 1 85 22 74 66 92 97 95 57 99 37 88 57 13 50 7 54 8 9 78 55 41 51 14 82 54 89 11 90 77 18 59 61 38 12 51 19 68 44 84 33 9 83 69 24 16 3 34 70 66 86 34 15 69 38 54 71 65 83 19 28 34 76 93 58 7 10 95 25 65 17 98 84 49 80 39 95 67 37 22 25 98 85 27 54 99 89 15 85 14 90 36 45 72 6 31 94 5 41 45 35 45 91 27 11 35 54 37 21 32 30 58 18 16 29 93 23 95 81 82 25 14 38 99 91 54 81 62 70 46 30 40 99 72 44 57 15 78 31 2 51 71 57 30 50 33 45 74 72 21 87 47 92 79 51 49 18 43 78 73 85 42 4 16 70 11 49 77 96 93 37 70 37 50 93 28 
41 14 27 4 75 69 8 67 54 8 42 74 10 82 58 70 27 17 5 90 73 38 77 89 30 10 51 70 27 60 15 20 68 16 98 37 67 31 8 64 77 21 49 22 23 90 71 35 28 69 87 66 53 37 9 49 22 62 78 16 53 27 2 33 94 61 74 28 49 72 17 22 13 81 5 63 1 46 2 57 79 98 87 95 1 75 89 88 28 47 19 1 72 49 94 75 23 17 81 67 75 11 15 80 65 56 37 89 99 64 28 79 86 72 34 69 68 68 99 52 52 29 1 17 39 43 74 87 58 49 49 49 98 63 80 82 37 12 75 92 71 62 29 42 52 55 56 80 12 33 16 78 97 75 52 54 6 25 17 11 5 24 8 63 74 44 92 68 34 15 47 63 72 57 84 87 80 15 82 20 83 85 19 10 70 51 3 6 28 11 4 87 65 9 84 1 56 71 30 80 
76 29 67 61 52 79 61 49 9 12 21 19 17 17 50 87 4 49 43 11 19 80 38 39 79 57 73 79 34 56 47 43 18 41 68 8 4 18 16 74 64 92 95 20 28 27 94 52 32 95 38 74 77 38 46 31 92 21 91 72 81 89 52 6 86 29 68 53 37 14 3 10 16 70 92 95 4 30 7 16 46 84 4 15 5 45 84 35 11 97 54 69 27 57 71 20 3 27 12 54 25 52 17 60 80 78 56 4 12 7 82 83 68 48 84 90 69 84 47 59 53 20 6 28 40 39 2 93 85 65 42 67 34 14 51 33 80 48 32 1 22 40 16 64 18 20 26 56 41 38 28 9 40 20 90 4 90 19 37 33 55 77 5 51 36 80 3 37 34 12 62 45 5 11 1 63 13 30 71 71 89 88 23 92 90 29 53 55 47 77 70 44 30 94 44 61 98 34 63 77 
99 53 43 29 78 33 99 38 78 61 3 22 86 63 69 72 91 70 55 84 64 8 43 32 41 69 17 50 2 4 48 20 53 92 73 45 9 33 78 36 70 20 78 91 13 24 1 76 59 77 60 7 66 49 51 30 4 34 16 5 38 26 36 83 10 7 10 93 19 19 32 18 4 55 79 76 20 36 87 9 30 88 34 53 72 31 20 29 55 55 50 18 28 5 16 45 68 55 75 59 58 99 35 18 73 28 29 63 55 8 5 7 99 64 98 10 32 63 24 64 93 94 44 74 21 47 61 38 24 97 94 28 74 85 58 72 79 98 48 37 66 50 22 5 67 64 77 61 91 56 34 71 17 11 20 60 62 66 45 99 77 96 87 84 15 87 74 15 18 26 61 81 2 73 14 38 29 50 91 93 98 20 25 84 21 64 1 59 2 71 39 63 24 10 78 13 26 16 57 82 
87 66 22 82 66 92 20 91 56 97 97 4 89 23 78 57 6 54 95 87 58 30 97 37 19 44 54 57 82 59 65 17 78 3 63 10 70 84 23 58 69 92 64 21 34 6 62 97 78 99 50 40 83 50 28 51 94 41 67 96 34 71 16 9 6 58 10 93 1 47 73 38 5 17 27 13 1 85 96 83 82 14 18 12 53 18 39 65 35 69 33 24 77 5 1 81 58 31 75 59 95 32 35 6 49 73 99 7 30 12 46 88 6 96 11 28 7 82 92 56 30 29 65 64 51 12 80 13 24 24 73 33 91 89 70 38 91 62 94 27 58 36 73 89 36 50 42 15 81 95 52 98 67 22 77 45 93 41 20 77 91 37 17 40 29 70 44 10 20 83 27 99 25 9 41 61 63 73 25 98 16 7 80 69 34 47 82 91 43 44 82 50 49 71 19 7 46 25 19 97 
93 43 54 67 23 68 22 35 70 88 29 10 78 10 21 30 23 65 86 30 44 46 95 66 73 31 30 50 70 23 8 80 50 73 23 72 17 19 72 91 91 12 86 82 49 49 63 2 43 3 98 48 41 56 15 94 56 32 95 21 75 21 15 40 93 18 70 35 41 52 13 86 22 15 77 8 36 94 14 69 19 8 23 37 66 26 81 3 68 13 77 8 43 54 38 85 62 83 64 83 88 21 61 1 2 2 67 14 32 4 88 12 92 83 27 28 9 8 15 67 51 80 43 40 64 75 92 95 1 72 70 48 50 79 33 11 72 74 24 30 26 27 3 9 5 36 76 48 61 56 30 68 45 36 57 47 30 40 96 49 48 88 54 56 17 82 45 97 75 39 14 84 12 21 74 39 97 67 38 27 15 26 42 84 92 84 88 57 33 1 64 26 46 36 84 37 80 82 13 39 
67 71 37 90 11 35 89 39 91 7 74 88 14 19 42 97 39 43 81 87 45 41 72 99 80 22 45 50 21 99 35 89 26 47 41 53 94 54 78 25 24 85 36 86 62 33 35 78 64 72 83 55 54 23 31 38 74 2 27 77 44 78 77 4 20 34 99 85 43 16 78 89 6 94 23 28 1 19 23 25 78 72 7 64 6 32 92 52 21 20 51 69 87 64 56 29 55 52 45 33 12 89 72 27 44 52 66 57 86 47 87 30 87 64 82 60 56 37 40 37 26 96 48 72 6 27 53 62 39 22 10 39 59 45 42 32 44 78 1 20 77 86 12 88 98 66 43 87 63 9 53 86 98 51 51 31 58 35 50 96 79 62 25 49 41 51 70 1 16 92 55 60 30 7 76 96 20 98 21 91 84 17 17 96 45 4 91 88 1 59 28 26 82 91 23 8 15 77 39 25 
4 16 3 28 83 21 1 60 41 21 46 67 9 27 56 28 12 32 36 39 52 81 53 93 85 62 22 66 6 82 85 90 26 47 96 44 56 48 97 25 90 39 1 38 84 19 73 72 36 13 18 84 68 53 47 77 11 62 77 87 79 31 96 57 60 2 55 25 86 51 43 97 25 68 71 42 52 36 55 55 40 16 91 55 35 25 46 57 38 20 28 53 88 78 75 99 43 77 36 92 61 78 47 51 79 5 18 1 97 26 10 49 61 38 20 75 38 44 59 3 3 35 35 85 17 73 34 88 11 72 1 69 64 76 21 57 87 47 99 37 6 37 49 27 33 78 61 66 62 58 95 87 40 4 58 7 50 62 81 98 96 82 9 79 80 94 73 89 86 92 78 74 61 17 82 62 91 34 76 50 92 16 67 85 84 25 57 40 73 94 29 2 36 7 21 44 96 78 16 21 
30 66 19 14 11 1 80 30 61 31 30 79 13 22 82 5 67 18 72 32 96 54 63 78 55 56 51 57 80 51 69 85 5 74 97 90 58 70 68 15 75 6 71 23 2 69 59 6 1 83 57 91 59 7 65 48 93 42 66 89 55 43 35 84 41 19 38 60 91 41 46 10 8 51 36 98 46 64 2 69 34 78 53 50 71 78 31 59 38 43 7 13 99 51 90 29 15 87 40 36 39 50 63 78 34 55 26 21 71 45 59 59 43 93 62 21 59 10 13 75 65 48 71 39 39 15 87 81 3 69 6 31 24 36 72 83 30 8 41 5 6 51 82 39 3 15 83 18 49 36 60 59 50 45 62 81 98 71 75 5 79 52 34 58 74 38 22 87 72 95 82 60 72 19 23 72 90 32 19 54 66 96 26 75 68 21 79 54 5 59 6 63 21 25 27 31 15 93 65 55 
19 4 53 48 25 38 69 77 10 11 16 12 87 20 71 85 9 70 16 57 91 7 63 38 54 40 91 23 42 84 76 26 66 84 17 6 27 46 74 2 49 73 97 61 14 92 55 74 88 87 70 2 58 31 48 10 55 14 9 98 93 78 16 33 99 48 14 78 40 59 54 27 56 92 25 30 97 5 89 31 45 58 11 94 50 55 84 42 64 64 73 76 66 57 33 18 97 36 48 33 93 67 60 70 12 9 3 83 66 48 27 71 55 25 39 3 97 70 26 50 60 33 89 23 88 13 80 93 40 91 22 35 17 62 49 47 93 65 34 89 49 14 23 13 99 28 59 90 30 68 25 50 22 61 62 4 88 36 12 79 6 53 40 51 39 36 72 74 79 2 24 13 74 92 29 71 56 10 76 26 74 40 36 59 28 91 94 86 97 20 81 90 73 65 7 48 88 79 85 69 
24 56 74 59 31 52 59 91 11 61 92 45 93 59 71 32 88 54 8 72 46 45 78 55 9 77 83 97 72 97 1 91 39 13 45 70 72 44 21 57 57 83 82 27 56 50 85 59 61 48 49 94 52 20 7 93 56 6 65 88 99 97 60 45 67 95 12 13 54 65 83 87 30 94 36 61 84 47 81 84 94 20 47 16 72 2 22 86 26 27 20 49 15 31 35 37 5 10 94 21 24 73 17 64 21 3 71 80 22 7 28 88 83 78 19 68 51 49 91 18 14 48 67 11 62 56 95 50 45 63 11 25 23 24 91 70 27 14 10 18 15 86 95 55 24 29 85 82 32 18 87 69 12 76 27 6 85 30 11 65 82 63 82 58 97 74 75 86 42 36 69 4 6 43 52 65 9 79 67 92 61 65 77 22 17 18 17 65 30 9 51 65 13 16 28 52 91 82 39 96 
27 68 25 81 61 70 48 12 85 73 10 81 31 68 48 5 41 13 55 55 51 15 54 45 69 14 84 11 56 60 76 89 12 99 40 3 51 51 41 38 85 89 85 29 9 28 97 37 73 96 5 32 74 27 15 77 30 30 1 4 63 80 80 96 82 95 98 76 62 16 6 77 26 91 42 31 26 55 18 46 26 13 95 91 80 17 69 76 18 51 46 30 22 13 29 85 11 90 97 61 19 51 87 39 79 14 75 47 6 37 57 43 71 96 27 92 91 68 66 53 6 10 18 51 54 40 69 68 68 21 35 19 42 41 37 33 19 92 85 38 71 57 61 38 84 82 95 96 32 67 54 18 64 42 14 27 83 48 49 53 29 22 9 9 55 71 99 70 16 63 67 64 45 1 78 41 36 6 98 62 24 99 79 80 68 83 32 18 32 24 17 51 64 27 16 90 80 26 24 61 
30 56 76 22 80 55 52 9 13 62 60 68 35 95 97 88 7 19 14 57 48 41 24 59 43 29 11 91 51 7 33 61 6 70 30 99 28 84 28 61 28 98 49 37 14 43 14 54 96 44 49 86 95 27 95 59 49 18 12 56 13 57 80 25 74 2 20 81 54 32 79 22 14 58 58 24 62 27 3 53 60 26 15 71 30 92 61 43 57 18 76 39 2 56 70 46 1 27 33 69 74 23 44 41 36 19 76 29 95 73 2 35 64 38 98 12 64 64 59 60 33 7 94 41 32 31 39 76 46 21 59 63 1 83 61 70 57 54 91 52 25 8 49 52 69 58 89 9 11 69 29 63 39 59 53 61 15 7 26 67 76 60 86 63 46 39 67 58 39 42 91 94 65 57 84 54 39 61 75 63 84 32 7 1 39 51 42 3 65 11 68 69 53 21 3 71 25 15 3 58 
65 33 10 8 62 72 1 86 73 73 10 13 62 86 87 38 53 73 71 89 73 37 8 6 74 55 87 63 69 12 78 8 63 26 54 89 82 83 28 91 7 71 79 59 2 6 91 38 47 63 77 95 73 15 12 61 85 55 67 53 3 33 39 10 81 83 81 21 53 61 33 61 51 67 55 19 45 85 58 29 69 9 34 3 57 74 89 59 68 92 72 58 24 78 9 29 37 85 30 5 41 33 6 50 25 40 75 95 60 55 78 66 37 87 85 15 90 42 31 53 36 45 44 81 99 79 78 22 45 12 44 46 13 30 39 13 43 68 83 92 13 43 44 3 65 79 71 37 41 49 29 97 8 93 24 28 95 62 38 40 23 40 63 49 33 78 25 3 22 31 20 14 68 78 47 91 71 63 34 71 73 23 74 47 98 16 52 1 78 57 81 39 87 49 29 17 70 10 52 73 
16 79 11 77 37 52 48 62 69 86 63 47 54 86 5 98 58 18 26 66 38 56 47 44 91 48 11 20 19 67 36 39 72 66 74 55 18 39 69 88 89 73 9 83 44 8 84 62 21 86 46 82 95 20 58 92 35 35 57 90 58 38 7 76 88 64 53 13 10 39 84 76 27 33 82 18 16 15 85 16 84 13 35 37 29 67 42 86 86 90 37 67 94 18 27 39 46 67 54 69 44 97 51 93 63 58 93 68 99 53 64 30 31 91 99 51 71 46 55 94 29 10 56 71 60 51 54 96 27 70 84 45 53 57 26 10 81 44 48 55 29 67 78 73 42 17 48 43 54 98 56 86 44 86 23 21 85 82 44 18 13 67 52 60 68 63 66 95 63 86 54 97 35 2 84 15 98 84 85 34 10 70 1 33 13 17 43 36 5 56 55 72 86 53 62 32 21 61 29 20 
76 86 8 90 97 67 3 43 90 16 69 47 12 54 53 69 70 88 46 1 9 92 62 42 86 88 25 82 56 26 41 80 53 67 89 45 67 67 94 21 31 51 17 62 98 1 24 21 26 32 80 25 53 79 24 59 88 75 49 47 81 30 86 34 15 16 86 63 76 46 97 63 47 58 51 26 77 93 39 87 72 78 98 11 69 8 88 65 22 22 77 11 80 93 19 75 73 4 34 41 87 28 95 20 50 12 8 38 11 57 84 17 20 2 35 55 15 98 42 9 96 99 46 70 13 38 23 55 38 5 67 78 59 34 75 37 49 82 22 94 56 14 44 57 79 72 25 58 52 75 69 37 23 82 89 24 38 86 84 19 20 90 23 70 51 87 21 64 55 45 28 95 76 85 4 56 60 65 4 16 40 60 54 98 11 42 42 70 17 62 88 14 28 34 34 17 25 11 18 47 
45 94 97 40 8 40 96 36 3 81 68 53 31 70 19 19 56 84 72 88 15 36 76 59 18 80 8 69 59 16 80 7 24 98 50 17 90 41 21 10 39 23 51 59 60 93 62 20 54 84 40 23 46 7 46 90 86 67 22 37 56 67 91 76 78 10 76 30 21 10 93 33 3 97 64 36 99 25 23 18 53 71 20 87 76 52 28 90 56 21 53 19 64 82 34 12 60 89 53 67 1 59 41 44 42 70 83 70 50 77 28 51 5 10 86 69 6 83 47 97 78 4 78 3 83 74 32 52 19 2 54 16 29 2 88 81 10 4 84 52 14 63 1 57 59 62 16 57 34 15 30 50 4 79 73 78 16 58 13 34 6 10 56 65 8 50 62 83 55 61 42 68 89 97 69 75 67 91 84 40 63 59 2 86 83 10 14 33 61 46 1 97 72 77 36 4 38 20 88 88 
36 86 99 20 73 89 7 89 53 71 92 14 80 10 42 98 80 22 28 10 27 2 39 98 83 43 14 35 21 75 70 41 62 95 39 21 4 95 91 89 51 98 75 9 50 86 42 13 16 32 79 45 66 30 43 87 53 30 87 88 92 64 98 99 95 84 22 2 2 87 96 40 7 49 85 56 98 54 7 12 84 31 64 31 23 77 81 23 57 96 29 15 45 27 57 88 88 71 29 3 68 32 51 33 73 38 2 96 31 78 65 88 40 35 63 9 2 10 84 95 49 61 15 56 82 29 73 1 95 72 39 66 10 94 83 59 5 81 3 73 50 25 47 34 37 61 54 19 6 95 79 96 83 39 26 53 10 38 77 27 70 3 31 34 29 43 24 9 55 97 68 27 61 61 80 39 29 25 17 5 41 98 95 19 14 46 39 48 31 19 97 58 68 79 83 47 30 44 99 75 
37 33 4 75 99 36 45 87 4 35 97 32 76 53 46 26 49 18 7 73 12 20 83 16 73 66 27 89 12 39 86 85 38 51 68 4 45 3 95 8 70 36 56 82 46 91 66 90 61 69 26 29 13 76 71 83 65 91 33 86 7 16 92 73 3 31 41 37 54 57 30 86 55 7 32 3 46 39 95 90 71 24 1 42 36 87 15 88 61 78 53 56 42 17 30 25 2 55 15 83 47 33 94 83 30 30 22 99 97 28 76 84 51 63 23 23 3 84 60 89 32 8 84 8 39 74 42 99 4 6 85 49 43 59 32 53 63 86 18 80 19 88 55 28 68 69 89 75 32 99 51 43 45 63 20 45 15 22 73 52 79 64 46 41 61 70 87 53 24 60 16 52 30 53 76 79 94 26 93 9 44 64 33 5 71 26 55 78 90 88 69 41 97 14 92 67 21 97 6 41 
55 12 35 45 4 81 93 24 15 88 20 88 61 7 24 42 37 41 75 9 33 5 86 12 28 99 92 54 60 2 35 3 15 38 37 66 3 70 91 79 44 76 39 82 45 28 50 2 82 78 5 34 87 38 74 25 19 56 6 51 53 7 97 99 60 64 87 54 85 88 26 72 34 4 63 64 47 81 31 82 89 21 20 94 23 31 60 68 94 8 10 53 15 24 28 60 39 1 60 45 49 95 19 86 32 81 66 70 68 27 90 68 4 78 93 24 38 42 67 25 3 64 78 95 43 13 46 68 1 57 28 72 90 53 94 8 86 20 19 34 4 25 49 46 73 61 97 57 30 34 18 82 90 36 83 14 36 33 76 11 90 44 63 71 8 19 75 22 45 28 94 91 52 34 31 98 46 79 7 31 96 65 34 24 7 34 98 44 89 47 41 71 58 70 38 78 98 55 83 13 
19 26 10 62 4 35 35 39 92 14 72 77 44 64 16 73 14 25 61 13 66 79 16 80 76 65 1 65 39 77 59 67 74 71 66 6 33 78 26 20 5 4 87 83 21 34 44 1 65 48 44 24 77 20 94 48 57 21 67 29 77 36 9 78 81 61 41 77 97 14 71 81 40 37 98 24 18 9 18 27 39 42 27 2 18 1 34 59 82 96 63 17 79 99 59 1 79 47 96 55 85 42 83 48 39 66 69 77 23 87 49 77 71 56 72 23 75 25 47 38 89 42 49 4 34 69 25 60 7 77 97 14 86 62 76 46 38 42 62 18 24 71 51 77 2 42 43 62 40 91 48 12 16 10 90 66 29 44 18 82 1 6 6 29 86 76 63 1 77 15 42 22 10 62 39 53 69 49 5 96 98 3 49 5 2 49 49 80 52 26 52 93 99 80 85 76 74 84 57 38 
19 74 90 72 68 36 50 52 7 26 58 58 93 46 11 15 92 92 17 2 94 91 37 95 57 26 6 94 30 67 71 52 89 10 21 9 67 98 14 24 83 62 16 3 80 44 24 34 45 33 3 16 52 95 16 88 85 5 52 69 73 76 64 77 23 93 91 69 43 44 99 70 84 48 6 4 66 89 13 22 7 49 38 42 57 34 49 71 32 10 90 40 38 33 16 36 11 79 21 32 38 76 73 20 1 36 45 39 94 84 43 9 69 93 40 61 53 11 5 71 89 95 36 85 66 43 92 57 44 21 24 77 94 99 2 3 23 81 51 88 7 34 82 23 23 21 24 52 79 31 47 18 49 15 6 84 97 9 61 71 16 73 18 83 52 18 50 46 42 38 39 32 43 42 97 92 59 84 7 93 78 97 44 41 2 21 16 16 73 35 87 5 15 88 18 30 52 34 86 80 
46 28 93 68 20 82 48 23 82 71 22 4 22 11 22 73 25 97 35 2 43 62 84 19 37 27 87 78 43 63 11 8 23 45 25 66 20 8 64 4 23 1 80 13 11 49 98 86 19 6 75 76 90 9 54 47 32 37 22 33 74 69 64 92 22 36 21 68 17 80 46 41 86 9 61 86 10 52 12 29 64 22 22 3 86 62 56 5 31 10 70 49 19 50 69 29 2 70 64 68 16 20 27 79 33 63 48 19 26 40 92 46 18 16 57 75 40 43 23 34 89 16 15 22 83 25 59 62 19 17 36 60 24 46 36 62 18 37 21 6 66 32 74 81 37 57 61 86 56 70 84 81 65 23 38 46 76 14 66 36 30 45 19 40 50 79 8 35 99 96 63 41 38 48 88 80 79 15 18 33 43 64 73 90 16 3 20 15 4 36 21 95 92 25 94 2 99 38 73 41 
51 26 97 29 28 77 91 16 99 95 80 90 16 4 60 50 39 21 30 30 25 42 73 80 5 19 37 51 62 43 16 69 24 25 33 24 29 77 21 48 21 94 99 93 21 36 63 19 15 5 59 70 31 32 66 57 22 53 81 38 46 95 96 4 50 55 82 52 48 80 68 73 5 50 22 34 16 58 37 50 88 94 6 78 23 23 8 88 94 66 85 50 36 86 28 12 16 65 55 83 21 83 93 17 38 9 59 84 35 68 41 66 43 36 81 27 35 13 57 97 9 7 57 58 68 14 70 17 6 1 62 92 81 85 56 98 4 18 19 18 14 62 36 90 65 78 96 89 3 1 74 9 48 23 9 36 77 75 83 40 6 12 13 52 65 83 19 43 88 27 14 8 87 40 81 44 39 69 60 39 62 83 21 42 98 60 48 55 99 68 27 6 1 44 17 34 9 74 39 72 
28 30 36 51 88 38 84 36 11 88 19 49 14 91 38 28 77 36 57 88 52 91 9 30 59 14 54 42 98 54 88 12 59 64 43 32 22 98 96 1 62 29 80 34 66 43 81 71 27 54 51 76 55 8 13 51 87 86 65 36 88 17 91 19 57 75 62 42 39 93 44 7 25 68 5 78 61 63 21 95 55 18 83 75 82 53 3 20 89 77 16 20 7 92 93 64 48 2 45 47 18 12 26 67 24 45 42 44 73 42 59 16 88 66 4 50 8 16 77 50 91 25 54 57 32 70 92 62 56 81 42 8 34 41 44 95 84 97 44 94 79 65 95 44 53 37 65 63 8 84 39 54 18 67 33 12 38 38 92 25 9 52 4 88 63 70 99 5 33 63 62 92 54 24 32 94 74 69 16 77 58 46 88 46 94 42 2 45 1 84 91 66 30 54 81 52 79 87 92 8 
67 9 31 53 32 13 11 85 55 79 87 46 89 47 58 46 89 33 95 87 50 59 71 95 30 86 91 50 89 44 28 13 18 61 45 64 66 2 37 31 77 88 56 19 20 41 44 43 17 5 61 60 76 80 22 98 26 57 25 91 41 44 81 7 77 99 49 76 4 65 63 33 29 93 67 35 37 83 42 1 17 8 43 42 95 47 25 91 65 20 76 36 18 14 51 45 76 16 97 8 24 46 93 58 38 86 72 11 18 16 58 86 20 34 95 51 86 3 82 42 76 66 98 97 97 93 39 94 41 1 44 74 6 84 31 74 34 59 26 62 43 78 94 66 55 75 73 4 28 86 1 15 88 88 47 94 61 26 50 22 2 45 41 91 27 24 79 46 45 3 82 8 89 15 56 7 49 22 30 15 99 41 81 77 31 75 75 42 86 51 88 91 88 42 45 76 67 5 44 41 
7 28 54 70 70 38 95 89 27 72 76 90 88 16 6 64 96 27 43 55 72 3 59 23 75 27 93 92 60 31 7 13 33 47 37 17 6 69 60 69 56 3 43 33 78 26 98 18 45 46 46 38 58 50 63 71 13 69 45 13 43 28 59 32 87 5 3 30 42 85 57 93 13 23 46 52 78 87 90 35 43 32 66 29 92 38 58 28 50 80 18 99 35 79 21 31 17 58 20 93 72 95 5 92 42 89 56 28 85 6 2 49 38 41 73 10 68 72 63 27 32 18 82 35 29 92 11 43 63 63 59 88 91 6 24 99 87 60 42 44 91 89 50 90 72 31 36 64 80 59 1 99 2 37 8 2 22 72 48 97 72 77 88 97 94 23 33 46 93 92 74 81 93 43 57 92 92 59 26 73 23 8 86 78 6 95 64 80 6 28 53 29 88 58 79 2 76 53 52 63 
31 53 98 97 46 27 51 7 32 19 43 66 44 60 50 90 70 71 18 75 10 41 41 71 50 5 49 72 54 33 83 93 41 6 81 51 60 98 57 48 84 59 80 50 79 92 63 72 93 42 33 53 34 67 22 46 51 29 44 89 17 68 76 96 9 89 41 32 89 39 86 96 89 88 69 3 85 16 35 62 86 84 97 64 10 30 25 57 64 35 14 29 35 12 77 88 57 88 24 50 5 83 36 11 68 91 56 31 35 63 64 22 72 86 60 18 9 65 46 65 14 8 5 99 82 98 84 30 10 88 77 16 80 68 4 52 44 55 89 48 98 72 49 10 72 31 68 23 4 8 84 30 22 33 66 14 31 64 95 81 88 73 51 39 87 27 87 80 39 63 16 62 51 77 86 88 11 4 69 91 67 92 38 12 11 94 45 80 54 43 9 2 17 30 91 30 1 95 84 56 
18 99 99 90 19 37 42 66 35 68 13 20 97 24 80 49 88 73 63 42 41 26 37 84 47 41 39 60 66 32 76 63 30 74 29 2 46 10 61 3 9 53 23 22 1 99 59 45 6 32 14 1 6 22 37 60 95 43 94 47 84 72 65 43 5 97 59 94 15 23 15 18 10 78 7 5 25 23 57 32 41 50 34 65 94 97 66 63 78 50 42 89 54 48 19 14 54 93 30 19 89 54 90 11 53 72 3 20 32 69 61 11 9 55 64 86 70 27 12 96 10 86 20 40 40 35 23 75 93 88 78 26 32 77 77 83 51 58 48 18 86 16 62 81 23 71 41 17 95 88 62 59 3 78 68 48 5 9 66 30 35 8 43 66 7 69 64 37 17 63 82 49 51 37 47 46 95 26 4 6 36 55 7 53 70 52 23 65 11 46 38 78 92 77 63 90 77 6 38 70 
1 83 11 74 72 80 39 36 65 90 60 44 72 26 95 94 21 78 12 33 8 51 63 79 23 90 14 63 87 16 72 53 80 53 24 87 75 63 58 9 64 76 5 91 94 19 63 74 99 51 31 93 27 90 39 10 72 52 81 45 10 70 46 10 24 37 46 32 40 30 51 97 55 46 19 71 72 28 28 34 25 2 5 12 17 4 59 9 48 12 15 37 45 78 37 48 97 62 68 63 84 58 58 7 7 27 93 38 20 31 30 77 63 60 25 43 93 67 65 80 15 97 5 92 9 20 86 72 67 59 83 33 24 27 23 41 82 50 21 45 54 6 12 8 81 53 82 40 74 60 98 28 42 39 42 64 18 74 36 86 1 57 81 96 74 15 85 3 51 42 91 46 91 33 15 31 45 12 68 58 75 62 1 55 93 64 19 9 88 19 27 93 62 83 54 8 54 2 86 97 
2 71 29 64 60 30 50 30 2 21 21 57 27 61 21 41 9 67 82 9 53 16 47 72 52 92 22 84 39 56 33 95 50 89 85 12 72 58 19 46 10 65 61 82 31 11 86 25 29 43 71 55 78 18 54 93 91 57 82 50 72 98 80 81 74 57 96 50 56 82 64 78 39 10 56 6 63 18 42 42 40 90 43 29 16 64 89 90 19 91 77 96 25 94 22 10 6 21 18 50 91 98 93 46 22 96 64 93 6 77 95 12 75 55 54 97 45 48 63 83 65 43 63 93 78 41 65 1 78 23 8 79 62 1 12 68 90 72 42 17 41 84 54 53 67 81 60 31 51 65 79 89 63 54 96 11 16 31 16 73 22 10 21 10 48 81 29 64 75 80 45 46 50 32 24 87 46 14 20 99 14 11 47 31 44 70 34 18 19 60 81 48 69 24 16 10 33 38 49 54 
98 39 68 21 99 93 41 88 36 64 99 41 71 24 58 4 43 46 93 48 39 92 28 70 80 92 5 76 7 22 76 58 53 85 79 80 30 1 22 57 11 75 60 36 6 91 81 77 48 85 85 37 75 27 65 48 8 6 88 1 30 7 78 22 74 97 97 61 2 5 24 68 80 95 37 76 69 63 96 79 2 2 26 21 58 93 90 67 60 88 79 93 38 81 90 63 24 99 7 11 24 78 81 20 5 48 14 10 75 9 39 10 62 18 2 48 97 67 38 26 97 64 64 4 43 17 47 81 61 12 93 76 7 94 29 10 46 54 77 83 32 3 43 65 90 57 95 64 3 19 45 21 81 56 27 79 54 87 82 73 46 57 42 7 62 25 3 35 62 37 11 46 49 17 45 42 48 41 94 20 84 21 44 51 70 86 52 66 81 64 33 36 40 60 38 48 97 42 37 93 
46 91 47 58 27 39 92 36 12 51 89 82 42 32 82 20 15 3 27 98 94 18 94 99 15 61 81 42 85 62 15 87 98 93 54 48 37 83 5 92 79 18 20 53 4 49 7 29 96 4 32 96 61 81 34 12 18 71 20 20 16 51 80 57 35 95 89 63 97 82 15 82 68 99 23 72 64 50 83 8 63 59 78 90 2 81 8 52 92 4 93 64 21 54 87 40 56 10 78 44 57 98 97 95 78 10 23 77 76 96 89 42 14 85 92 17 68 80 92 10 39 70 28 15 51 35 12 25 61 50 48 27 68 96 29 19 13 62 47 8 89 52 2 23 50 93 98 16 12 42 64 70 60 86 48 10 58 56 30 97 54 30 23 51 80 38 84 40 69 69 22 1 54 80 93 36 72 98 23 25 81 30 98 25 54 63 81 86 93 82 16 49 33 63 29 54 46 86 40 49 
98 39 42 62 1 73 48 54 75 81 54 29 29 97 34 83 56 67 15 44 76 77 9 90 56 85 49 92 48 54 16 38 20 81 69 66 82 28 81 95 26 57 68 62 48 56 17 42 87 75 22 89 50 54 14 63 48 54 90 61 24 93 48 51 85 71 15 1 37 6 77 10 10 61 19 39 92 80 44 46 64 16 12 13 25 61 70 77 25 85 83 68 1 55 64 30 99 77 7 60 20 23 15 36 31 59 37 49 16 84 93 35 92 54 13 5 53 17 57 76 91 43 57 5 33 56 43 16 67 66 73 34 83 95 71 17 93 19 49 84 70 86 46 52 75 58 54 58 90 37 53 1 51 95 41 62 74 14 63 49 91 3 46 14 82 41 27 93 2 7 86 37 12 3 79 37 17 93 64 63 90 37 38 90 8 9 64 33 78 42 4 72 76 53 51 92 70 75 60 9 
14 35 29 48 32 85 92 99 6 51 94 14 72 39 53 68 22 10 63 66 45 25 53 96 92 13 37 85 35 15 75 57 11 50 30 88 92 67 19 65 34 2 72 36 33 31 93 71 83 35 8 22 34 46 26 69 44 9 94 84 39 37 56 87 66 68 4 98 53 22 37 97 62 51 21 77 48 5 38 6 12 79 47 75 58 79 39 62 54 69 94 83 82 31 38 52 97 23 93 34 83 31 43 3 10 31 84 97 88 41 80 78 26 76 24 82 87 11 87 82 44 28 82 38 36 79 16 58 26 44 44 52 53 77 32 88 96 74 7 51 23 22 17 94 47 56 84 1 90 19 64 36 32 15 2 6 69 64 83 13 69 65 99 11 33 44 96 62 41 14 34 97 21 31 41 63 94 51 72 87 38 87 65 31 39 62 97 44 50 67 37 23 49 18 6 65 89 11 33 31 
6 58 19 99 63 16 99 90 81 10 64 81 97 47 96 67 90 85 62 84 57 9 84 84 94 8 32 21 83 66 93 26 70 39 64 96 42 32 25 72 17 88 20 16 18 63 47 97 55 12 30 74 13 63 3 72 24 9 93 65 55 78 3 61 84 25 84 77 87 3 29 25 16 51 43 92 77 74 32 21 19 24 81 90 10 77 36 98 16 24 83 45 90 40 33 7 47 77 99 25 47 38 84 85 74 58 54 95 25 89 25 72 80 82 41 17 93 61 58 1 67 13 23 43 38 62 56 97 56 57 34 26 67 48 65 86 91 69 78 11 9 20 97 86 37 47 30 39 12 25 40 11 74 36 36 46 45 53 47 69 9 23 9 65 96 43 43 65 64 44 36 23 76 75 24 98 85 79 72 41 14 78 56 66 37 53 44 39 59 25 76 56 3 36 48 28 82 33 90 55 
17 65 9 89 56 11 59 66 67 79 29 80 37 37 87 87 44 82 3 31 70 53 44 44 2 33 92 60 38 55 42 18 97 13 11 65 23 63 44 69 89 34 23 19 9 28 67 35 38 32 46 71 82 22 79 27 4 69 48 47 29 48 98 35 51 38 49 51 40 34 95 25 45 53 19 61 4 36 92 41 49 57 82 33 14 33 62 99 34 22 13 1 62 34 32 98 68 41 37 71 46 73 76 10 22 38 31 32 60 13 25 82 68 62 26 43 4 38 57 40 80 89 1 45 76 64 5 86 35 22 88 52 79 33 50 99 9 88 72 57 16 9 29 34 81 45 88 27 89 88 26 23 31 73 24 8 8 89 80 72 41 82 16 20 77 61 80 69 95 7 56 62 9 75 67 73 77 9 84 10 11 34 33 23 74 75 95 13 96 61 22 33 74 23 34 99 80 11 30 94 
88 7 93 27 31 29 7 88 93 17 53 71 85 98 11 7 84 69 41 59 69 19 21 53 50 63 77 5 99 78 14 55 86 28 44 1 3 98 23 24 99 28 78 26 13 36 41 54 1 58 75 40 69 76 15 24 10 49 88 88 24 42 54 91 56 61 30 95 31 83 24 1 74 89 67 71 56 89 46 75 10 61 28 8 71 77 2 26 11 37 97 78 58 98 29 41 39 10 17 42 5 38 24 96 61 5 86 39 6 13 43 49 52 81 65 90 66 73 95 37 93 31 69 5 96 3 52 83 77 77 71 69 17 15 41 92 1 78 3 55 54 60 47 54 70 23 53 18 44 20 14 37 99 35 70 94 28 8 42 95 12 68 59 4 58 69 90 67 34 14 81 50 92 86 76 69 6 89 58 19 96 70 74 5 71 52 68 77 46 67 15 58 83 87 47 77 21 55 89 97 
7 40 46 4 12 58 94 31 56 63 28 63 66 12 64 25 16 79 45 86 80 25 94 30 93 40 71 96 6 7 28 51 36 58 67 32 32 30 96 9 26 16 85 42 89 29 21 35 90 54 65 93 48 6 11 78 91 81 37 65 15 23 66 99 32 68 20 52 36 11 74 76 53 51 19 62 98 60 12 95 36 30 33 15 28 30 45 63 99 66 46 48 87 38 30 96 3 89 35 12 81 70 10 28 43 90 61 68 50 76 18 2 59 26 79 97 77 67 77 80 24 15 30 89 82 22 99 36 55 41 45 53 24 79 84 57 5 53 45 6 2 45 22 48 67 62 37 83 53 88 90 23 73 45 21 35 55 43 58 12 95 42 83 21 22 6 81 61 44 57 1 19 11 37 7 28 67 58 38 20 13 62 67 85 54 78 50 27 63 72 88 20 32 13 80 60 33 20 82 32 
37 68 17 7 76 20 84 20 25 41 83 4 30 46 68 55 73 63 14 30 45 15 97 16 32 2 83 18 92 79 99 39 43 44 20 64 37 13 45 37 46 1 88 41 41 9 51 87 75 99 6 87 62 81 78 42 60 89 30 15 51 65 35 21 25 41 66 3 56 16 73 15 90 43 66 4 21 7 91 86 71 6 23 38 80 33 33 66 79 59 78 97 71 12 84 55 19 55 19 44 21 77 80 28 92 65 75 12 52 87 2 25 96 78 26 2 86 17 70 60 23 9 89 87 36 64 56 17 59 86 37 12 14 46 76 48 87 65 78 89 22 98 89 77 86 17 73 4 63 81 1 98 28 34 25 9 32 71 62 77 81 31 80 29 21 68 70 47 11 41 35 59 15 88 65 14 75 17 27 65 96 73 36 52 29 34 42 82 44 81 12 9 21 86 9 16 28 91 73 98 
75 73 28 50 67 74 30 56 94 8 51 36 70 42 82 29 63 13 22 44 3 31 82 70 85 88 95 81 81 67 22 42 41 41 52 11 1 82 19 53 87 73 98 42 30 7 20 67 58 93 69 40 15 72 96 98 61 10 23 19 80 14 46 14 84 32 47 45 24 66 95 29 90 72 55 38 24 68 94 13 18 42 86 66 31 58 22 87 84 58 9 51 75 75 82 24 81 36 14 66 63 64 8 46 77 92 21 36 76 65 55 29 20 47 76 36 75 27 10 99 30 23 53 93 93 92 81 36 7 39 51 88 44 13 9 68 25 22 95 51 16 37 55 78 38 96 38 63 73 16 11 97 73 90 58 59 59 4 93 13 36 32 62 24 91 53 47 59 9 50 80 94 65 21 42 24 48 79 72 60 52 65 75 47 90 51 24 60 99 45 69 19 47 1 46 86 33 21 75 81 
71 16 76 68 50 6 5 45 82 15 74 23 88 58 37 23 61 93 84 21 98 52 80 88 38 74 89 17 79 38 11 53 25 89 5 27 8 75 32 84 20 76 78 21 47 34 85 9 99 83 89 31 41 87 42 11 26 64 52 44 20 21 7 30 42 81 12 5 91 24 17 68 77 6 49 18 51 97 43 81 40 15 74 44 75 47 88 84 23 93 33 3 21 88 88 52 3 36 2 70 32 43 13 13 35 44 90 80 31 41 62 56 63 28 44 28 28 22 72 28 10 2 36 61 12 31 9 33 83 93 76 88 55 22 73 34 71 34 7 75 15 56 97 49 47 64 2 47 30 4 47 56 65 32 66 84 21 42 22 91 64 94 43 26 92 54 52 48 64 15 3 69 32 35 3 76 70 65 51 69 9 84 69 86 66 25 28 39 77 11 82 43 24 81 3 49 71 30 5 72 
45 37 92 64 50 71 65 60 39 15 72 50 67 17 84 61 58 46 69 20 64 50 48 8 17 10 55 19 87 95 88 14 42 25 68 80 95 16 96 83 74 47 9 28 62 12 33 10 69 74 43 74 75 25 19 73 95 40 98 20 35 34 40 45 39 20 70 55 57 59 47 86 95 27 14 60 72 58 55 44 76 13 52 3 23 27 41 58 8 70 69 41 67 3 49 54 30 30 16 22 77 59 85 49 96 60 6 79 39 13 20 47 75 70 16 39 52 15 86 44 48 9 87 16 30 57 86 23 11 61 27 11 2 73 80 54 73 54 5 17 9 32 96 2 61 53 53 14 8 43 25 15 11 61 71 74 68 55 21 33 74 22 22 54 74 57 3 84 20 17 29 5 26 73 55 88 27 68 84 60 34 71 24 50 89 35 42 49 25 54 22 66 17 18 20 85 40 67 22 22 
11 94 65 19 65 51 13 68 34 14 10 41 81 38 44 34 18 85 97 44 87 7 18 44 41 17 7 66 23 86 95 83 51 11 34 89 96 3 61 82 67 65 97 43 88 78 18 18 80 74 37 99 47 27 88 10 49 27 9 78 92 62 16 26 4 6 92 44 16 89 66 77 45 91 88 6 76 12 22 23 43 58 15 19 6 26 88 62 38 77 13 82 5 25 90 46 43 13 40 42 45 96 73 65 39 26 79 90 68 25 4 59 77 73 31 61 86 87 66 12 80 5 15 37 82 59 66 52 41 68 73 45 9 10 33 55 22 5 68 56 87 2 11 39 57 53 81 88 13 97 68 69 48 44 15 4 48 50 92 56 70 7 90 12 28 12 90 56 67 63 52 64 55 28 91 70 54 33 64 59 6 40 44 43 15 30 8 43 25 83 16 68 4 62 88 3 26 90 95 81 
78 96 18 54 21 49 13 97 29 37 54 35 66 13 88 78 41 56 10 28 8 83 58 70 71 54 33 86 99 75 96 61 25 9 76 86 51 77 79 68 60 71 91 33 19 56 85 33 86 74 31 55 16 56 94 24 65 24 51 11 2 97 87 37 9 3 9 83 91 76 46 93 81 71 62 82 49 64 55 42 1 64 70 46 91 13 1 58 31 96 96 36 87 48 69 42 93 56 3 44 55 71 51 24 57 11 53 84 68 63 35 56 46 1 16 2 48 79 14 22 33 47 56 65 69 52 81 29 42 45 46 70 57 89 32 10 51 66 54 40 90 78 63 27 87 60 54 23 98 80 73 68 33 52 21 96 60 35 61 46 17 44 28 62 10 56 29 3 24 14 53 48 30 36 78 5 88 18 75 12 56 43 16 46 95 86 76 33 75 23 46 47 83 29 36 21 27 95 77 53 
22 13 77 9 94 45 1 97 88 32 3 86 60 78 1 49 70 37 32 77 14 43 83 7 53 42 24 50 47 22 34 28 83 44 42 2 8 76 48 3 61 23 62 65 4 55 28 55 49 42 63 6 97 85 82 42 64 47 35 20 12 81 31 52 82 67 74 40 27 38 97 7 39 14 86 28 81 32 17 61 24 79 82 80 69 24 29 3 87 43 83 26 45 57 84 53 37 63 17 27 19 59 39 63 37 82 19 78 60 38 58 21 11 28 32 6 96 85 15 44 40 6 10 71 12 76 87 84 61 9 10 67 49 68 65 27 73 10 99 20 8 3 45 87 28 66 54 87 46 1 29 19 38 17 55 60 79 68 30 1 74 84 94 65 83 95 67 51 63 73 70 57 88 54 67 17 89 73 87 27 83 96 65 80 98 53 61 97 16 62 5 55 90 67 14 24 89 69 35 89 
31 2 77 76 42 44 1 3 78 39 94 25 58 69 27 28 16 63 64 70 62 49 26 39 38 11 38 8 71 49 94 89 33 31 7 95 92 51 66 93 76 86 97 57 21 50 15 31 32 54 79 79 39 56 53 47 53 25 59 14 22 91 33 50 84 6 83 74 30 94 45 11 55 16 37 42 16 16 19 67 87 87 45 58 20 22 24 18 91 69 70 32 70 91 67 28 65 22 16 33 86 19 95 26 97 23 22 97 75 12 96 5 64 59 69 26 34 91 93 20 34 37 79 80 48 93 52 92 59 73 10 88 92 68 75 7 84 1 57 44 31 80 5 13 45 64 60 1 16 8 21 23 62 25 93 79 89 41 46 13 47 55 72 63 82 88 40 24 99 45 51 1 15 68 99 62 11 96 23 4 96 17 62 96 59 25 19 48 24 80 7 59 11 61 12 74 86 23 47 47 
63 17 97 23 32 80 3 87 55 48 56 49 87 21 20 75 71 27 39 95 23 93 20 86 10 39 13 48 36 46 92 92 17 45 40 15 68 96 23 85 81 72 78 23 8 34 91 78 38 19 79 18 87 18 73 4 69 55 93 70 85 75 39 14 1 20 62 67 26 9 55 83 2 23 25 18 77 85 82 6 91 44 17 50 54 48 79 95 30 34 66 14 16 5 96 85 25 13 97 78 66 38 82 31 29 72 33 33 57 98 79 7 40 73 85 88 83 8 25 10 1 47 66 75 85 57 53 53 99 96 82 45 50 9 92 74 71 93 35 66 8 95 66 29 94 80 20 32 36 20 94 93 92 69 30 54 56 54 92 65 36 45 52 64 36 43 68 61 40 59 68 15 88 98 29 19 64 37 57 78 71 7 73 95 15 72 91 47 87 20 99 69 43 29 40 36 85 63 96 40 
78 35 35 86 89 54 26 2 55 3 81 27 63 39 88 91 53 39 41 44 22 99 42 55 31 47 12 32 13 39 95 15 76 78 66 89 12 12 36 92 1 40 56 15 18 23 29 13 42 86 9 10 59 30 13 4 68 28 25 75 90 41 5 91 71 22 87 16 90 18 98 8 68 80 52 36 67 70 64 81 6 66 52 43 55 64 48 45 54 93 97 45 13 14 72 35 15 28 74 52 28 84 38 85 10 86 45 77 13 95 21 34 91 39 49 31 9 17 73 19 39 7 4 30 81 69 25 82 57 59 1 89 23 26 81 64 75 22 9 27 55 11 25 10 53 70 75 63 22 1 16 63 74 30 20 18 96 22 87 71 49 80 44 14 78 55 53 82 17 50 22 74 93 30 3 47 40 22 5 27 93 29 98 16 10 29 23 96 59 85 85 42 43 54 79 14 93 85 80 79 
55 33 68 45 29 29 74 58 3 62 68 66 17 57 40 90 70 17 3 47 50 51 28 78 67 16 70 81 81 36 4 43 37 41 52 67 93 95 17 12 54 28 13 14 3 68 97 23 27 72 1 36 58 55 59 21 95 25 44 56 42 12 97 56 34 98 58 7 70 53 94 90 47 59 37 26 89 50 10 90 76 35 59 60 79 34 89 33 91 8 87 65 55 91 61 1 98 21 65 3 63 68 35 84 35 72 19 43 80 68 6 84 70 21 59 63 20 53 48 7 10 80 78 50 26 40 23 67 86 24 52 97 75 8 69 86 71 83 38 7 79 90 15 95 65 46 78 86 81 79 64 34 3 59 95 53 55 26 11 46 50 26 97 33 12 38 25 86 10 9 73 58 91 81 64 16 13 28 95 69 68 79 67 5 25 60 19 15 50 15 55 30 45 42 80 50 75 25 32 76 
60 25 86 84 22 60 88 3 45 74 76 39 39 18 61 85 4 37 72 4 89 26 17 83 47 83 33 98 89 71 45 64 47 70 27 87 21 34 49 33 43 47 41 70 29 80 44 37 36 48 73 87 21 65 63 59 91 1 37 18 70 35 51 24 41 18 60 79 14 23 67 93 77 4 83 30 54 52 84 69 59 52 63 64 54 36 90 92 8 43 67 19 45 74 86 43 11 48 80 67 20 58 87 40 18 27 1 23 35 66 25 40 43 30 38 39 12 68 41 42 64 92 19 7 36 21 93 80 26 43 83 56 57 71 55 31 33 98 85 57 89 55 11 7 56 63 91 20 11 95 61 63 32 31 85 89 61 9 20 90 56 85 62 55 47 95 14 22 93 99 32 41 39 49 87 26 70 35 20 13 71 49 94 14 78 41 62 74 40 67 8 33 71 57 13 69 9 62 9 71 
6 12 48 31 93 51 63 35 14 58 90 73 51 54 72 18 47 29 48 93 84 18 36 65 65 83 17 17 92 98 12 29 51 26 65 65 89 98 26 51 5 5 30 56 14 64 78 72 47 15 20 1 22 88 36 28 23 95 14 8 89 8 37 46 92 34 60 79 17 7 92 55 40 60 78 15 20 13 79 74 68 49 57 6 37 99 49 20 99 22 56 43 28 85 21 3 78 47 7 9 71 36 84 31 69 35 8 84 65 59 1 7 56 43 31 43 30 12 99 27 43 73 17 56 6 92 83 83 56 74 76 88 51 46 24 65 40 39 91 1 48 65 62 56 60 6 15 49 97 85 10 34 3 58 67 84 19 87 50 72 73 26 42 53 55 98 35 42 99 82 3 98 67 90 87 7 27 49 81 57 37 81 3 27 24 88 81 61 67 32 41 56 77 13 77 39 79 52 39 47 
86 74 77 12 38 4 5 15 93 64 27 37 74 93 96 2 92 56 58 16 50 47 52 68 51 4 21 43 7 8 20 22 38 91 16 89 88 47 99 46 24 28 92 4 41 62 47 1 78 50 56 7 14 77 63 25 76 19 61 1 53 45 6 31 92 25 15 63 12 40 80 9 3 83 73 46 40 68 47 27 85 36 48 80 93 59 17 27 20 51 98 73 26 70 49 29 87 26 39 7 95 84 59 31 70 80 33 41 59 13 13 5 52 63 95 14 78 92 25 99 20 50 95 35 14 84 64 43 60 43 51 97 29 81 50 36 62 69 33 64 87 97 55 60 17 84 63 80 57 77 1 69 15 68 16 63 5 89 62 97 51 30 15 10 98 31 65 52 19 3 38 91 13 23 88 20 17 48 14 57 17 17 59 62 43 54 22 33 85 85 58 19 96 35 92 21 95 34 20 4 
66 15 49 53 14 88 51 23 42 39 15 44 38 53 33 94 29 55 47 49 10 29 88 13 76 57 1 51 56 49 77 25 40 71 89 17 12 81 18 65 81 58 85 94 17 29 84 47 72 9 16 16 22 24 11 70 91 48 69 95 85 32 87 16 25 35 89 31 73 54 62 46 68 59 80 3 57 22 43 9 23 45 2 73 19 99 93 33 98 49 71 87 48 85 36 30 14 59 65 76 40 10 50 96 94 97 18 48 1 36 73 9 72 20 21 99 42 60 3 28 90 13 24 7 83 12 89 96 97 97 33 30 54 51 47 43 50 26 15 11 89 75 43 74 13 85 90 75 33 10 4 83 59 93 43 32 35 15 16 45 67 4 10 71 57 83 20 16 28 98 85 68 64 43 17 37 36 96 28 78 32 51 65 30 94 46 45 42 44 98 80 3 16 32 10 80 88 11 36 44 
10 88 20 81 40 84 21 11 2 91 92 23 20 57 22 56 6 99 61 45 20 56 89 72 24 45 65 28 36 20 84 67 93 24 36 63 1 50 58 66 93 95 93 58 87 15 47 10 41 83 44 35 8 45 81 50 92 75 86 27 12 35 75 53 44 24 7 84 90 43 37 2 30 44 80 70 73 92 61 90 23 17 72 61 27 71 31 29 36 85 35 49 59 29 20 40 21 59 13 40 16 82 90 61 68 9 36 51 83 9 94 44 8 71 27 19 84 53 70 54 9 46 93 88 84 23 50 71 79 98 37 23 83 87 50 89 65 57 43 97 25 84 79 15 54 14 90 2 88 13 33 70 69 26 44 40 94 35 97 92 76 13 60 30 1 79 48 30 78 60 82 3 6 38 48 47 18 16 45 5 46 66 49 22 74 93 68 97 97 84 95 46 71 70 66 53 74 76 16 28 
72 42 51 23 5 55 95 49 75 88 14 18 13 28 98 9 95 93 83 75 33 17 24 26 46 27 78 4 50 28 87 68 35 80 60 78 46 85 51 71 65 64 40 47 95 37 20 44 37 9 70 27 72 48 46 63 45 67 51 7 42 6 27 77 76 11 28 44 67 17 5 4 19 30 88 67 6 9 67 33 51 40 70 75 10 29 48 22 49 72 53 37 29 45 24 1 83 79 62 92 6 46 19 69 21 35 70 51 78 40 3 97 23 34 92 92 82 56 89 25 45 88 92 68 46 43 38 62 41 35 75 97 94 70 53 90 57 26 95 72 48 29 85 61 37 38 49 53 23 28 31 94 18 65 80 72 28 97 30 84 34 25 77 31 70 88 67 90 13 51 73 2 51 73 76 46 79 1 48 28 67 41 33 55 52 50 26 22 11 6 59 88 46 96 76 65 68 97 22 90 
