200 20
90 33 82 49 2 42 82 48 70 56 45 91 25 86 45 25 22 71 1 84 80 10 22 48 35 15 50 72 72 50 8 40 80 78 32 5 89 4 30 31 15 15 14 41 3 27 49 58 73 30 96 49 65 30 58 68 77 92 17 3 14 85 83 14 29 26 40 83 68 20 83 57 15 12 68 83 31 21 50 66 3 90 33 99 85 30 8 18 44 59 1 38 99 50 13 98 73 73 69 12 26 40 56 99 7 47 71 42 95 18 61 21 45 50 70 60 26 57 81 72 70 13 63 2 16 92 8 68 49 21 80 11 47 13 59 33 28 19 83 42 84 67 91 98 38 10 69 55 75 62 91 4 94 53 66 18 49 62 78 96 93 67 34 8 21 87 5 32 14 27 68 8 84 19 56 72 18 67 94 9 19 93 50 88 52 79 72 13 86 8 38 59 43 12 94 25 32 14 4 70 
87 62 73 48 36 6 9 85 30 28 40 91 90 90 59 33 62 70 89 49 26 73 99 67 19 53 26 26 55 36 90 87 43 30 19 63 6 51 59 30 96 40 99 46 21 79 92 73 52 15 65 94 55 70 44 32 98 73 74 68 79 64 33 62 37 24 52 69 77 87 38 58 84 65 87 34 47 59 7 52 71 83 33 40 3 83 48 16 41 54 4 6 67 57 36 62 53 42 82 85 84 63 7 40 78 1 12 74 6 76 62 40 5 73 2 8 2 57 70 89 32 92 25 56 54 59 58 57 74 78 18 34 60 23 21 48 61 41 80 91 29 76 17 9 35 80 80 18 87 39 67 24 52 84 44 43 72 19 59 18 84 30 66 36 38 13 42 52 17 84 4 4 51 6 29 30 46 2 76 91 92 74 1 90 87 27 71 86 56 80 97 16 67 93 38 13 53 79 26 24 
85 8 90 90 16 65 10 10 88 11 46 6 85 56 82 56 86 69 44 96 63 73 97 9 74 37 41 21 56 68 99 96 20 12 16 33 42 38 50 48 60 39 66 82 66 23 33 84 2 7 11 14 48 12 51 24 24 52 88 66 74 35 31 77 72 53 58 76 4 72 15 55 66 36 1 74 63 47 68 57 94 71 15 85 53 26 76 85 17 76 22 31 42 25 45 31 60 11 60 27 68 1 98 84 26 82 93 87 43 59 83 30 82 43 1 17 46 49 66 48 71 89 84 19 27 66 34 12 2 66 65 91 6 51 92 93 56 59 86 27 74 89 70 58 83 3 11 14 94 11 14 67 6 74 19 36 96 92 91 76 16 99 16 73 82 56 91 37 74 46 24 98 25 68 22 97 15 30 87 81 66 41 12 98 38 10 69 88 19 33 10 78 19 91 54 78 66 45 86 70 
54 26 28 63 21 34 35 68 11 12 47 49 69 71 59 9 34 19 91 28 2 28 59 35 94 2 38 78 37 47 37 91 14 41 64 61 48 99 96 98 64 47 48 8 58 83 41 53 68 55 71 30 42 21 79 30 4 26 17 14 26 62 18 78 95 47 66 25 87 84 66 27 25 36 8 2 56 90 36 77 20 32 26 62 14 10 40 12 64 5 10 98 92 98 92 84 89 47 50 82 77 41 10 31 82 81 38 59 3 45 9 59 78 54 67 52 57 46 8 57 66 41 32 61 78 9 28 86 84 42 29 61 58 21 91 87 27 84 56 8 38 98 22 75 33 23 13 27 12 83 45 44 99 37 99 27 23 44 86 62 72 35 19 89 70 77 76 74 47 49 75 73 2 4 42 5 74 40 75 15 17 72 18 50 55 95 25 25 66 57 35 87 40 27 34 93 54 61 28 69 
18 56 59 79 99 74 86 69 87 87 56 33 91 62 72 33 75 41 69 30 99 87 46 25 66 31 17 10 61 7 52 4 2 5 24 99 73 9 47 9 81 43 25 5 89 15 91 66 65 59 59 18 22 81 56 81 66 1 76 12 39 95 19 44 59 45 33 41 69 77 64 28 75 6 93 46 96 80 86 87 4 26 31 47 65 90 85 60 90 84 24 50 75 27 72 68 42 90 60 42 85 42 62 15 18 88 37 91 12 20 79 85 41 53 57 54 29 77 58 50 88 93 32 63 68 64 37 61 96 52 80 38 21 65 64 54 58 3 29 80 34 95 96 45 26 52 14 74 12 3 96 36 9 41 75 86 19 69 37 11 73 42 66 67 75 9 95 33 45 60 43 48 61 68 60 55 8 35 73 46 13 29 27 6 99 37 29 57 25 2 96 2 22 70 93 65 49 33 80 40 
77 4 96 66 41 75 8 74 11 1 40 31 36 33 71 18 31 10 9 11 99 75 6 97 48 94 79 2 9 73 31 93 58 80 65 15 34 60 7 97 51 58 21 77 30 34 31 18 3 83 38 27 43 57 40 76 78 75 49 19 10 53 11 9 32 16 24 21 53 15 58 65 9 52 72 13 86 94 36 9 40 95 44 92 12 11 38 17 49 21 25 68 22 46 95 83 45 68 44 66 95 46 82 12 29 39 65 22 3 22 7 24 89 3 95 89 2 47 19 53 5 89 78 34 41 60 8 48 42 95 95 36 56 64 1 71 58 79 71 88 73 25 64 97 96 65 65 3 8 73 5 19 93 41 79 97 63 5 67 39 71 58 51 13 32 76 35 76 42 31 60 96 96 12 31 63 8 42 25 14 27 98 17 47 59 33 99 44 85 86 95 88 76 13 81 80 19 91 6 61 
89 84 62 99 3 94 73 53 53 86 71 61 70 45 95 97 25 80 21 8 21 22 53 5 90 15 25 62 86 11 83 10 78 62 92 22 44 18 18 18 64 14 28 50 16 69 83 3 67 80 33 82 69 13 4 12 52 94 2 25 18 15 96 60 32 9 25 54 20 62 75 34 60 95 88 16 78 63 48 90 39 46 74 26 43 46 20 55 16 76 59 73 7 58 88 27 80 17 15 14 11 70 50 71 72 24 8 75 39 69 93 28 72 70 2 56 22 64 6 4 10 51 54 25 34 86 65 77 56 80 18 19 97 84 48 97 31 93 42 48 77 30 27 83 97 45 69 90 85 12 67 24 65 13 41 97 79 41 31 79 88 90 89 87 60 49 75 79 66 95 46 51 74 88 52 25 44 64 34 48 17 30 11 85 13 54 75 10 24 65 92 2 7 41 85 38 78 7 36 86 
90 25 27 37 46 91 77 42 23 70 16 2 29 66 44 20 76 19 51 60 46 65 79 27 60 13 93 23 45 5 53 25 8 92 77 50 97 3 15 25 80 5 13 55 4 79 87 91 66 92 89 3 88 56 73 40 78 4 70 10 5 55 50 38 58 87 96 44 31 2 71 4 73 93 86 24 72 21 69 7 16 73 34 21 62 41 50 69 8 81 11 58 58 91 98 64 95 72 62 9 46 3 75 18 52 3 14 98 38 6 17 5 78 29 64 5 70 36 38 53 1 13 92 56 11 29 28 44 71 14 51 34 48 21 53 7 70 95 70 68 2 49 58 25 6 23 57 44 16 56 63 32 8 60 94 95 62 82 63 15 37 75 42 10 37 70 32 11 80 39 36 25 66 66 20 8 49 19 89 30 1 15 53 46 82 89 92 66 16 65 33 19 47 23 11 27 18 67 40 69 
94 57 62 48 72 91 86 40 44 14 35 44 60 88 69 46 80 34 83 60 19 69 44 72 81 58 37 85 17 53 8 60 55 37 8 64 55 69 37 10 45 28 89 1 67 54 93 76 25 96 60 54 21 52 21 75 5 14 78 45 15 14 44 80 24 63 87 50 80 99 74 21 56 31 14 2 84 77 2 85 9 16 64 93 23 23 2 20 20 21 31 74 28 18 32 28 62 57 88 54 62 55 33 72 40 47 92 95 22 32 28 71 92 17 83 25 37 56 23 4 88 2 82 22 68 42 8 4 32 46 96 26 11 11 51 63 59 1 14 33 92 93 11 35 38 24 4 99 73 27 23 27 72 82 20 36 47 58 7 5 94 52 1 15 39 40 66 93 73 15 63 62 8 34 86 74 9 60 12 65 45 9 37 88 33 87 29 67 76 42 67 32 13 1 84 69 57 18 14 61 
71 68 55 97 50 27 52 97 66 14 90 55 4 89 58 96 84 97 93 88 93 84 7 61 95 16 94 23 50 1 62 84 36 5 39 72 65 70 1 50 5 38 85 39 94 61 15 32 65 29 8 16 59 82 8 90 45 32 92 84 43 79 99 76 36 37 42 14 94 41 25 30 92 75 70 64 27 90 29 79 36 18 7 83 17 92 75 44 49 72 96 10 6 52 38 29 79 86 95 68 96 10 7 32 39 49 75 76 60 48 86 36 5 84 24 37 28 87 93 18 15 58 38 45 97 87 59 39 74 75 34 83 30 48 32 51 52 78 38 23 51 6 68 97 79 50 91 24 49 37 45 8 52 12 53 38 77 59 49 2 31 24 90 4 54 27 81 86 41 85 88 48 59 33 60 60 69 36 46 89 40 13 15 11 69 53 73 33 5 37 88 13 57 53 99 75 26 17 41 31 
65 86 60 92 21 84 23 29 56 64 27 54 2 65 80 82 95 49 48 44 75 87 43 78 76 60 19 26 21 45 64 26 14 13 1 8 37 24 67 81 42 18 26 40 43 9 45 45 15 79 99 24 79 76 61 62 7 99 94 1 6 1 49 25 15 74 55 60 2 51 14 67 53 94 94 36 68 91 29 73 57 47 99 7 28 80 40 69 84 15 24 98 20 74 61 28 11 75 92 81 7 22 79 66 32 99 1 69 71 69 49 48 66 57 16 24 14 56 96 80 51 12 73 51 58 20 19 18 44 21 80 2 46 90 81 59 23 39 13 72 43 96 23 48 85 15 18 6 30 58 49 75 51 94 14 88 12 92 39 74 58 17 87 52 13 14 40 26 67 17 97 75 77 29 69 55 56 26 72 82 69 42 17 34 26 69 10 40 75 50 41 77 96 68 80 62 98 47 71 47 
57 68 94 47 80 92 29 29 87 27 81 57 17 91 37 66 41 99 50 65 41 25 20 10 72 70 51 70 34 40 29 96 39 4 84 95 80 64 66 90 1 35 5 94 62 99 84 79 17 82 14 44 68 23 90 82 50 37 71 50 85 90 40 40 63 66 81 43 3 34 43 23 22 16 6 81 11 60 57 28 92 8 55 49 2 56 96 76 44 39 89 56 70 82 22 19 45 84 26 42 13 76 49 30 67 95 27 70 24 53 45 12 84 1 12 31 5 3 27 95 69 4 48 41 54 94 63 35 99 84 56 45 74 71 76 12 51 3 8 13 69 53 38 36 5 90 26 42 43 40 71 41 41 59 85 56 2 3 54 90 41 95 13 4 54 94 13 72 88 63 86 63 10 40 25 1 70 4 36 36 80 44 22 17 73 32 41 53 77 86 84 89 84 43 36 71 16 24 48 13 
77 24 98 67 17 73 34 23 25 40 58 47 14 81 71 11 85 17 36 68 70 71 15 2 76 19 20 61 30 25 53 16 22 93 54 89 46 8 37 9 52 73 41 47 79 66 70 66 9 71 40 62 98 31 19 9 37 84 70 97 78 15 3 87 92 91 8 46 5 15 4 89 39 56 84 34 67 8 58 32 46 22 92 22 66 56 61 66 93 18 82 2 11 6 66 76 66 54 59 97 14 81 84 77 58 25 88 69 99 93 84 20 73 6 93 8 98 36 91 86 20 56 53 35 50 83 92 91 16 19 8 8 99 94 28 83 85 17 52 16 2 10 97 42 64 59 40 81 19 55 60 81 90 36 84 59 21 35 31 48 15 21 53 37 85 41 83 20 94 68 74 35 97 44 48 10 91 19 34 6 52 1 15 62 80 93 73 37 48 48 31 55 40 97 93 47 95 8 99 97 
18 23 59 87 2 78 26 89 85 84 53 26 77 5 42 76 28 10 93 35 45 99 28 33 15 15 2 53 17 61 27 52 50 27 88 79 44 1 66 92 82 89 51 80 17 41 65 76 93 59 80 83 64 23 33 89 10 7 51 83 55 97 65 81 91 17 31 37 95 33 48 67 43 88 75 65 33 11 56 24 4 35 29 53 53 24 53 95 54 83 25 50 79 83 93 86 14 74 84 69 76 11 18 69 40 64 22 89 46 45 58 77 30 21 36 50 31 36 34 10 21 29 18 59 12 50 56 28 86 84 45 84 8 66 22 59 43 1 86 61 78 78 19 95 43 2 97 85 21 93 23 89 78 27 27 21 73 34 1 62 81 31 8 91 12 34 6 95 24 80 64 89 50 45 83 36 13 59 11 66 44 30 64 95 99 60 48 43 85 66 72 49 70 95 69 99 8 47 17 36 
51 93 8 1 59 64 2 53 53 47 91 67 22 34 79 54 55 49 65 3 36 48 38 81 34 9 71 27 99 27 18 41 58 9 99 82 5 62 5 61 94 98 80 32 41 15 29 88 5 99 95 57 91 17 67 91 43 5 66 62 34 68 42 58 63 74 63 70 45 43 19 96 11 42 2 25 93 82 10 36 28 11 39 89 43 1 73 25 54 52 82 49 55 79 13 34 20 10 81 8 85 72 74 52 55 97 33 91 84 5 53 89 82 99 76 43 98 68 87 76 21 69 99 30 68 29 60 63 84 32 34 38 32 20 3 21 83 82 56 72 20 48 88 42 22 84 88 60 61 87 38 36 99 75 99 48 78 83 16 37 13 59 1 3 88 53 34 95 51 14 52 13 6 81 46 85 3 83 55 83 38 26 56 99 46 87 61 46 90 13 10 50 60 10 62 46 61 40 97 70 
97 13 16 62 51 43 62 90 1 85 97 85 5 27 94 75 18 32 12 2 67 11 57 87 12 91 59 7 17 84 38 50 21 55 68 98 6 90 54 86 62 67 93 76 63 22 47 23 29 21 13 43 95 24 86 84 88 61 36 98 85 94 67 2 87 87 94 49 90 79 11 2 49 48 50 98 48 80 65 19 70 43 88 55 68 49 7 84 29 26 24 29 42 86 37 33 74 98 96 28 33 49 82 2 37 18 71 65 84 42 99 27 22 89 42 55 13 24 69 50 9 73 28 12 15 3 99 10 58 78 75 51 61 40 24 49 5 66 58 92 99 47 5 14 58 50 73 56 56 89 28 47 8 94 49 62 31 81 9 96 18 17 36 33 2 90 86 12 28 83 14 95 23 35 31 42 58 14 87 73 26 85 33 40 2 80 89 94 17 63 15 58 28 4 78 89 81 42 23 52 
73 72 57 51 63 47 86 21 87 47 30 11 92 83 63 93 19 57 77 9 42 4 19 2 19 37 39 66 30 95 35 93 23 81 91 10 57 8 28 25 48 41 40 73 10 46 46 59 96 27 26 99 52 73 70 69 50 5 21 40 36 11 16 33 75 99 32 52 93 37 30 38 22 94 96 3 40 89 90 79 20 31 85 63 72 62 13 59 86 6 5 18 74 7 41 88 17 76 89 55 8 35 53 85 92 56 11 72 20 13 61 76 76 18 69 73 40 68 9 95 15 90 2 73 80 82 71 83 35 61 76 91 37 98 60 91 50 75 93 56 86 16 18 76 53 37 87 5 90 90 18 3 22 7 25 80 91 38 70 43 16 3 5 35 18 30 14 80 78 2 59 29 76 97 23 2 35 38 53 30 61 30 5 4 93 5 84 13 45 71 97 91 46 51 84 61 87 27 73 76 
81 63 92 59 76 13 88 10 55 27 43 27 25 54 57 35 59 96 5 73 14 35 52 13 43 39 74 80 23 92 76 71 67 10 10 71 47 54 95 75 9 55 36 7 93 32 40 32 58 9 40 86 86 33 7 86 19 94 73 51 62 47 51 22 11 24 51 78 69 58 98 61 66 99 55 86 74 37 35 67 31 12 28 32 55 42 12 41 67 39 77 9 5 25 43 22 47 52 75 54 30 23 8 89 62 7 59 40 51 62 50 62 14 51 28 79 3 60 76 97 19 20 45 25 35 23 58 91 10 40 41 67 10 43 31 80 30 23 6 36 6 6 93 38 39 73 97 2 13 82 10 77 10 82 36 70 36 36 8 53 31 33 6 90 94 16 77 55 3 93 55 48 23 62 74 15 40 24 96 68 67 5 21 3 72 73 8 16 90 60 97 27 45 78 28 93 67 37 54 35 
44 5 94 41 83 13 17 34 27 40 94 43 87 20 49 30 96 65 69 32 95 60 99 53 31 55 35 61 46 56 17 79 77 26 26 79 47 72 72 79 56 43 96 31 79 21 56 20 57 16 24 55 91 58 79 63 38 96 5 84 3 86 73 65 31 87 52 51 4 53 88 80 34 31 6 78 56 51 97 54 20 20 22 87 88 18 92 31 28 88 76 94 4 36 85 48 70 18 68 10 71 36 9 41 28 34 15 40 35 90 16 37 53 10 54 86 6 19 80 62 68 60 45 47 66 85 95 34 65 48 66 13 68 1 75 68 7 82 16 72 36 19 54 75 26 14 15 7 61 42 85 61 27 42 3 96 9 14 46 27 82 10 38 15 12 28 31 67 38 6 3 29 74 18 54 74 6 64 97 4 72 67 52 36 72 65 42 99 49 4 82 32 91 32 78 70 20 97 19 43 
58 61 33 53 69 54 72 86 76 56 21 37 85 3 79 24 88 16 72 42 29 77 7 26 73 94 48 23 79 70 88 58 63 71 12 9 70 97 65 64 41 52 28 6 83 7 77 65 39 71 61 98 54 65 65 55 45 86 80 46 70 74 72 10 95 84 53 84 68 56 44 76 79 78 50 27 39 61 26 83 38 6 45 63 23 68 67 32 62 34 10 60 14 81 16 2 95 54 21 58 54 30 23 49 34 85 54 78 42 71 42 6 24 73 87 16 25 88 27 82 63 89 3 42 99 93 33 62 3 33 79 8 19 22 18 10 42 27 3 36 83 37 40 61 37 26 55 31 48 28 60 34 89 6 24 70 19 13 39 19 56 71 95 9 50 34 42 84 46 55 61 78 52 61 34 76 17 15 11 87 85 89 80 15 79 34 37 21 60 43 50 99 96 24 33 40 39 69 13 4 
