200 20
60 54 20 99 37 89 34 55 17 42 64 24 19 30 90 68 63 64 4 1 88 66 22 8 73 89 12 63 52 36 6 52 36 76 23 85 30 66 84 21 54 70 37 80 58 74 67 70 45 9 21 99 85 65 24 97 40 16 99 35 74 33 89 38 83 6 68 15 3 61 64 66 34 82 81 10 60 24 12 95 66 36 59 28 54 80 58 79 66 49 88 16 2 82 96 9 35 91 16 59 37 70 81 14 89 22 54 84 9 72 33 66 58 90 80 56 76 7 35 73 84 33 35 77 16 80 35 84 27 77 23 89 18 89 44 84 55 38 14 75 85 18 40 2 56 19 40 56 36 41 61 1 30 16 98 90 2 23 13 85 90 10 50 76 29 14 61 99 64 74 20 54 75 56 41 25 93 68 97 98 18 80 46 82 36 42 37 26 43 6 38 34 59 36 54 92 52 40 42 79 
75 84 16 33 64 19 99 10 70 1 39 93 53 10 49 34 81 89 95 44 18 46 89 92 21 34 82 97 30 57 55 21 68 59 18 60 31 17 98 46 78 36 40 32 33 44 92 92 71 82 7 12 18 4 30 80 39 61 97 90 39 6 27 25 46 78 12 56 18 5 17 36 25 87 68 92 50 2 53 20 79 86 8 76 97 41 13 76 81 19 88 82 93 17 88 2 76 73 92 78 44 62 97 87 79 84 19 29 23 61 75 21 73 31 90 94 74 40 78 84 14 37 47 28 15 70 82 55 27 74 50 81 28 70 84 5 8 57 83 98 70 4 2 3 22 46 47 21 68 78 72 12 6 48 65 84 18 48 52 90 66 13 80 20 85 11 20 92 79 37 55 55 9 11 75 69 92 64 73 11 95 39 35 62 24 80 38 6 22 29 40 14 61 18 74 50 37 61 47 58 
50 42 26 59 73 22 87 45 5 55 9 98 88 99 50 81 93 38 31 66 78 51 90 8 60 82 67 6 87 8 58 80 2 6 94 35 12 26 7 31 62 54 92 51 99 88 88 69 42 1 39 24 49 8 61 81 89 42 17 5 11 19 81 28 7 4 10 19 87 85 8 49 47 38 99 66 33 97 99 59 15 23 75 28 52 71 21 51 65 62 24 57 2 50 34 91 7 88 34 86 90 4 5 27 98 59 96 24 79 27 98 78 52 58 5 54 78 45 84 43 28 96 52 38 50 5 33 97 41 12 34 16 12 82 14 91 57 69 47 98 28 81 99 53 93 58 91 80 16 30 67 86 18 95 66 27 46 84 90 73 50 27 73 83 40 26 48 70 62 21 17 70 68 62 19 12 78 75 1 84 56 31 83 8 73 14 31 1 79 91 24 46 72 85 18 68 65 34 24 90 
88 68 98 84 45 60 34 34 97 14 7 5 57 20 50 63 41 5 79 29 24 70 37 24 73 41 33 9 4 4 89 33 9 54 86 75 15 41 6 89 19 8 71 47 32 38 95 78 30 99 23 22 88 84 73 62 32 59 86 81 74 1 64 91 66 49 16 90 38 41 99 96 38 64 70 96 85 92 19 90 6 35 19 31 81 75 68 70 88 21 37 6 47 41 5 17 60 16 10 16 62 74 89 89 56 46 28 42 64 95 94 37 67 73 91 44 50 54 97 84 43 87 9 67 70 34 84 43 89 15 93 39 38 52 51 8 72 14 69 68 20 58 97 53 15 75 66 48 44 33 34 40 95 22 25 55 94 93 78 9 54 10 90 46 14 85 56 85 86 30 17 63 1 91 1 77 46 4 67 30 14 24 52 74 44 84 11 54 68 30 60 50 52 62 25 24 39 87 80 60 
82 3 3 91 38 94 10 28 4 97 18 26 25 94 42 86 96 37 10 89 80 59 74 6 25 3 36 23 86 27 58 57 44 38 89 80 19 98 81 29 95 52 6 30 39 40 73 19 12 19 56 56 97 80 2 44 14 73 55 53 36 16 73 33 12 18 51 33 83 2 33 26 5 17 36 21 59 61 66 82 80 99 39 54 71 80 95 72 18 58 27 86 15 10 85 79 81 51 9 85 77 62 37 5 27 99 31 30 34 18 90 60 99 87 77 18 47 17 28 72 33 66 74 56 70 67 65 83 48 47 84 69 47 39 64 48 59 9 10 93 8 67 19 35 64 92 94 80 71 49 67 29 55 5 17 95 49 48 84 27 10 14 97 19 38 91 84 39 96 53 95 43 27 68 21 91 71 23 10 75 90 35 86 26 81 82 75 38 96 11 13 92 61 59 70 67 97 76 70 61 
74 35 86 57 20 89 41 75 77 47 88 93 64 43 57 90 44 46 19 23 21 50 84 21 34 70 94 83 49 36 14 68 54 83 27 86 53 48 29 99 58 63 23 11 83 51 10 57 41 14 84 7 34 32 31 50 48 56 11 94 46 98 63 60 65 32 93 67 5 77 72 37 26 4 22 83 41 17 19 4 10 54 79 75 31 83 60 50 40 87 45 46 97 65 46 40 86 25 92 66 6 72 26 6 62 11 92 79 68 33 40 48 29 11 10 97 42 94 28 41 90 7 4 5 32 29 20 28 98 5 30 53 84 25 46 22 47 29 40 67 93 91 30 8 79 25 79 41 98 61 89 39 80 57 90 39 81 82 39 40 81 14 10 94 74 28 88 6 61 98 68 15 50 87 42 2 41 40 95 73 29 74 1 62 88 82 12 17 76 19 59 94 18 95 37 60 4 74 8 73 
99 79 96 88 52 70 54 11 84 39 63 30 45 51 78 72 15 34 75 61 76 48 12 84 83 53 3 67 29 78 85 33 14 88 91 82 13 58 12 53 50 34 66 95 63 9 74 34 70 84 25 44 43 48 39 15 72 35 44 20 41 1 43 86 85 85 77 64 72 88 3 93 63 33 53 71 81 37 12 28 85 79 78 85 35 73 39 37 59 28 35 5 28 26 30 18 19 83 81 75 84 24 7 19 24 49 54 98 51 1 68 42 62 34 64 26 5 87 90 40 46 47 2 59 44 19 25 14 16 97 31 54 1 32 99 22 37 98 93 17 27 64 21 68 4 62 9 4 5 55 69 14 35 6 71 25 41 45 5 67 77 43 52 42 72 76 60 90 3 94 1 65 58 93 47 96 12 79 40 60 86 42 54 49 29 19 72 42 71 68 46 66 7 35 74 76 53 22 63 15 
79 69 89 85 71 96 66 9 95 63 72 22 99 26 43 35 93 57 1 44 97 84 97 70 82 38 61 10 17 91 35 74 7 4 24 35 43 69 40 68 42 56 42 95 92 51 83 31 97 7 52 23 17 78 17 97 14 74 71 6 97 97 75 62 66 87 2 92 51 65 76 76 61 78 27 88 26 45 21 49 39 92 14 58 4 8 91 47 73 77 14 21 97 33 56 96 68 93 57 56 56 9 61 80 63 6 61 1 59 29 41 38 30 87 24 49 19 96 10 68 71 21 25 54 79 22 63 28 25 96 29 25 22 24 83 31 61 10 83 30 55 28 32 48 81 66 17 95 24 69 56 11 21 79 42 5 6 88 84 5 49 70 54 98 8 35 27 76 65 66 30 76 75 67 80 28 5 4 32 95 81 50 20 22 34 28 2 71 36 56 6 75 51 89 67 75 77 66 81 66 
9 16 81 58 63 82 78 18 79 23 18 75 17 79 54 76 52 59 70 94 8 52 5 42 64 52 63 96 82 71 38 14 20 66 33 51 51 48 73 81 86 8 33 17 88 31 45 23 94 21 28 40 33 10 1 4 41 87 99 59 86 11 3 82 83 30 42 98 16 2 27 3 47 11 62 74 51 88 65 99 20 30 84 89 87 15 21 96 51 26 44 37 84 65 13 6 59 77 91 98 63 63 72 29 22 3 91 46 13 70 48 55 84 58 24 38 81 88 99 66 55 39 79 25 86 56 2 30 5 79 65 45 5 54 44 4 69 54 4 26 81 1 28 35 49 76 29 82 23 52 71 59 10 97 88 21 99 5 5 2 78 8 48 36 48 95 73 76 47 38 82 11 66 98 37 85 72 57 83 18 19 26 68 22 74 72 57 20 34 33 54 66 39 33 22 66 1 9 96 90 
15 44 5 92 65 45 12 7 54 62 52 62 83 45 60 85 67 72 30 26 26 37 10 47 84 47 95 22 60 15 27 28 61 53 76 37 76 69 48 12 71 54 69 99 82 84 83 26 10 7 44 86 10 41 10 43 90 65 38 18 6 16 76 82 49 77 60 59 43 79 3 8 40 87 90 23 11 98 78 28 40 34 78 65 20 35 61 96 44 52 43 88 2 45 83 14 69 71 75 40 8 82 44 26 52 17 35 13 10 94 14 21 49 9 53 44 99 24 33 37 38 63 31 17 89 9 15 53 16 91 39 60 13 83 39 95 2 98 20 49 23 77 57 37 32 87 85 1 91 14 92 94 66 54 18 81 14 13 38 29 82 91 69 1 3 88 55 49 80 87 63 13 92 52 77 7 80 24 92 18 39 10 9 1 20 79 22 64 16 61 22 73 61 29 83 40 19 3 61 15 
67 74 9 15 34 90 76 51 42 31 42 81 82 65 10 4 14 85 84 23 31 76 45 21 36 83 10 25 8 84 7 76 67 51 43 99 47 26 71 69 63 86 61 84 81 15 66 28 85 68 93 44 46 42 71 4 93 48 20 70 79 74 18 76 51 58 72 82 19 55 88 53 23 5 35 23 5 3 17 66 73 69 42 64 77 16 89 75 71 14 80 4 82 66 44 67 84 74 88 66 63 5 68 53 85 62 55 2 66 56 4 73 44 68 22 87 40 24 41 91 35 58 81 28 33 87 25 3 33 74 79 53 96 3 50 23 16 37 10 21 83 2 64 99 61 41 22 15 47 93 64 3 48 58 13 44 45 64 1 33 60 38 35 47 32 75 74 14 79 7 90 84 69 66 39 97 89 64 32 49 16 52 99 62 77 91 64 56 33 24 11 13 32 41 46 48 85 51 80 79 
89 95 27 55 54 76 59 65 96 43 52 27 93 95 99 32 68 51 12 9 28 88 57 72 16 92 12 63 47 96 94 93 59 25 19 87 50 42 31 32 27 88 57 11 44 31 44 57 54 4 7 93 43 52 68 74 83 77 7 32 69 78 96 19 66 97 54 53 53 63 80 60 63 34 4 17 32 44 28 98 39 42 68 18 51 41 5 70 68 57 18 79 65 56 37 41 35 98 81 63 35 77 5 12 29 68 43 58 30 71 49 17 47 52 47 91 27 89 68 20 96 18 96 18 10 67 16 21 89 15 49 29 72 21 6 50 49 77 23 46 14 50 10 73 4 22 91 27 43 37 55 86 90 46 89 58 76 48 31 20 54 33 7 62 37 31 80 36 48 47 92 92 57 16 6 30 32 36 51 36 75 19 67 31 74 30 48 13 40 35 83 99 52 41 5 75 6 43 29 30 
9 5 96 68 41 54 81 33 16 76 35 74 67 45 25 70 53 21 98 96 69 71 7 44 70 92 15 40 88 23 26 66 53 65 97 75 7 4 65 13 28 24 53 33 45 30 1 23 60 67 74 12 63 36 93 1 54 11 44 72 59 65 97 16 53 81 33 40 72 78 53 98 39 22 4 4 78 50 92 46 34 87 6 16 92 67 33 19 97 48 78 94 71 33 83 40 31 87 48 22 9 62 43 99 70 6 34 43 37 86 96 49 95 13 40 66 28 49 21 6 23 36 64 66 94 10 80 49 7 17 88 80 86 39 30 25 44 8 87 10 92 24 10 41 67 78 24 22 42 66 55 70 49 11 48 44 1 79 84 51 4 2 1 72 77 91 9 82 79 62 13 63 17 47 28 30 68 17 2 40 4 2 30 23 98 5 75 88 61 26 90 54 40 77 32 57 52 5 78 80 
79 90 27 13 88 2 39 3 6 23 44 97 47 87 77 3 39 68 76 10 4 77 72 95 59 53 91 11 9 57 41 78 37 71 7 82 6 83 47 67 43 88 82 27 38 80 97 1 38 43 25 66 39 46 46 35 82 40 83 44 42 47 92 49 29 56 57 23 73 20 80 42 28 40 85 86 54 71 1 31 23 7 57 38 3 79 86 55 55 46 5 4 31 92 18 74 59 16 6 25 47 28 22 68 66 43 83 69 53 75 68 37 1 28 6 20 49 93 73 99 84 39 86 82 29 11 97 96 35 16 85 83 80 27 50 90 63 67 7 68 89 12 80 61 75 74 99 3 35 7 87 10 75 87 59 74 92 20 13 59 60 26 26 90 32 34 45 51 24 80 85 76 19 99 18 47 53 14 68 81 15 37 10 31 33 57 52 72 76 39 43 5 42 12 57 38 54 67 89 92 
26 97 84 6 55 61 25 21 30 37 32 79 48 24 38 88 42 30 88 98 40 43 13 74 38 93 91 60 68 32 25 51 68 91 5 60 48 58 78 90 60 41 20 98 70 39 1 67 20 11 54 73 2 43 47 57 26 21 50 88 88 93 2 38 38 44 79 46 49 60 70 89 87 2 38 52 82 68 90 91 87 70 50 12 61 93 23 27 24 75 65 34 37 64 56 79 61 94 60 28 35 56 5 34 39 59 38 6 61 3 10 77 73 48 29 78 94 84 40 98 59 95 88 61 91 34 90 88 66 84 1 70 85 37 81 37 40 52 73 23 85 31 61 39 5 85 43 38 79 4 3 87 59 22 73 36 30 93 9 80 80 53 52 39 75 92 5 15 20 22 95 70 32 44 46 90 9 21 45 56 93 42 13 9 51 94 70 22 29 32 12 71 30 41 67 97 82 12 76 82 
25 20 82 33 27 75 75 99 4 28 20 92 11 50 79 78 56 60 91 41 38 70 4 28 92 25 24 92 36 47 63 40 7 84 76 69 14 49 8 18 75 64 37 5 66 4 20 72 58 42 32 35 66 94 15 19 94 58 17 7 75 63 39 83 13 9 79 76 32 11 74 1 18 46 44 4 61 94 34 10 1 83 64 60 69 31 65 60 36 89 28 22 47 91 45 9 77 91 55 76 66 9 86 20 66 75 1 16 82 72 35 65 23 82 49 41 34 28 66 26 51 16 20 61 40 80 92 89 39 32 65 94 6 93 56 51 57 49 69 64 18 85 33 15 58 40 49 3 45 36 32 90 78 37 55 50 39 80 94 99 34 30 70 55 36 13 94 68 29 67 11 73 53 84 40 30 46 53 25 68 90 5 71 29 53 52 94 12 32 40 61 15 99 84 33 82 44 17 14 45 
31 36 72 7 33 50 26 38 91 36 53 78 69 54 99 1 72 97 62 75 70 19 13 89 15 43 13 62 59 87 36 64 74 83 82 40 72 91 3 22 20 21 12 52 62 49 12 99 35 43 8 78 92 71 27 70 18 30 39 39 45 56 74 50 78 50 40 92 11 90 44 92 43 59 9 38 98 52 91 90 50 4 6 11 31 5 35 73 56 20 57 87 42 5 59 15 26 30 54 84 82 94 9 22 42 48 51 55 15 8 95 44 2 77 63 92 19 65 95 70 14 8 76 30 84 79 48 27 2 20 34 38 20 49 55 79 4 84 47 27 43 63 84 33 72 58 91 47 89 99 67 32 73 90 4 85 7 27 99 59 88 17 86 72 57 99 41 37 10 63 8 72 17 63 15 27 46 44 96 92 76 53 9 29 21 64 48 77 41 92 74 82 69 16 22 10 28 92 27 66 
55 6 71 76 18 9 78 42 42 30 53 36 2 56 32 74 95 54 23 52 39 71 98 41 59 27 86 79 85 5 68 70 47 46 67 70 64 48 50 85 43 52 12 68 68 40 75 7 99 30 84 18 63 66 95 46 44 14 72 53 82 54 80 14 68 78 79 8 32 79 21 16 40 47 35 10 86 62 29 50 92 88 83 79 92 67 38 14 33 14 92 38 65 6 98 97 37 82 50 95 90 34 83 86 51 97 64 63 25 52 85 62 91 9 61 45 96 8 19 1 46 10 91 38 1 91 16 75 70 39 22 39 7 42 31 53 94 83 43 37 51 40 37 96 15 72 62 18 42 16 31 62 99 80 12 61 58 40 25 5 87 29 38 43 48 33 56 72 87 84 15 35 32 57 78 9 79 58 30 4 97 23 67 53 12 7 95 11 5 83 20 40 6 33 42 14 84 39 52 99 
2 93 81 46 72 5 11 48 40 16 74 67 18 13 46 90 34 3 51 10 2 78 33 89 87 94 23 38 79 30 9 74 56 58 2 95 56 21 10 49 46 87 2 99 89 32 77 96 17 99 37 45 89 73 50 73 77 43 25 4 17 77 72 17 89 89 82 24 83 7 87 36 66 38 31 30 52 47 40 20 72 15 90 24 41 14 78 33 25 72 84 81 15 47 50 16 90 88 38 59 92 14 7 86 89 70 76 87 46 9 98 39 92 49 27 72 94 52 80 44 21 83 19 99 13 89 7 49 51 59 83 29 26 95 33 77 7 86 52 97 9 70 19 30 65 6 60 20 90 40 23 84 56 80 41 84 51 58 7 93 59 3 33 60 21 5 32 86 7 89 74 89 82 84 64 71 81 86 6 91 70 32 69 32 19 64 67 64 69 6 15 26 6 21 3 80 19 91 68 91 
15 22 81 52 24 18 28 52 16 75 68 36 33 26 6 90 99 3 92 31 59 84 76 37 23 39 43 2 11 70 59 72 98 55 18 95 58 95 79 60 1 54 20 41 25 4 71 45 56 69 64 51 95 72 76 56 55 71 71 20 11 10 44 6 41 59 68 26 71 59 33 86 18 67 92 30 33 95 8 77 46 62 88 75 11 28 40 38 45 44 7 89 77 94 13 10 90 44 8 79 63 72 13 20 17 27 60 39 57 64 38 75 17 91 38 42 4 13 92 69 41 69 24 47 9 87 87 73 95 21 11 93 33 94 43 46 47 45 96 5 96 71 88 26 19 70 87 87 75 88 57 36 92 58 98 30 6 49 93 82 6 4 51 5 80 88 48 51 57 34 76 64 50 77 81 15 1 10 12 48 23 17 58 27 48 24 3 75 66 40 55 23 71 3 3 49 4 17 53 23 
