200 40
41 83 23 38 92 39 76 22 19 84 74 86 1 36 54 85 84 27 25 85 90 13 66 79 8 70 28 78 95 95 28 11 84 4 58 31 74 31 79 10 36 36 21 38 11 95 83 30 9 6 41 18 13 86 32 53 73 74 71 12 14 29 39 85 26 28 88 88 72 71 44 55 86 78 96 40 72 88 12 19 3 62 22 85 22 79 32 56 45 41 16 67 55 68 20 73 9 2 57 53 30 4 14 2 15 56 47 36 30 60 80 93 10 40 13 33 63 37 9 32 65 15 7 88 63 57 14 22 76 68 7 69 90 71 34 92 63 12 15 69 26 53 36 99 74 81 57 5 78 2 8 24 78 39 87 20 83 40 65 71 72 71 81 81 97 19 47 71 77 89 43 83 5 12 20 79 39 32 98 43 13 18 71 76 29 57 1 4 57 60 18 67 42 54 26 33 94 89 97 82 
51 26 97 54 63 48 20 71 19 9 68 31 97 67 25 71 29 89 19 31 97 37 36 48 37 76 10 67 33 75 27 29 22 3 27 79 94 28 97 65 89 26 80 33 1 67 70 34 70 30 9 17 93 88 94 36 18 22 72 45 40 11 43 99 13 36 57 57 34 80 16 76 59 30 74 17 92 69 37 42 89 86 60 15 57 71 53 99 56 15 76 64 96 8 40 76 40 46 8 6 2 24 95 23 47 40 67 2 91 91 43 17 6 79 90 43 9 5 32 59 71 71 39 44 19 84 36 78 25 51 98 43 16 77 53 24 70 74 80 6 18 53 9 75 38 26 20 21 65 7 49 33 82 13 80 3 27 60 50 23 84 69 46 89 95 59 9 98 49 52 30 48 87 72 51 37 6 45 66 66 47 97 24 38 9 57 19 58 40 54 1 31 39 20 71 63 59 87 81 65 
81 90 6 76 57 88 64 82 72 9 96 55 61 93 43 18 17 94 99 1 90 71 20 41 90 89 18 84 82 25 64 85 91 59 85 5 99 83 68 11 46 94 56 81 29 99 51 2 4 11 12 62 83 50 56 66 40 47 59 20 1 40 53 40 54 71 29 49 43 95 35 81 70 72 77 73 96 70 21 74 40 66 86 39 75 43 53 30 37 93 60 17 16 16 2 80 62 20 32 6 81 18 60 86 39 35 56 25 58 1 46 32 19 55 15 23 59 44 5 25 75 21 15 71 22 49 3 2 10 97 85 66 9 45 36 21 46 75 84 30 7 84 21 66 34 71 92 9 29 45 4 47 49 24 16 75 12 31 50 97 91 99 85 26 19 69 56 77 84 89 57 81 37 14 39 71 79 8 13 89 77 42 44 87 51 95 58 23 79 57 38 61 99 20 24 77 6 86 15 51 
75 1 95 79 14 28 55 75 59 25 93 64 76 95 93 44 17 83 26 52 22 71 51 66 22 80 21 2 36 71 72 13 73 44 35 95 31 36 26 82 96 25 50 44 44 29 4 93 40 3 70 81 37 41 25 95 79 78 28 65 97 87 32 57 14 80 78 79 37 9 94 76 67 62 2 34 92 70 5 74 89 1 4 62 26 60 81 97 56 97 15 23 25 96 68 17 65 81 92 99 1 17 32 29 42 5 16 3 90 87 66 55 35 46 91 64 56 98 90 42 21 6 50 43 85 65 47 60 96 14 47 25 89 28 5 8 88 22 64 18 6 51 57 5 45 8 6 55 96 25 21 96 41 73 3 95 48 64 40 57 76 47 12 24 73 11 83 81 75 81 13 49 9 28 44 90 87 54 13 5 17 7 40 31 87 68 41 49 83 62 15 74 74 50 54 66 21 34 37 18 
70 34 26 74 69 98 26 96 76 16 55 52 44 44 64 70 71 38 50 79 4 46 53 1 29 14 63 52 83 79 11 46 47 80 73 89 44 46 76 86 46 3 85 36 70 71 17 31 76 68 28 61 71 6 24 10 9 89 54 58 83 24 14 81 41 6 43 49 67 28 27 26 95 79 97 75 6 44 31 52 21 99 48 9 11 21 17 90 88 78 48 42 16 36 1 99 96 54 76 95 82 88 24 59 68 90 36 14 94 6 52 77 49 75 56 65 63 37 77 86 14 22 90 46 23 58 16 43 58 68 18 74 34 70 9 29 7 78 43 94 80 99 23 51 6 39 93 76 74 95 48 42 27 64 24 15 49 35 3 57 69 92 13 28 65 18 27 80 56 87 63 61 8 70 86 17 33 35 6 84 86 43 74 99 72 50 92 91 38 11 5 85 74 71 3 2 20 75 21 55 
82 38 57 27 4 27 96 2 7 94 67 98 47 23 14 62 7 68 5 14 93 64 38 49 45 24 37 43 20 31 51 46 9 52 58 85 26 26 61 64 12 70 88 62 36 77 98 37 91 18 71 21 1 38 19 24 11 61 76 33 96 87 6 11 58 92 96 96 23 28 64 6 44 26 51 33 4 89 26 45 9 3 84 89 92 24 48 87 14 89 65 39 61 11 12 18 47 76 88 77 13 53 24 46 23 80 72 28 70 78 16 7 76 42 61 38 85 42 43 59 72 26 24 79 34 20 89 87 97 25 54 49 15 18 59 3 65 54 71 68 53 63 85 39 13 53 21 86 1 9 24 56 4 90 69 73 32 35 56 38 25 55 12 28 47 43 89 95 90 63 68 71 72 62 54 62 37 57 81 52 56 46 8 98 28 1 21 40 75 72 32 89 50 86 80 35 30 46 33 43 
99 82 37 84 85 33 22 99 2 59 1 26 62 4 33 23 16 90 7 30 42 27 43 72 56 5 98 57 3 96 59 72 61 58 47 92 45 28 15 72 96 29 48 48 94 64 67 43 49 23 22 59 5 72 98 84 35 68 14 87 50 44 18 20 91 20 92 18 33 96 56 97 82 58 55 61 80 72 72 90 97 87 21 53 42 38 48 97 51 37 35 55 96 85 92 41 82 62 68 53 44 32 38 70 53 41 15 57 12 20 42 59 54 79 95 4 50 16 86 4 99 7 56 54 37 13 80 30 28 77 66 92 72 27 55 84 3 70 21 31 83 1 69 41 13 91 41 6 22 1 7 98 73 69 71 77 63 21 72 80 22 59 81 30 11 75 1 33 24 41 67 77 88 9 50 32 66 18 50 53 50 87 2 75 65 20 73 19 71 3 64 85 58 3 8 60 52 72 69 11 
69 78 93 4 43 33 36 10 72 70 57 68 19 87 26 61 10 95 77 81 36 20 9 35 52 99 80 46 78 89 21 48 95 56 18 91 52 83 27 40 58 64 65 72 89 11 15 79 85 46 24 67 49 8 99 57 48 49 19 81 13 35 19 89 39 46 3 43 86 77 36 19 79 36 50 8 5 45 40 13 14 41 63 53 23 75 44 61 13 10 68 83 25 26 87 81 69 16 16 30 18 84 33 16 5 54 81 44 32 60 69 31 63 51 67 7 27 89 10 18 16 53 98 22 84 32 94 92 55 33 26 19 12 73 85 98 3 88 27 50 41 25 71 3 4 44 2 97 30 21 66 94 26 45 76 64 60 22 9 92 66 67 3 78 40 14 62 37 43 7 56 95 1 7 16 95 2 87 37 94 99 37 81 60 12 57 73 79 20 63 99 48 69 87 15 78 69 73 33 98 
9 9 42 17 24 52 50 1 44 21 49 38 22 38 26 62 27 98 84 78 50 68 53 63 4 81 78 60 20 46 27 87 50 36 86 30 68 97 64 44 66 49 87 57 56 76 7 67 74 38 88 40 71 59 24 14 24 40 20 96 25 49 8 67 89 23 36 75 52 71 76 38 70 74 18 45 17 79 72 58 89 9 70 5 5 51 64 85 97 67 25 72 27 87 44 6 68 14 35 95 20 17 31 25 1 39 83 45 47 91 66 78 18 56 73 17 92 87 19 24 70 7 36 32 70 7 81 44 31 53 28 36 15 78 71 49 1 87 27 99 89 54 32 72 2 24 41 21 79 11 31 70 84 1 98 18 97 50 62 29 23 84 57 39 80 1 42 55 15 64 94 54 88 13 14 83 85 54 18 59 10 65 45 71 84 95 56 75 55 60 30 3 85 51 66 49 60 25 85 85 
59 87 70 94 25 19 90 26 67 44 58 36 30 70 90 86 53 62 6 87 80 31 24 6 60 41 65 54 37 11 55 1 59 6 16 64 79 46 73 15 48 3 56 74 18 98 93 16 45 8 15 64 85 54 54 95 97 18 44 38 40 25 20 71 74 57 19 26 64 46 80 85 72 75 43 83 66 79 50 6 12 46 43 90 78 12 67 26 38 66 70 52 61 52 97 61 22 61 1 97 95 39 30 55 59 80 38 82 90 33 79 75 70 95 9 86 79 20 83 15 1 7 63 15 20 11 8 89 22 37 79 96 94 43 42 44 28 36 59 88 13 76 99 43 40 76 30 70 6 98 20 81 5 57 42 45 34 20 68 76 91 3 73 44 78 76 34 69 96 61 26 23 49 30 30 28 40 6 26 60 77 66 96 45 68 37 26 62 23 96 98 39 51 76 2 57 67 58 25 50 
52 68 49 11 90 78 51 67 62 6 56 90 10 38 87 21 83 20 71 58 40 55 44 60 45 4 51 40 70 86 44 71 98 77 82 84 17 13 33 68 22 84 72 67 19 41 83 87 20 91 57 88 43 2 91 91 19 94 93 72 80 51 78 67 72 12 68 69 45 71 92 29 58 85 89 54 78 66 5 13 80 85 91 27 46 69 12 80 65 6 34 13 38 36 35 21 67 63 1 60 69 47 23 45 64 4 1 45 82 9 45 90 59 94 69 67 41 52 99 21 79 29 65 52 36 33 8 23 78 27 72 49 83 34 17 9 34 32 1 34 24 59 97 16 50 12 84 5 22 42 48 7 54 60 82 87 69 37 89 69 98 96 78 32 80 26 68 15 62 64 83 13 96 14 56 81 47 32 30 31 83 34 51 31 82 92 77 10 31 41 74 52 21 66 12 1 55 16 71 56 
7 89 83 50 65 27 74 7 17 20 2 59 58 94 57 1 26 65 70 15 93 33 11 75 74 91 87 44 23 23 45 69 29 94 72 93 24 68 93 45 77 91 73 40 98 2 15 87 36 26 60 82 76 78 91 10 46 65 30 45 9 79 35 49 70 4 5 76 73 10 77 68 1 59 30 53 73 1 78 52 52 74 77 73 36 8 22 14 63 19 43 61 13 13 16 91 2 84 49 67 83 20 94 45 55 90 41 66 50 60 18 63 40 80 91 56 39 90 68 57 96 22 94 63 5 90 56 63 90 8 74 36 23 67 14 45 10 56 75 48 97 50 1 88 71 12 70 1 56 94 2 7 15 42 54 18 51 83 25 35 6 40 49 49 59 21 4 37 33 24 2 68 85 37 97 98 13 37 83 75 55 89 90 33 85 49 89 94 22 58 90 75 16 51 43 76 62 48 33 89 
53 60 58 16 25 49 9 87 81 71 28 53 41 86 11 23 20 4 42 53 28 75 6 44 70 98 80 40 48 19 39 34 58 24 51 61 91 47 79 4 34 68 85 87 69 13 22 87 73 49 40 19 21 94 85 46 77 9 98 76 9 97 15 64 71 12 66 8 21 49 79 52 6 51 76 86 71 4 73 45 57 42 84 9 97 41 16 3 25 26 73 98 64 63 52 11 36 69 49 2 57 1 51 78 40 63 45 92 91 6 8 41 14 24 17 67 5 58 41 59 57 93 47 49 59 62 94 17 95 38 42 85 45 45 40 25 80 49 35 49 73 61 69 18 87 41 81 37 83 90 4 57 17 57 64 72 39 36 86 26 94 64 89 3 27 26 87 36 71 51 90 1 61 15 2 21 23 36 23 63 79 81 48 41 49 60 68 13 45 29 70 82 76 89 35 98 47 87 39 54 
28 70 61 32 13 81 66 14 97 2 43 63 68 30 39 18 86 91 80 40 91 38 68 20 98 47 81 74 98 24 76 47 60 99 83 6 30 32 11 48 28 5 44 96 52 31 43 99 77 46 48 34 55 15 71 1 13 28 6 30 55 4 18 77 63 83 51 24 94 40 29 79 82 68 45 78 37 93 76 82 47 65 71 80 75 59 58 87 62 79 40 44 25 54 96 18 56 42 85 6 26 25 39 26 80 12 67 28 44 38 57 85 16 67 70 1 72 89 47 98 65 18 5 34 24 96 33 88 56 93 4 67 42 5 61 7 42 51 28 64 91 82 4 28 3 72 62 11 63 24 57 52 40 64 17 20 73 48 45 7 82 57 25 31 62 98 14 39 84 8 46 5 97 45 35 27 25 98 67 31 68 81 7 69 5 36 95 21 90 27 51 91 55 50 67 13 6 26 15 44 
98 78 80 25 25 42 3 14 45 7 90 14 25 1 26 46 11 88 73 66 35 64 80 58 11 57 77 45 35 28 78 76 87 70 76 39 31 11 53 51 10 11 69 64 51 60 68 60 67 85 77 57 51 44 8 5 78 28 51 83 10 59 83 10 85 95 62 31 32 26 30 28 55 71 11 15 47 87 10 36 79 62 18 72 10 17 8 35 75 3 34 69 99 7 35 51 85 48 31 92 22 78 27 37 77 82 8 58 5 77 45 67 41 14 88 5 5 74 74 45 95 74 20 95 99 63 27 95 82 22 76 19 94 64 37 71 68 38 56 90 19 24 66 48 46 33 82 48 29 12 2 28 32 37 4 56 2 22 52 36 68 10 92 4 43 76 54 26 23 32 49 4 83 20 69 72 86 14 94 96 76 22 83 77 77 85 78 46 1 78 6 67 38 6 73 40 63 9 73 93 
17 63 85 73 35 28 89 70 85 57 81 80 82 87 57 96 55 20 28 77 46 19 19 43 12 15 68 81 24 98 29 42 66 30 68 39 38 28 67 51 53 79 21 20 38 32 37 51 33 2 41 18 94 63 68 51 92 60 71 53 8 96 16 83 40 44 79 70 99 34 57 5 13 66 55 40 18 2 96 96 70 65 17 57 36 49 65 67 97 6 6 40 51 53 16 50 7 75 87 35 87 16 27 1 32 87 55 12 92 62 5 2 34 80 24 64 38 44 76 60 98 20 38 13 23 37 97 10 35 91 61 3 70 42 47 7 80 11 87 3 29 85 29 34 93 16 32 9 69 18 72 98 61 70 37 40 91 17 31 33 93 63 70 41 18 81 85 93 26 7 22 82 95 38 38 64 19 40 9 58 99 39 20 51 57 28 73 89 26 60 84 86 52 57 81 20 97 2 10 29 
8 32 11 89 75 64 3 75 31 28 28 3 84 47 9 76 18 61 35 26 80 35 68 96 95 50 40 58 53 9 53 98 17 35 77 26 18 73 58 68 58 86 6 76 12 59 5 19 23 95 8 84 3 22 39 84 37 81 92 48 78 41 32 28 53 85 93 93 54 23 80 36 48 77 68 67 70 97 4 20 26 49 2 46 90 20 48 17 12 18 1 27 6 70 85 88 59 27 1 35 30 55 12 21 45 45 58 20 4 5 48 26 72 64 58 54 89 73 39 40 66 3 9 38 80 42 57 25 80 3 44 95 88 16 97 67 92 33 21 75 54 26 82 78 4 86 24 53 43 27 56 95 42 79 61 26 44 98 90 80 60 57 66 18 72 48 81 19 34 85 98 80 67 4 50 23 66 58 40 85 94 23 42 29 84 93 1 33 42 84 29 98 41 33 13 47 27 94 7 19 
53 31 78 15 53 34 27 78 26 54 24 45 11 87 60 35 99 32 77 74 34 86 69 86 11 53 82 98 73 34 11 40 22 34 5 40 3 57 63 29 18 12 39 42 19 7 33 13 10 52 1 76 47 60 48 72 35 45 34 39 35 20 65 18 55 3 5 50 57 12 64 81 54 66 7 55 12 87 48 21 46 98 56 25 24 25 49 19 65 91 97 55 40 25 22 85 73 56 96 66 36 16 46 52 56 35 46 4 10 48 26 77 26 90 63 38 84 98 91 45 18 12 92 64 10 70 99 62 93 15 98 5 58 88 28 62 40 37 75 5 30 7 82 4 68 44 41 33 47 1 93 69 13 25 37 87 60 72 16 66 37 94 30 86 42 49 29 30 26 91 15 77 91 81 39 16 91 80 7 31 32 48 74 10 69 50 49 41 13 51 90 17 21 16 10 30 7 15 68 72 
89 3 78 91 79 42 16 41 1 41 82 98 88 21 67 11 36 8 20 34 96 36 43 31 77 48 2 74 47 95 17 43 30 35 67 24 10 34 88 12 26 65 77 10 77 11 83 28 21 59 20 85 69 10 52 8 94 66 8 29 28 41 68 90 56 55 77 43 24 38 33 43 34 25 91 56 49 60 69 55 85 96 39 21 22 92 29 42 92 16 30 16 88 43 86 45 60 56 3 43 15 47 41 30 19 14 21 32 95 64 19 85 27 11 69 34 50 77 68 29 63 93 63 29 21 96 64 1 36 33 38 18 77 56 9 65 74 27 57 31 13 15 24 14 37 97 7 20 46 58 62 61 3 90 2 62 21 94 96 50 77 78 76 62 6 58 28 43 94 57 94 47 93 8 80 33 9 50 44 69 5 29 5 34 2 2 37 9 81 31 75 86 79 86 11 67 92 46 92 58 
57 3 82 50 5 77 34 72 38 36 56 3 24 60 86 68 20 74 50 36 70 38 62 12 10 52 26 40 62 56 34 5 38 29 69 30 41 87 3 76 60 87 94 46 76 27 92 78 57 38 36 53 61 96 53 88 35 14 58 42 15 43 58 10 24 74 47 27 78 37 8 69 80 2 14 49 22 75 27 19 84 7 96 72 38 80 64 38 42 22 58 87 44 96 94 29 83 7 83 10 85 95 18 19 65 45 85 79 29 75 58 59 68 46 1 61 67 56 65 30 97 44 92 46 20 85 13 32 84 96 47 48 30 33 2 93 84 88 75 8 65 95 55 67 78 28 17 90 20 95 24 31 72 49 31 85 11 78 81 87 96 12 7 9 81 16 28 63 7 98 55 1 2 5 87 12 84 19 13 26 63 65 10 12 34 7 43 75 84 45 69 63 87 21 32 62 9 14 65 96 
74 44 75 34 57 10 69 46 34 90 49 62 76 40 37 58 4 5 96 7 78 30 42 72 11 55 28 18 54 14 57 1 10 36 77 72 21 47 81 80 78 67 6 69 19 12 35 76 23 92 97 35 16 16 67 75 69 82 62 21 2 89 49 91 73 30 37 2 93 91 80 62 13 56 79 79 32 3 81 52 92 4 76 78 83 30 1 48 40 44 37 49 41 6 11 63 10 70 96 68 19 86 10 36 81 2 15 36 58 55 19 31 57 83 77 78 27 18 87 34 66 84 93 46 16 6 86 59 63 99 99 14 40 77 14 45 26 48 54 83 43 14 92 55 59 74 44 80 88 22 70 76 91 47 77 55 70 34 19 24 75 62 90 83 3 7 36 33 91 38 43 66 29 22 45 69 43 20 20 28 13 87 92 21 59 76 32 21 48 34 52 99 92 2 13 20 49 19 21 44 
66 36 99 36 59 99 40 10 29 21 68 33 29 54 76 74 39 29 80 75 65 53 28 57 41 9 87 17 25 55 57 26 4 30 63 36 88 46 54 71 20 92 8 35 63 35 29 8 11 17 48 44 81 56 22 76 20 50 34 16 98 70 93 45 15 65 39 28 95 61 33 3 91 60 66 84 80 39 53 65 67 54 39 14 83 38 91 75 87 97 8 70 63 18 10 97 21 61 48 31 98 64 97 22 61 42 61 99 97 85 66 66 27 62 70 5 91 16 55 71 63 69 28 99 38 17 25 2 39 35 9 63 17 72 65 49 47 57 12 99 35 91 88 30 9 57 63 35 24 10 32 84 65 82 14 24 41 86 58 77 87 6 38 45 67 6 55 3 69 24 37 2 10 77 37 73 30 59 35 23 99 37 40 32 13 58 83 60 92 44 27 44 87 93 57 94 71 82 86 99 
43 28 41 18 79 29 43 27 65 45 67 30 5 82 10 1 34 28 96 92 23 53 89 42 71 12 81 71 15 39 97 81 21 56 96 59 90 65 71 72 54 49 45 73 80 77 75 95 66 1 52 55 43 51 99 54 76 46 71 73 62 84 56 78 30 47 76 18 44 99 85 23 98 88 70 8 22 45 51 68 75 82 79 83 54 95 42 17 82 63 55 13 22 48 71 1 64 93 74 88 34 27 79 72 90 57 38 27 24 79 30 13 57 67 71 70 48 79 11 25 84 57 29 85 88 25 37 41 17 89 84 64 55 40 47 13 25 49 40 25 79 72 6 22 4 48 23 9 19 95 1 72 74 21 83 83 56 9 47 93 81 29 99 40 99 34 82 40 94 58 71 96 81 20 72 91 10 19 26 93 60 40 5 53 47 48 15 1 18 92 94 53 52 5 14 8 62 1 79 47 
20 58 95 15 53 8 48 39 64 55 33 54 55 14 13 6 94 14 12 54 16 94 19 72 14 13 88 49 49 39 36 86 46 58 45 2 93 66 59 23 43 77 89 95 12 17 9 77 81 26 54 42 94 57 28 74 61 81 96 75 53 80 87 61 9 49 97 58 28 1 83 11 75 59 66 74 81 62 33 21 38 63 34 35 3 30 83 16 96 43 59 75 5 97 3 41 77 2 22 55 27 79 87 72 31 68 32 61 32 19 56 6 34 96 21 3 9 81 53 64 88 67 45 16 71 60 50 96 19 82 87 60 57 70 41 75 77 73 56 23 32 55 45 98 39 93 82 13 81 80 8 89 6 22 24 66 22 38 97 95 4 62 62 43 89 44 12 89 83 44 7 29 50 41 69 70 21 23 87 35 90 94 14 60 18 75 63 95 25 97 16 7 99 8 16 71 92 67 70 83 
64 30 55 86 92 3 69 70 27 73 42 83 26 50 15 95 66 9 51 41 47 96 35 28 87 31 70 35 27 99 80 9 23 61 10 68 55 43 24 1 25 45 7 67 51 36 65 95 75 55 24 85 58 11 29 7 80 85 46 98 43 27 63 73 68 57 86 11 99 67 43 61 96 18 80 48 44 41 67 60 45 38 90 62 22 80 59 85 19 12 3 32 98 45 69 75 47 62 29 58 68 18 71 95 87 35 6 69 49 8 63 35 19 1 95 17 82 48 71 9 47 55 83 77 38 97 43 57 2 20 81 55 7 39 52 45 39 40 27 75 8 81 99 61 40 87 81 91 84 58 8 22 9 58 31 80 3 28 27 65 76 73 88 44 57 73 30 56 97 77 88 10 65 5 18 84 53 43 93 31 70 53 13 66 48 65 90 82 39 79 65 40 14 66 91 69 64 66 48 71 
79 57 72 96 14 80 61 7 97 35 99 53 8 44 90 57 21 76 37 90 17 58 44 78 76 61 17 95 81 15 65 69 16 94 98 79 65 32 27 54 17 7 63 77 57 52 23 81 79 52 20 51 73 42 73 25 32 10 3 88 51 95 26 82 26 87 67 98 55 28 50 79 38 13 99 19 76 84 42 63 70 41 6 10 27 31 21 8 50 53 20 58 47 59 34 12 28 53 98 74 3 88 51 99 82 72 27 95 80 60 67 20 14 64 13 83 96 42 5 46 49 9 87 23 90 27 8 77 41 12 11 26 25 32 47 36 66 4 65 28 90 98 19 72 26 38 59 91 2 95 43 59 48 96 26 2 97 16 65 95 83 82 23 70 42 75 57 6 10 27 33 34 25 18 14 37 28 83 65 52 60 11 55 65 65 34 52 14 88 45 27 87 74 82 52 28 72 40 1 28 
69 79 65 56 22 24 55 57 12 29 4 56 57 35 56 95 84 38 68 77 25 90 2 57 21 5 26 51 21 50 18 33 80 54 65 34 66 3 60 43 48 38 3 8 8 60 5 32 33 29 79 77 19 60 55 66 68 29 61 74 94 65 39 40 15 61 37 56 57 63 11 73 56 76 23 2 54 64 47 9 2 49 60 19 56 9 51 15 84 80 15 38 61 57 52 85 66 93 75 16 89 97 2 40 29 39 58 32 89 43 78 21 83 92 5 94 31 29 85 97 62 52 79 34 13 20 50 64 27 45 72 7 56 2 27 38 60 20 2 92 7 87 92 63 72 51 5 99 38 15 50 9 95 40 49 57 45 45 28 68 91 10 24 23 51 67 79 60 44 12 46 76 2 93 82 28 61 20 55 26 69 59 40 41 78 35 18 1 51 29 79 91 55 81 23 58 67 89 54 1 
52 75 12 92 80 36 1 81 40 94 16 46 8 30 78 85 95 11 46 87 58 94 18 29 88 25 31 74 18 39 59 78 17 61 21 86 94 4 68 29 1 68 95 30 22 47 34 98 86 21 56 35 59 59 72 30 46 20 31 59 90 50 23 90 76 87 73 80 25 58 50 75 97 75 60 8 95 44 46 2 57 57 93 69 61 95 25 12 26 32 2 22 7 25 26 76 99 24 37 46 40 68 16 87 1 84 78 47 95 88 83 62 75 86 27 57 32 72 44 45 94 30 11 31 33 31 39 5 55 39 82 49 9 3 32 34 78 63 19 18 91 49 14 50 11 78 25 68 40 57 99 98 23 82 26 55 40 39 30 45 12 1 76 60 98 31 69 84 99 82 52 89 51 95 8 35 31 2 56 71 55 20 60 39 79 59 18 64 95 16 67 65 39 78 87 48 80 21 94 8 
15 85 83 88 83 10 66 31 19 69 61 69 37 96 7 32 45 67 33 94 50 5 69 77 50 77 36 45 42 96 53 9 16 21 33 24 58 55 85 92 49 47 13 59 66 91 16 19 81 28 88 7 62 40 21 5 70 60 97 43 65 62 1 92 97 67 5 72 19 41 81 47 70 96 96 25 93 88 13 60 21 20 86 53 82 38 71 48 5 36 14 36 7 51 58 52 5 67 41 77 10 12 97 39 28 60 56 7 61 31 41 99 6 88 72 77 55 43 64 50 95 49 28 68 12 8 68 32 79 65 85 83 74 12 77 12 64 83 35 51 14 63 44 80 81 76 87 26 23 97 43 55 88 43 82 85 23 76 75 76 67 5 83 34 57 82 65 10 24 9 76 1 94 28 66 48 91 29 77 39 31 46 51 7 26 61 23 29 84 98 23 28 10 30 76 72 1 69 6 76 
31 65 46 84 71 87 71 46 96 6 51 49 64 67 56 28 10 44 35 44 44 36 13 83 55 68 90 62 9 94 45 20 44 91 31 25 80 66 80 68 10 51 99 73 6 4 73 86 13 10 61 79 56 81 2 53 37 55 8 35 31 98 69 77 92 2 53 61 51 81 4 90 14 84 40 99 64 80 59 48 61 68 34 21 42 70 14 32 19 40 26 19 81 52 71 49 95 13 31 13 5 51 60 30 27 24 91 46 59 17 33 33 73 37 71 87 18 24 69 37 18 40 63 33 76 74 71 51 71 45 83 98 58 92 68 7 68 89 71 31 10 30 13 58 68 37 92 98 4 60 84 89 55 74 40 94 37 83 86 6 40 16 28 38 32 27 46 38 56 98 98 74 35 39 19 44 64 84 17 71 19 96 80 6 48 63 73 24 80 98 36 28 19 46 85 50 43 71 14 44 
35 41 75 19 48 6 28 74 22 50 8 53 83 43 9 63 46 84 9 48 3 9 70 81 32 82 35 73 92 6 30 63 28 9 65 25 63 59 32 65 8 52 5 24 52 21 41 71 69 27 81 13 18 67 50 87 36 71 52 64 47 1 76 47 56 50 95 72 51 46 62 9 3 51 16 58 65 56 74 54 74 88 42 65 50 7 5 91 94 3 31 66 92 99 71 54 12 56 60 54 3 61 15 98 98 38 35 50 17 43 3 8 55 63 84 99 95 21 28 89 3 69 63 72 24 96 7 76 90 22 52 63 14 97 81 27 91 9 55 93 1 73 19 23 5 44 1 8 46 3 12 73 52 66 45 76 34 85 77 9 84 41 67 94 77 48 56 89 73 55 70 82 12 43 17 95 17 25 86 85 96 46 51 37 39 87 68 72 18 59 76 45 88 7 96 41 87 9 34 78 
28 2 60 4 74 48 23 24 7 75 97 30 55 12 46 59 64 48 46 9 93 43 88 44 16 16 79 91 20 51 37 42 5 96 94 52 87 67 99 42 97 37 15 93 77 49 15 56 84 6 88 41 91 78 41 25 84 98 88 46 61 63 64 11 37 34 13 84 39 36 94 2 10 57 84 57 6 53 68 13 95 39 50 91 63 97 46 81 9 74 84 36 43 77 12 72 92 81 84 69 98 23 76 72 14 6 73 90 8 93 76 96 63 18 99 27 77 70 71 83 59 12 35 30 34 61 47 95 41 7 78 74 33 98 14 23 77 50 52 62 54 39 7 77 59 9 5 19 1 65 86 98 3 79 9 95 3 84 39 50 50 81 62 69 13 30 74 21 69 58 88 40 12 58 28 24 50 82 35 34 4 51 60 96 10 46 74 3 17 17 57 5 90 71 6 22 7 86 29 36 
24 83 25 11 75 63 99 93 73 51 21 83 9 25 40 93 45 84 80 60 16 48 35 36 24 57 68 95 44 71 14 36 19 70 74 72 63 54 27 39 62 46 14 92 70 85 52 11 13 34 26 89 85 75 92 46 54 10 76 17 55 60 73 61 94 70 53 56 50 3 49 99 68 41 71 12 66 88 96 30 33 70 72 14 26 30 17 44 72 33 19 19 73 63 38 60 95 28 2 7 79 51 12 21 35 78 36 82 42 78 16 94 50 35 61 77 80 57 52 73 24 71 41 45 42 25 49 75 65 86 66 67 96 43 57 44 7 4 52 50 40 97 54 47 8 73 37 22 94 1 43 77 52 69 86 39 5 89 51 52 47 90 90 82 43 24 29 16 27 60 62 57 5 91 56 34 50 29 44 92 10 5 33 1 99 70 98 46 7 98 87 34 85 83 16 95 64 36 72 77 
50 73 2 65 22 59 56 92 24 8 85 23 8 99 39 13 73 18 20 21 73 47 81 8 14 73 30 37 50 85 22 69 89 71 65 72 92 23 20 11 68 32 97 54 79 92 62 72 41 1 28 35 18 52 60 17 26 48 77 91 36 86 50 35 66 69 97 24 89 1 92 40 29 86 60 61 58 31 74 71 6 43 64 54 48 33 8 94 15 12 34 79 87 91 27 98 98 86 18 40 33 13 93 96 25 88 90 62 63 32 95 30 85 64 49 96 83 7 42 61 98 83 18 22 24 19 70 80 6 41 46 39 40 77 42 2 75 59 7 74 12 16 42 64 99 82 99 81 43 91 83 34 95 81 48 35 64 88 1 98 7 52 99 39 31 14 55 72 99 16 30 19 23 1 35 95 66 17 36 26 45 9 49 33 26 26 42 39 27 19 35 72 19 39 97 59 24 40 54 29 
19 19 80 89 80 46 31 3 7 4 83 67 85 35 28 8 60 94 12 54 34 42 43 48 66 46 84 35 76 82 59 69 38 35 45 17 86 96 81 45 12 65 62 35 65 50 42 71 51 65 30 49 37 34 95 69 43 86 66 42 51 63 25 86 99 9 15 26 83 78 35 93 58 34 44 32 34 45 58 89 81 89 49 22 27 54 49 93 57 30 47 78 13 21 89 54 96 33 82 11 66 85 86 43 38 2 23 54 86 14 69 56 44 63 63 67 99 96 96 16 2 70 21 35 55 49 47 68 24 3 41 65 28 12 28 85 46 62 91 93 17 50 70 64 33 77 65 79 48 55 31 28 71 2 82 7 71 42 90 21 73 12 85 83 61 51 54 16 76 11 43 46 18 48 55 10 43 28 50 52 66 24 47 24 60 16 24 86 55 93 14 7 41 52 9 59 61 97 59 27 
9 43 12 40 21 73 99 53 11 51 38 15 99 88 69 32 95 37 22 49 99 86 15 53 99 65 56 66 73 43 43 51 85 27 60 11 92 63 84 85 39 37 77 55 58 73 93 39 72 35 75 94 94 25 53 21 24 85 47 52 50 97 67 65 54 80 12 73 2 93 67 31 50 34 12 29 47 39 9 1 25 85 15 17 11 88 73 85 16 2 16 57 42 19 66 18 82 71 33 96 17 32 17 57 15 11 8 6 34 56 83 87 23 58 11 83 18 44 45 17 44 81 33 48 18 74 8 79 41 68 93 48 8 48 3 34 99 35 37 54 88 92 85 65 34 22 30 63 84 62 37 82 78 93 66 95 44 34 63 18 96 40 63 98 42 10 93 31 75 77 66 43 79 18 84 6 27 45 42 26 79 11 18 51 87 8 83 68 91 66 98 2 20 56 11 16 89 86 57 15 
57 50 52 31 67 18 19 15 20 15 70 2 57 37 44 61 67 79 28 61 84 30 51 61 87 71 91 18 98 83 69 82 88 41 53 2 70 13 53 20 6 63 28 72 98 54 79 92 99 40 57 10 6 71 53 46 56 95 8 21 38 53 4 49 83 81 71 39 69 13 83 95 18 73 63 20 96 87 73 6 19 71 25 45 42 41 74 24 71 3 24 23 55 61 18 19 86 16 50 84 6 61 56 85 98 88 20 86 93 80 68 44 67 20 75 12 40 80 59 38 78 36 82 66 93 51 56 36 41 87 33 82 25 4 14 34 91 51 43 18 34 77 11 51 89 27 53 52 42 36 50 32 20 39 30 95 96 66 62 45 91 41 65 77 70 82 99 85 42 7 74 55 61 23 42 72 29 37 99 12 91 49 92 50 39 57 8 54 9 51 79 88 81 19 88 13 85 42 58 81 
39 95 65 56 7 29 3 34 70 59 81 26 28 62 91 70 10 92 48 83 67 77 93 57 82 24 96 62 63 14 52 43 41 7 82 23 76 38 37 99 58 20 88 49 97 41 41 23 35 66 22 51 37 38 84 37 97 74 12 63 35 71 11 88 95 98 17 46 52 6 89 49 4 17 18 83 76 32 15 16 23 31 21 85 22 67 4 12 78 71 58 87 26 51 3 83 21 91 85 47 50 51 80 3 25 68 85 50 84 56 30 67 91 6 64 7 39 83 70 98 45 33 53 51 54 73 46 45 37 3 9 42 91 92 27 78 42 93 13 66 39 31 6 95 60 9 71 32 9 5 3 18 17 76 17 73 40 56 60 93 62 51 5 51 93 49 49 95 72 11 17 50 59 75 62 19 46 58 60 79 49 51 19 87 11 23 66 74 1 17 63 48 15 56 91 93 76 39 64 72 
86 70 4 38 75 83 88 57 47 49 11 29 42 88 51 87 36 1 27 52 34 70 86 22 78 64 12 81 41 33 17 96 28 9 48 16 77 8 85 70 59 27 42 76 80 47 64 31 75 34 28 15 15 33 47 89 2 73 63 2 70 67 54 80 89 11 30 37 60 81 32 65 16 40 36 42 23 30 50 29 81 77 15 68 24 91 4 84 14 65 23 86 50 72 13 65 64 70 44 95 18 99 22 34 9 84 85 20 64 30 4 75 48 25 79 6 54 42 50 1 11 35 84 29 76 41 84 45 46 79 83 86 45 55 49 70 32 53 83 2 98 41 17 62 69 70 17 23 1 76 81 32 84 75 42 24 42 67 63 14 29 34 42 3 34 42 8 70 79 39 24 82 18 56 85 85 37 8 21 12 57 88 90 72 29 80 89 64 40 45 44 65 7 27 14 37 80 54 91 25 
70 93 59 43 6 65 72 93 95 45 5 40 36 14 58 45 85 66 99 85 68 9 61 52 71 65 36 49 48 72 82 93 12 79 25 20 44 52 48 74 88 68 6 17 52 21 11 22 9 17 42 79 92 77 44 92 5 37 23 76 9 44 50 63 33 63 61 98 71 69 55 40 77 55 95 62 74 26 10 51 45 1 89 10 39 12 91 52 68 8 33 8 9 49 99 20 3 13 38 47 55 87 60 60 33 76 43 46 71 98 26 3 65 84 13 45 77 80 71 99 32 46 35 11 19 56 98 33 90 97 24 36 64 73 34 4 23 99 17 36 11 7 27 44 37 37 78 53 75 52 54 6 64 21 97 55 6 33 18 69 63 86 87 32 69 97 43 39 16 94 85 2 61 19 81 44 29 29 57 5 4 94 8 37 35 2 89 9 38 48 25 99 91 48 97 6 37 28 57 35 
