200 20
55 72 1 58 45 6 48 85 58 60 53 67 9 27 5 89 60 10 94 52 27 27 7 61 65 95 15 20 65 30 77 27 49 37 27 69 59 4 66 11 57 98 62 95 14 60 40 31 5 92 73 89 5 58 84 99 79 74 32 38 79 2 9 26 37 44 32 22 55 39 40 14 4 50 85 17 17 64 27 63 78 83 27 96 23 18 39 68 27 80 9 28 2 83 64 19 87 26 7 72 49 91 12 1 68 45 15 88 36 19 11 92 48 13 47 30 98 84 13 73 75 46 39 44 48 56 86 12 68 11 46 76 61 43 24 74 18 14 43 65 89 4 34 25 82 11 27 44 51 40 49 19 92 2 15 44 37 99 21 9 48 30 41 89 8 73 20 43 20 87 64 2 94 1 39 64 49 9 61 94 96 65 90 11 46 75 29 81 87 94 8 17 93 14 85 67 8 62 42 11 
42 40 57 97 38 10 91 7 47 58 59 81 62 2 90 68 47 33 26 74 6 89 78 34 52 24 4 84 80 71 72 28 29 19 36 3 52 73 95 51 91 32 71 90 37 48 71 81 7 4 58 91 3 74 22 73 92 2 46 23 69 58 75 57 21 20 86 77 6 31 58 41 13 77 34 27 36 52 99 9 41 23 43 19 34 6 31 21 31 29 70 76 26 5 83 15 59 95 73 1 87 85 91 4 52 49 12 67 48 16 91 78 91 43 47 32 88 84 19 6 7 57 42 23 40 12 13 28 81 98 60 48 87 40 13 66 49 98 68 89 63 42 61 18 96 17 34 9 56 15 2 53 60 40 25 40 4 82 77 25 29 80 13 98 94 95 36 57 44 77 70 71 71 33 25 53 96 96 69 26 27 96 93 93 31 29 85 6 5 19 93 32 41 94 96 28 1 56 76 3 
66 86 55 49 51 70 28 65 76 56 15 8 81 29 7 62 66 56 23 16 35 34 61 8 38 29 38 67 16 21 30 61 46 49 24 38 83 55 55 68 7 26 54 89 58 37 89 53 91 99 11 64 15 98 92 27 32 43 81 87 89 5 33 80 17 63 62 68 73 53 83 88 90 1 57 96 16 73 30 9 57 25 80 47 26 31 62 81 79 42 50 76 68 22 79 31 77 90 94 25 68 73 87 62 26 40 48 14 5 49 2 63 63 94 56 49 17 44 44 9 79 88 68 20 4 83 45 50 27 92 45 94 18 30 41 26 15 8 51 30 72 76 79 56 8 69 62 59 38 47 13 43 31 43 61 5 42 3 3 74 66 31 38 66 71 34 18 17 53 65 89 30 69 65 36 22 90 11 24 63 38 54 42 24 32 68 52 17 35 90 27 40 92 67 97 24 79 96 93 70 
91 10 15 59 20 84 69 80 40 35 75 55 49 10 28 73 44 74 79 54 41 29 61 59 89 27 99 15 97 96 38 30 47 57 52 12 13 36 68 90 80 91 87 32 66 29 97 60 38 21 98 76 29 26 14 73 61 3 15 60 60 38 40 75 78 56 9 13 9 43 42 30 8 64 86 77 11 81 24 11 55 74 97 13 93 58 27 9 18 99 29 88 73 41 33 26 80 16 6 92 53 65 63 81 17 62 93 24 28 26 76 8 91 43 97 95 80 84 72 48 55 26 60 36 81 66 88 64 50 44 64 87 93 60 2 30 6 93 31 6 64 21 27 34 43 34 21 60 35 63 21 76 69 90 33 36 33 70 76 74 83 50 7 30 74 87 28 59 70 67 19 56 66 24 46 73 7 57 86 39 4 53 43 76 57 2 66 21 71 13 69 40 75 43 52 54 42 6 14 51 
69 45 31 9 32 22 34 18 27 39 98 95 33 55 41 68 25 15 70 93 70 36 83 51 19 7 57 37 98 81 44 59 10 70 65 29 16 33 3 56 42 78 94 43 64 50 30 76 7 28 41 24 33 14 96 24 42 33 96 84 57 24 66 73 28 31 48 11 16 2 98 68 91 77 78 57 32 88 48 25 7 48 63 49 77 46 65 29 89 40 77 81 67 55 95 36 5 71 86 22 61 20 78 70 58 78 56 5 66 62 52 31 5 19 44 38 33 24 46 83 44 71 4 96 59 69 87 65 20 33 84 30 84 81 97 82 21 25 33 54 97 64 95 14 82 83 86 57 31 41 92 7 85 68 81 97 62 58 96 79 54 60 49 4 15 78 12 21 60 59 14 73 57 87 35 89 19 83 97 76 2 91 61 15 92 75 17 52 9 15 80 96 88 95 83 10 83 5 74 4 
6 52 46 71 20 96 99 71 77 66 15 71 36 50 83 44 34 45 62 9 65 34 43 98 39 47 25 35 58 34 79 89 81 33 20 56 93 37 71 21 77 64 38 28 77 29 73 50 70 6 47 58 39 1 17 86 31 21 93 5 37 41 12 88 53 76 97 80 55 45 41 68 62 42 59 46 7 5 67 88 5 85 50 17 26 17 28 65 58 79 24 57 79 77 37 64 25 97 8 83 57 85 86 3 34 12 6 66 76 42 43 50 39 1 98 25 80 47 52 27 25 40 44 30 39 7 34 8 98 11 75 6 51 23 84 14 94 91 5 28 39 5 79 23 76 65 18 21 52 58 68 61 32 17 79 64 68 94 78 8 75 31 30 87 90 24 13 92 48 93 84 70 47 58 52 97 19 95 38 47 95 14 52 57 81 25 60 1 19 6 48 54 58 73 96 67 26 50 48 28 
86 16 76 87 67 18 19 16 13 15 62 62 13 70 11 67 70 13 5 7 49 74 63 33 13 40 33 23 72 89 24 19 27 38 61 72 11 83 23 88 33 52 86 71 26 35 73 64 83 38 88 96 11 26 70 26 63 59 29 81 93 48 93 10 91 86 54 18 32 2 5 13 18 97 90 54 20 94 48 87 26 78 50 97 81 41 50 44 34 25 25 13 75 65 21 52 89 37 92 23 92 96 53 38 76 25 12 9 56 74 23 86 9 8 25 8 22 45 88 38 35 9 56 16 80 64 90 94 35 63 14 88 53 91 54 14 22 11 87 35 95 98 84 10 44 99 51 27 94 62 72 57 78 87 60 90 70 69 90 86 37 39 54 12 77 12 93 87 66 26 53 33 1 91 20 7 42 29 64 54 60 17 89 49 76 35 72 36 7 6 8 76 10 40 49 92 26 81 59 10 
3 95 98 30 12 82 63 95 7 89 94 61 57 86 83 28 9 56 8 68 96 18 42 49 67 40 81 49 95 67 61 78 5 28 72 93 82 63 81 23 6 42 51 78 51 76 56 79 21 45 4 69 58 12 51 34 65 40 27 22 25 17 47 62 17 67 36 81 37 76 40 27 17 7 56 81 43 16 39 82 72 77 30 43 57 97 67 69 55 38 12 79 56 26 61 21 97 84 71 90 81 42 73 55 98 54 91 66 40 26 67 83 22 23 71 86 1 97 24 2 93 4 20 18 96 17 37 99 5 51 63 17 27 81 13 53 10 57 43 31 52 28 74 27 28 53 11 94 98 32 56 77 41 11 34 32 57 10 8 46 97 39 95 56 80 16 94 67 9 85 91 69 87 42 92 61 48 40 32 64 60 22 94 41 55 29 39 19 45 26 8 5 35 18 52 5 51 65 50 42 
71 6 90 97 46 57 39 44 81 66 49 61 53 22 54 38 99 86 97 35 18 91 27 77 54 31 87 50 2 55 18 92 91 62 40 86 88 96 57 59 80 37 46 68 79 94 49 1 9 5 69 64 99 23 64 82 84 14 40 88 91 51 45 18 37 7 62 2 20 45 5 63 16 21 9 9 69 65 26 22 89 88 22 60 43 66 63 43 48 38 16 51 67 98 39 18 2 93 75 23 85 10 48 86 80 73 53 63 65 41 54 34 35 92 74 2 91 28 92 87 37 59 34 18 69 4 67 23 77 78 96 31 28 94 55 60 67 51 98 12 11 26 1 65 39 72 44 71 87 13 20 47 44 32 12 68 44 70 98 63 57 17 45 7 88 7 94 14 68 9 62 35 49 25 33 47 93 83 50 48 73 27 13 52 63 13 66 84 32 5 99 69 34 64 38 30 11 49 33 78 
57 83 86 69 70 94 71 92 2 6 58 22 10 69 46 62 75 11 87 77 65 99 57 58 3 14 19 89 36 15 97 23 8 9 45 39 23 21 12 24 18 63 13 32 29 1 98 58 61 23 21 4 58 13 5 46 68 12 16 12 16 92 30 38 69 27 99 46 10 53 26 8 98 45 25 18 48 82 96 57 89 18 94 67 42 46 95 14 79 73 64 60 3 85 28 34 6 18 41 91 45 20 53 96 8 31 83 80 82 43 80 12 26 72 1 71 32 28 69 13 3 77 54 38 13 21 32 61 82 56 58 79 44 48 34 43 11 96 77 22 47 10 89 74 34 64 27 18 44 83 66 95 3 99 75 46 60 25 81 72 64 21 42 12 22 64 8 1 72 21 97 47 56 9 64 98 80 71 64 11 91 43 26 14 43 19 17 87 60 26 17 21 16 88 80 89 93 97 14 19 
16 63 19 82 65 46 88 64 79 2 50 63 88 51 79 15 21 77 16 41 42 77 10 98 97 6 66 22 60 11 85 65 71 88 12 47 86 17 70 95 16 9 19 89 70 46 84 5 8 33 13 54 71 31 8 38 36 10 76 79 53 86 75 75 94 71 50 37 92 12 83 32 86 33 33 31 68 86 82 50 23 90 80 97 71 75 84 11 21 25 8 7 99 25 57 24 8 1 84 62 56 64 26 33 17 61 43 97 56 7 73 15 89 37 69 82 19 47 42 80 76 39 9 17 72 62 31 70 35 61 64 35 54 14 97 61 30 80 97 3 9 45 55 60 34 58 27 21 86 82 78 8 28 36 29 20 47 36 96 78 2 40 38 66 60 95 97 78 50 78 47 57 98 38 29 46 78 42 4 24 48 20 92 55 98 5 19 29 97 81 52 9 31 25 55 69 47 47 26 45 
60 25 90 65 57 9 29 46 86 70 58 96 61 73 49 12 64 18 3 30 71 62 69 58 62 42 68 87 48 85 5 16 84 34 90 59 93 63 60 78 77 98 91 94 45 34 27 7 24 54 85 11 82 48 87 22 48 32 72 87 24 68 14 11 10 81 43 67 24 75 65 25 13 60 77 60 79 61 90 79 95 45 44 37 25 33 29 53 38 24 2 34 34 10 7 88 57 99 95 51 19 29 41 93 13 88 62 52 33 38 37 40 99 24 26 66 67 1 88 61 53 48 2 86 50 92 80 58 48 22 92 66 51 7 83 93 98 19 90 30 79 48 61 94 56 24 75 58 81 35 63 54 15 41 20 3 44 1 30 27 3 83 81 74 91 93 88 32 91 82 9 50 88 74 59 54 88 80 40 71 39 19 48 41 44 35 1 42 85 17 51 4 43 18 8 32 10 72 53 19 
84 90 98 99 2 11 18 65 90 80 58 18 58 79 66 36 63 83 39 37 18 51 23 71 73 20 4 13 23 3 1 60 87 78 61 21 14 86 55 14 66 19 67 57 24 20 89 64 68 71 20 37 83 93 50 62 46 36 64 98 19 69 30 79 46 82 91 97 48 76 67 8 13 53 37 12 88 16 44 60 83 58 82 39 51 60 91 69 91 80 52 96 41 50 80 87 67 70 20 22 61 98 33 88 34 50 1 75 8 87 12 66 12 13 57 35 74 68 27 35 16 22 98 98 46 65 34 28 55 9 75 87 8 71 34 1 37 78 86 40 38 50 71 27 61 3 76 18 9 36 38 3 24 28 32 99 89 32 70 44 17 67 89 86 44 13 49 85 27 5 26 99 33 24 4 83 36 96 68 80 10 80 4 16 22 67 84 90 25 67 69 77 56 12 91 12 25 41 61 86 
88 30 51 2 90 38 44 73 26 14 3 61 27 2 18 42 10 7 44 88 35 59 69 34 83 89 81 46 21 93 42 89 67 98 48 99 68 39 7 50 58 19 3 18 36 83 62 59 29 87 31 69 62 64 33 61 30 93 46 25 59 71 68 3 85 78 87 55 17 46 47 32 1 32 20 36 99 81 72 97 53 99 36 40 51 21 75 51 99 75 55 47 90 60 12 45 72 7 22 33 14 48 66 34 79 91 8 78 92 83 50 72 8 80 13 65 77 17 97 19 20 73 60 76 91 49 74 32 52 25 3 96 38 36 68 71 23 39 19 12 94 81 97 99 22 71 12 10 18 43 4 79 18 29 15 79 39 28 57 77 55 72 83 12 65 98 54 58 57 13 5 99 82 64 17 92 21 11 87 37 51 88 95 48 21 81 70 19 10 87 64 96 8 89 17 43 73 26 27 12 
54 7 83 81 80 80 10 34 35 37 94 82 44 79 96 49 32 8 93 24 65 62 27 8 97 69 49 63 14 83 62 48 70 31 64 68 44 54 93 15 70 58 72 13 92 47 49 62 1 75 42 80 78 88 85 51 46 65 72 61 5 65 95 50 76 67 96 52 54 20 4 38 42 79 80 60 96 56 67 97 77 56 23 98 82 31 75 23 99 12 56 88 44 63 51 14 9 18 42 60 98 27 50 77 86 1 80 49 45 55 62 31 98 50 98 2 64 39 7 98 93 9 61 69 21 26 39 11 3 79 63 14 64 23 46 8 40 22 33 4 22 93 47 37 2 55 31 14 10 61 93 52 66 53 52 28 21 3 73 18 97 52 22 40 36 58 2 3 40 41 1 47 16 22 32 87 22 70 81 58 6 47 47 57 53 47 87 88 31 44 63 7 28 35 78 60 3 82 30 37 
22 34 94 37 57 95 60 83 87 21 3 50 13 23 28 88 31 97 51 97 50 50 7 40 13 7 73 62 12 38 86 15 9 77 64 66 53 37 20 27 4 29 85 68 44 85 25 34 3 72 60 68 70 12 82 28 20 3 77 6 28 33 38 44 86 7 89 58 30 56 2 52 47 62 13 41 4 75 46 65 59 32 28 12 87 74 9 33 94 70 80 65 38 29 92 45 42 21 77 34 22 98 62 30 99 15 92 91 23 37 49 55 83 73 63 51 37 84 45 27 21 7 90 62 74 69 9 90 56 14 38 16 61 12 62 31 45 83 35 40 36 19 92 73 59 92 75 6 51 87 48 78 82 8 17 18 73 3 45 49 14 83 78 23 83 41 60 27 67 65 47 9 77 65 36 91 69 86 72 96 64 29 78 61 61 68 67 53 66 74 59 94 98 25 9 78 21 32 13 88 
14 69 62 1 23 86 68 75 90 96 57 53 92 47 92 36 75 20 55 57 55 21 42 73 6 82 55 62 57 49 99 10 88 75 75 12 18 19 69 61 2 33 54 46 24 61 75 41 92 35 51 1 33 57 62 57 79 7 46 7 73 27 93 12 52 20 39 89 45 41 55 6 68 90 49 70 16 11 53 30 57 79 19 64 26 97 12 76 19 93 7 85 85 6 78 27 23 84 95 40 72 83 18 63 10 50 86 30 39 26 19 59 88 34 1 53 5 74 85 86 42 22 81 4 60 15 47 10 19 49 89 68 68 76 51 90 43 93 9 32 59 37 64 84 5 79 42 72 35 18 76 44 65 74 12 65 67 85 93 16 59 94 62 80 99 52 47 42 86 99 58 81 45 74 84 61 22 94 83 29 84 57 76 5 9 30 42 78 74 47 11 1 59 2 58 80 36 39 98 74 
77 68 89 28 62 49 76 58 98 67 45 41 97 19 89 96 33 65 8 1 13 13 63 52 51 71 59 42 31 29 3 22 78 20 77 74 27 90 13 79 89 72 47 85 26 47 2 76 12 19 50 40 8 76 80 39 25 72 72 76 1 80 59 70 58 75 2 14 85 89 51 51 94 94 26 43 95 60 71 37 66 27 35 36 16 74 33 63 58 91 21 38 80 42 56 38 9 37 76 72 77 99 59 48 4 37 96 40 47 9 62 57 84 93 78 15 77 59 86 4 41 32 18 52 12 65 57 4 17 8 17 79 44 71 99 50 7 2 74 3 19 45 40 13 56 20 94 6 32 81 6 36 62 95 79 47 34 4 28 43 75 90 37 61 23 58 38 33 94 90 73 61 51 22 69 80 72 9 98 35 21 95 55 39 13 85 21 49 87 8 33 35 71 87 53 45 56 13 39 75 
59 87 50 79 67 40 21 34 47 54 35 60 24 3 98 17 50 12 23 33 50 5 60 58 67 42 49 4 1 68 65 84 56 56 54 63 85 49 84 99 33 4 86 85 76 34 96 95 71 60 3 27 98 44 86 44 3 40 67 24 38 33 47 99 15 86 52 1 38 85 79 2 55 78 38 61 98 22 93 69 29 26 13 91 79 93 6 9 98 70 71 63 95 84 40 4 83 90 18 28 22 13 29 26 63 92 63 23 91 28 14 26 72 20 27 65 92 14 42 39 5 45 36 56 72 84 69 83 13 77 25 81 39 90 58 59 6 56 37 8 53 13 82 50 50 53 21 83 37 65 20 22 70 75 36 42 68 95 58 24 51 61 49 98 85 82 91 88 32 81 32 52 82 39 24 29 11 40 68 82 12 12 64 44 45 73 46 55 82 77 32 14 48 52 63 16 63 48 52 1 
42 82 20 44 13 15 71 60 14 22 43 8 65 97 23 46 29 97 4 5 29 55 97 2 72 1 57 60 63 84 92 33 23 86 94 14 12 47 46 62 45 73 48 20 11 69 33 26 92 44 88 44 84 41 69 73 11 47 25 71 46 17 10 68 32 90 7 94 97 14 46 88 77 52 22 25 31 16 12 27 59 70 96 86 26 66 77 87 75 49 96 18 51 78 55 91 16 54 29 69 67 26 92 73 59 18 35 9 21 45 79 80 72 35 99 16 47 41 42 76 11 66 44 83 74 79 49 36 20 34 31 23 16 89 6 50 35 27 59 54 75 68 56 23 78 96 68 14 47 72 85 73 63 57 38 53 12 26 15 34 91 90 84 37 40 16 8 51 52 40 64 44 93 91 65 85 25 13 74 66 20 70 27 13 80 81 48 10 58 29 72 20 74 81 60 97 36 12 20 12 
