200 40
61 12 9 27 15 22 63 13 26 1 59 70 97 80 46 56 77 88 20 21 58 49 22 11 80 81 38 67 27 99 1 27 28 12 86 22 57 25 17 80 35 37 61 24 27 44 32 71 43 38 86 35 41 4 30 26 20 22 10 45 27 71 21 93 55 22 3 66 40 41 40 52 65 92 63 37 58 34 47 2 92 19 14 21 85 93 29 66 3 5 3 6 51 89 92 98 86 83 2 4 9 17 75 73 61 13 8 54 36 93 37 91 68 73 45 21 38 64 62 78 72 72 60 90 43 99 60 84 66 43 26 77 6 93 67 86 66 40 40 20 4 65 44 84 14 47 25 79 41 59 73 4 73 70 27 46 47 44 67 95 39 42 21 32 74 16 60 35 25 19 3 76 4 93 12 24 73 82 95 41 38 21 7 86 50 41 46 15 6 68 57 75 46 25 29 12 60 29 95 64 
9 50 42 84 19 80 11 27 41 47 52 72 77 4 7 86 56 76 39 11 32 72 43 63 85 72 39 41 25 35 71 13 84 94 15 28 26 62 67 12 37 27 54 64 30 53 30 64 47 81 71 65 55 29 84 98 48 90 3 72 46 36 82 68 95 15 11 50 71 48 99 52 71 38 85 89 25 61 34 52 82 71 37 8 26 98 12 98 60 49 5 45 19 6 84 43 60 30 50 67 72 56 26 66 65 99 62 65 80 47 37 69 81 66 54 55 62 99 43 81 40 66 62 78 61 62 94 56 97 59 51 99 48 6 66 72 36 29 7 11 15 29 59 32 62 84 42 28 82 52 97 65 7 62 96 90 93 24 33 25 27 21 31 66 18 15 40 89 4 45 35 45 48 25 18 61 44 45 20 43 6 73 94 70 78 54 24 1 33 9 18 69 65 34 11 84 99 3 64 36 
99 60 91 14 55 20 51 72 99 50 20 52 79 49 33 19 72 96 61 17 89 56 7 77 74 74 5 13 6 78 24 17 90 80 64 69 72 75 59 29 27 39 77 40 61 33 17 30 17 98 10 7 66 63 22 62 18 33 50 72 9 99 26 93 13 39 12 67 34 6 5 16 10 40 34 46 11 65 61 45 40 86 80 87 35 90 20 25 63 49 41 96 27 17 35 22 60 29 28 4 32 5 80 27 41 46 82 62 20 40 59 59 36 52 66 52 86 34 96 58 4 18 70 78 52 22 45 93 28 44 8 70 61 65 80 56 15 51 17 82 84 49 5 63 97 90 62 94 17 85 44 57 35 33 33 12 78 10 50 4 8 78 43 62 16 82 98 97 26 49 32 2 96 88 91 53 20 93 62 10 19 41 56 14 49 86 23 90 1 73 43 47 95 25 29 73 88 48 29 43 
85 68 61 53 84 29 81 52 68 79 72 88 51 94 7 70 12 63 21 18 94 88 15 65 7 87 53 63 18 90 62 73 64 42 37 73 46 4 32 54 26 46 68 21 31 57 30 92 52 39 66 4 47 7 90 1 34 88 77 45 96 30 68 13 83 87 69 92 7 32 48 89 41 50 38 20 26 41 37 16 67 20 4 24 33 13 65 4 54 63 11 28 27 26 92 86 13 71 28 80 35 83 99 27 81 61 52 54 7 16 94 9 26 74 1 47 21 76 10 43 34 77 21 82 75 45 2 65 19 63 81 7 98 27 53 35 18 47 76 94 41 49 72 39 97 71 27 42 78 66 90 87 44 2 77 74 13 59 66 16 71 32 97 38 68 30 79 83 19 77 82 7 97 10 40 77 49 79 51 78 76 51 78 7 51 5 49 75 7 34 53 8 39 46 46 45 12 63 47 41 
48 37 46 26 38 68 67 16 36 21 99 36 55 5 41 57 28 2 11 21 7 63 46 40 65 13 5 95 97 42 66 41 17 13 30 99 58 60 16 64 75 85 61 97 44 64 29 35 58 39 97 79 35 26 69 7 9 8 63 60 36 40 22 56 94 48 7 79 79 28 98 85 9 46 2 2 19 37 37 23 68 8 48 16 35 36 98 19 18 69 71 39 34 23 69 52 23 86 18 9 45 18 61 25 78 45 63 90 25 66 11 63 2 52 7 74 52 40 78 21 36 41 72 74 34 35 53 74 48 71 9 31 99 72 45 26 31 27 90 9 5 96 91 2 3 15 17 97 30 80 53 56 7 68 11 11 79 20 18 65 11 47 23 90 85 35 95 31 8 35 27 99 3 71 25 81 15 39 21 29 11 2 66 68 75 93 31 92 16 21 6 68 57 57 4 31 48 50 56 85 
14 5 49 22 45 38 12 37 48 24 9 96 73 9 15 45 69 86 6 79 90 4 61 45 91 59 61 43 26 3 86 23 53 35 20 86 31 10 47 89 20 31 53 35 81 56 27 80 79 90 57 35 79 95 34 58 48 80 51 61 52 8 2 8 63 92 81 13 52 99 87 41 91 46 19 13 55 99 75 94 20 81 59 10 63 63 72 30 64 68 22 78 4 70 13 32 63 97 53 17 28 26 53 13 82 86 24 49 13 60 77 8 10 78 30 23 61 27 94 79 59 41 90 14 98 8 37 14 72 66 53 19 77 8 61 21 12 72 86 63 74 55 53 38 66 1 87 93 91 6 19 27 52 19 77 85 55 40 92 72 8 20 99 38 18 62 32 86 97 22 26 73 57 4 20 5 11 65 53 40 73 18 65 89 61 20 99 14 93 84 1 26 89 76 13 91 70 11 83 26 
31 44 14 49 6 13 89 33 88 14 5 18 67 3 72 65 32 90 14 91 84 51 57 70 32 11 41 37 91 58 10 79 86 38 17 48 48 50 22 49 16 57 92 45 38 76 7 58 68 83 47 70 70 11 7 16 15 52 84 91 80 55 86 51 52 27 30 5 26 32 38 22 3 94 39 27 92 93 74 7 13 67 89 3 88 13 38 15 54 83 83 99 49 90 93 74 23 5 48 13 33 52 32 44 42 19 39 59 24 47 69 4 58 38 32 83 33 50 45 60 43 99 32 54 92 60 25 44 92 65 65 65 62 5 99 12 29 24 85 34 27 31 84 44 99 87 70 6 96 15 21 47 75 92 24 49 4 57 73 52 54 3 73 56 9 81 33 16 56 5 71 46 95 39 15 19 30 11 96 64 73 4 60 68 46 58 53 77 76 75 33 93 2 10 66 79 65 78 26 52 
11 6 11 29 24 71 14 18 38 97 58 12 66 48 99 96 59 76 32 45 6 25 89 19 34 28 46 70 12 4 13 40 45 64 41 57 81 9 21 41 3 24 81 98 35 88 91 27 41 68 58 12 21 18 28 28 17 83 85 41 9 96 57 2 16 81 5 54 96 49 32 28 47 1 80 44 4 25 31 13 43 2 3 30 78 98 55 85 63 72 86 55 90 69 34 4 91 24 72 86 37 61 19 48 37 94 25 19 40 26 86 23 34 45 35 70 45 35 42 60 41 63 18 82 25 90 11 15 41 61 12 25 73 15 47 69 44 75 84 91 14 59 28 27 83 68 24 99 92 96 55 20 19 27 46 91 80 29 58 5 33 62 91 38 73 77 87 60 36 13 26 30 93 94 23 93 60 39 37 86 87 53 65 35 66 30 43 52 26 53 43 40 37 95 81 92 6 19 9 90 
76 83 50 76 40 29 15 46 88 79 24 20 16 94 94 57 11 82 38 61 58 93 61 82 37 27 67 16 23 24 54 2 86 73 15 26 93 8 36 20 5 7 4 58 76 93 95 63 60 38 85 3 3 53 45 87 47 1 37 76 30 84 23 71 85 56 57 21 40 10 91 18 19 88 73 2 41 76 41 57 19 8 34 12 62 58 83 41 77 50 17 65 63 51 57 49 15 74 22 5 25 78 25 86 76 66 75 95 53 87 75 80 31 36 26 31 81 51 22 85 72 18 52 25 66 66 2 79 21 72 52 21 89 57 79 67 20 85 53 83 57 69 42 77 40 65 6 5 4 76 3 64 75 49 85 1 82 75 1 6 45 94 92 14 78 89 98 6 93 88 52 9 97 66 84 93 91 41 17 77 71 77 71 22 31 86 61 36 57 22 97 71 33 84 85 26 37 21 26 44 
62 63 80 99 61 54 51 14 44 97 50 25 67 86 47 14 64 43 86 90 44 15 93 90 93 75 67 78 76 27 84 40 31 94 96 93 73 35 33 80 96 26 2 69 70 76 82 55 40 20 36 61 27 16 97 35 32 51 79 51 28 39 69 12 69 21 34 45 83 60 15 6 75 53 29 75 27 17 72 61 96 98 18 97 18 71 11 47 5 34 77 94 43 12 19 56 97 58 13 72 10 51 14 10 97 96 52 62 54 27 36 50 51 99 48 20 36 2 51 46 31 43 80 29 38 63 50 93 34 26 51 93 72 25 50 10 83 75 89 48 72 24 90 40 24 40 48 46 97 23 38 52 30 96 7 71 34 11 82 41 98 44 67 29 89 99 41 26 50 9 60 51 99 28 55 50 34 40 36 94 24 57 89 83 21 14 75 41 48 75 35 19 8 31 81 95 79 95 8 76 
95 32 85 75 14 47 61 82 51 79 92 45 26 38 65 15 43 67 51 75 89 43 3 45 33 73 56 74 28 99 29 46 7 97 22 74 89 73 21 10 74 67 92 34 47 52 86 59 73 33 34 34 1 49 53 38 62 72 39 83 72 6 75 17 29 85 25 16 11 83 34 90 82 1 33 86 89 73 33 80 60 68 31 80 7 87 3 30 23 64 10 5 85 66 95 11 55 91 87 90 74 72 93 18 68 74 7 98 46 95 1 71 99 66 34 9 1 50 46 16 8 43 60 30 59 74 83 22 79 7 5 95 72 33 94 85 26 82 8 62 12 15 82 26 82 23 37 13 76 32 76 88 11 3 85 55 88 26 32 44 95 26 69 22 98 60 29 87 48 18 30 71 78 22 71 38 5 29 36 85 27 27 88 43 26 37 78 72 67 14 36 70 97 43 74 65 47 46 91 17 
90 95 1 79 26 8 44 74 45 96 53 32 42 1 53 99 21 24 82 86 3 34 91 68 21 62 47 81 25 4 30 31 76 18 34 81 50 28 67 64 39 23 52 74 46 53 26 69 89 35 39 73 3 48 55 72 32 36 53 18 38 8 26 24 95 34 80 70 92 52 38 1 34 61 32 21 35 26 13 3 27 74 43 81 54 99 99 57 78 57 73 92 69 67 70 15 17 15 10 16 22 49 24 51 98 81 60 41 76 89 82 68 1 14 63 80 27 58 93 90 28 93 77 74 89 51 32 71 11 29 88 85 5 87 93 85 2 52 7 3 41 12 3 33 80 20 68 38 89 93 7 42 51 15 34 33 65 28 79 62 44 44 87 48 13 36 17 71 12 41 40 74 96 61 44 68 35 61 28 24 9 73 8 79 17 88 11 36 67 67 80 58 86 30 74 74 13 63 62 77 
59 31 35 89 42 92 34 31 32 6 17 26 25 3 40 42 89 38 33 67 63 85 92 13 53 39 87 8 40 15 55 2 70 47 6 63 63 90 18 86 10 22 41 78 68 37 95 73 69 52 71 21 13 3 29 92 69 47 97 81 80 62 80 1 56 45 48 80 78 15 42 76 1 8 74 60 42 83 28 26 97 21 54 87 29 19 76 79 69 96 89 56 23 94 54 92 62 71 7 83 31 9 50 45 46 7 59 13 89 86 79 43 17 89 25 13 54 76 80 17 96 31 4 74 10 54 20 22 31 68 25 17 65 17 86 37 90 62 40 82 53 88 94 69 71 1 27 39 32 21 84 49 94 93 86 80 86 85 21 31 7 79 47 23 24 81 93 95 77 19 60 11 78 35 17 49 5 97 4 11 8 93 31 20 8 29 79 17 95 32 1 65 33 49 16 47 51 48 16 64 
72 3 88 1 52 78 69 61 80 45 28 64 29 58 39 42 23 73 27 25 40 49 69 48 7 45 96 47 4 22 86 58 61 42 73 20 63 71 38 73 42 73 18 58 84 18 98 19 27 72 17 1 60 9 65 49 24 96 82 13 9 13 62 40 60 30 49 82 72 26 39 92 92 79 79 25 19 70 69 34 1 79 59 78 40 89 51 17 89 86 99 10 53 55 10 18 87 84 37 6 2 63 91 38 52 81 32 81 52 33 71 5 62 12 72 77 96 12 48 70 22 31 67 57 54 68 46 12 63 24 54 10 67 99 13 29 39 98 94 49 2 26 23 51 30 88 73 16 51 93 74 29 42 50 4 74 32 71 91 39 4 68 20 13 88 56 23 84 71 50 84 46 86 68 42 90 24 29 83 13 20 53 48 10 66 63 27 79 5 82 64 20 29 35 53 33 84 50 40 22 
28 67 98 78 94 49 26 42 73 67 35 22 67 35 32 10 38 70 84 4 6 4 15 12 47 68 5 47 97 8 92 33 51 74 76 97 56 26 9 81 23 30 5 28 18 61 33 92 65 2 22 35 46 42 57 25 1 79 83 39 26 20 2 62 79 77 71 87 72 73 9 16 77 38 90 53 22 7 48 18 93 26 73 32 37 47 14 29 54 31 75 46 5 47 23 32 7 70 77 42 37 84 20 38 29 83 86 91 72 64 73 80 19 36 33 90 73 13 76 18 2 18 73 63 26 83 49 36 28 46 88 53 44 54 34 42 71 60 85 35 64 28 1 73 33 26 94 5 49 33 41 86 38 34 71 82 85 22 75 66 35 98 98 17 86 73 46 23 99 62 81 79 89 90 24 90 31 89 51 66 57 1 99 27 56 71 64 99 75 57 94 18 22 23 1 26 58 39 51 73 
25 63 55 51 81 85 48 38 60 3 4 13 66 62 50 19 96 51 2 38 36 94 64 89 59 59 30 34 30 49 82 70 98 7 94 36 9 16 25 8 88 95 25 3 59 9 34 74 28 54 78 18 93 69 77 65 42 33 35 89 50 61 49 3 80 12 2 53 89 76 66 32 18 91 7 67 98 29 74 26 52 2 9 15 89 59 39 79 10 92 85 6 1 32 56 16 39 44 46 72 92 38 42 79 16 58 19 75 53 91 40 42 38 62 59 98 93 34 20 2 31 9 50 49 51 29 72 78 44 75 96 63 87 67 19 18 51 65 28 97 90 65 1 93 53 5 2 37 72 61 85 99 73 48 97 90 69 21 68 59 62 72 22 92 43 35 67 18 93 80 5 1 81 18 24 47 67 98 3 99 96 11 8 43 7 81 95 98 25 77 12 27 63 5 90 30 28 9 54 46 
97 29 81 29 7 53 86 8 41 3 96 50 73 54 82 7 20 80 59 23 45 50 88 40 57 27 74 93 9 68 69 15 99 29 69 30 73 58 17 62 20 99 99 28 73 95 48 39 15 78 42 6 69 80 4 29 9 28 2 8 47 40 50 36 47 36 7 4 16 25 77 94 5 16 12 88 11 10 5 61 77 6 95 81 92 95 70 17 88 68 61 27 45 8 42 68 85 93 37 93 79 98 12 49 41 92 78 76 31 41 94 15 52 5 63 95 58 38 32 48 42 93 95 94 47 15 91 55 58 45 4 43 8 22 62 68 72 75 42 35 75 34 63 45 82 21 89 91 10 53 33 66 12 45 49 55 95 5 40 39 8 36 51 95 43 39 74 96 42 8 47 9 88 32 53 94 13 96 18 13 90 83 17 16 42 68 66 52 35 21 32 65 78 9 22 96 31 93 90 77 
91 18 2 51 56 11 79 36 41 93 24 51 94 42 71 35 93 7 87 3 39 16 61 45 61 73 11 29 15 60 80 98 82 34 39 76 73 29 85 57 21 55 41 17 88 1 57 4 63 28 11 47 61 78 4 49 23 68 66 90 17 90 55 28 37 16 53 93 5 91 69 98 68 38 40 29 2 58 27 47 6 26 20 93 8 94 34 83 61 93 13 9 47 30 24 41 72 83 62 23 70 16 51 79 3 61 38 8 54 33 98 84 39 18 34 60 97 82 72 65 95 69 68 4 26 94 4 56 9 55 85 83 89 22 49 18 41 43 55 72 63 43 91 34 82 24 71 67 49 62 35 14 43 12 52 91 71 6 14 93 63 50 42 91 79 29 82 32 4 3 10 39 49 9 24 14 54 61 50 33 81 50 43 49 25 42 82 92 2 80 73 71 56 85 49 68 59 54 69 42 
82 71 45 22 44 61 4 34 76 34 83 49 62 2 9 95 20 57 39 82 97 77 63 3 77 20 6 32 75 29 24 30 39 28 6 36 48 25 73 74 17 10 82 52 90 57 20 60 50 21 7 68 6 42 95 35 4 41 74 95 20 22 59 72 65 73 5 68 83 64 93 71 50 48 43 49 74 61 5 54 96 21 60 22 92 29 27 70 69 70 51 98 66 11 17 92 56 2 36 16 46 73 57 19 72 43 60 33 8 9 57 72 55 51 93 36 53 33 48 3 70 4 32 36 9 90 88 82 6 6 94 70 27 46 60 10 75 87 27 97 83 92 71 9 19 4 99 4 79 47 54 27 99 33 9 2 42 52 68 37 7 80 72 25 22 75 93 39 53 76 37 36 96 7 40 56 80 73 73 20 66 65 40 35 50 53 75 88 59 92 50 50 52 20 64 75 25 55 54 1 
25 36 12 47 71 91 49 68 27 20 40 54 96 60 97 28 52 68 99 28 28 13 88 5 22 78 69 24 96 61 11 64 79 73 48 20 61 41 78 98 95 2 63 22 3 11 29 25 65 36 65 57 30 58 27 83 8 74 31 81 74 92 59 43 68 38 60 73 92 49 42 93 16 77 79 37 69 89 12 53 47 64 41 2 9 97 33 61 79 97 19 22 46 85 93 87 59 98 16 76 36 87 9 22 56 16 57 69 63 64 15 81 64 23 94 31 33 1 76 7 5 18 4 14 79 9 82 66 22 23 85 97 59 22 46 51 84 85 65 87 54 3 7 78 88 79 95 12 72 36 26 88 53 4 52 25 45 31 94 49 24 79 36 6 31 24 25 52 70 55 72 59 11 75 55 14 86 4 14 14 93 71 50 75 92 24 35 25 11 21 97 5 35 37 37 70 19 60 12 91 
7 66 66 41 62 53 45 64 40 60 42 45 11 32 61 39 62 81 27 68 6 92 84 27 71 19 98 80 11 85 57 63 92 87 65 79 11 90 49 5 75 28 55 84 19 8 51 35 92 4 25 43 70 64 82 63 44 6 54 25 27 15 86 23 53 48 48 27 76 34 29 72 70 70 38 69 30 25 5 95 69 37 78 99 24 16 30 99 49 39 50 86 20 57 49 20 33 90 58 28 4 28 30 13 70 31 34 44 89 29 63 63 37 25 32 81 11 88 69 79 30 62 32 11 31 58 90 95 74 58 40 27 37 16 94 68 19 53 87 53 39 63 73 83 38 10 28 33 75 28 45 47 31 20 42 40 6 61 54 94 22 96 37 67 19 42 67 83 59 81 41 39 24 71 76 97 17 37 11 98 60 76 1 46 95 55 26 18 87 10 83 61 19 49 92 93 92 49 91 2 
16 65 84 91 55 95 58 28 7 52 62 21 6 38 5 28 86 8 99 53 88 68 59 55 50 79 99 42 14 49 36 76 19 41 88 69 13 67 74 85 38 92 17 39 44 33 39 98 78 56 63 81 91 81 18 59 35 81 30 52 62 76 27 33 28 42 42 29 89 3 6 15 5 36 52 19 32 71 17 21 34 88 37 51 72 19 51 93 13 46 98 81 19 7 22 1 60 85 64 88 6 21 69 35 24 3 84 78 88 72 58 13 72 23 38 81 52 97 76 78 4 93 25 51 5 58 39 97 36 90 73 68 78 40 86 63 16 11 35 38 32 55 80 93 14 78 85 89 48 38 14 31 26 42 29 78 36 51 97 42 71 76 89 85 27 80 73 21 97 78 21 14 80 37 5 82 74 73 99 94 79 57 80 71 97 10 27 83 32 3 17 54 87 61 30 59 71 59 50 24 
52 8 87 83 27 41 54 12 58 5 79 53 54 56 54 20 34 8 75 78 25 32 47 54 60 59 83 32 81 76 5 52 38 28 39 15 87 19 24 76 95 8 2 52 35 16 26 15 86 18 55 93 39 49 57 77 88 1 9 13 39 24 91 4 5 26 96 12 3 73 23 56 62 87 77 14 19 51 75 21 16 3 37 70 5 39 94 12 43 16 84 54 98 45 52 65 46 96 53 67 67 97 46 43 53 36 2 33 1 55 96 34 18 56 16 3 16 97 52 50 18 97 5 49 51 31 82 29 55 31 2 74 74 87 86 32 60 49 67 3 74 22 84 47 84 71 84 83 66 17 24 87 6 40 63 91 92 77 75 89 28 25 38 28 18 35 38 16 77 19 68 17 32 46 31 54 10 42 37 8 51 91 3 16 2 36 54 75 16 76 25 40 55 71 55 21 90 34 93 88 
23 51 51 41 92 45 14 19 13 12 41 81 22 20 67 65 99 27 67 98 64 80 52 97 74 17 75 67 25 59 28 3 51 24 39 86 29 12 77 92 71 16 52 81 32 18 11 5 99 87 38 1 9 84 60 1 27 56 42 20 63 41 86 67 66 65 36 38 23 44 71 17 59 82 16 78 41 74 26 86 71 2 3 92 93 37 82 38 91 41 44 54 85 64 1 59 36 44 10 62 42 11 64 61 44 79 97 42 18 57 82 80 80 39 29 42 89 10 88 80 37 42 49 38 59 98 41 48 28 31 31 29 56 79 25 93 93 75 69 40 32 35 49 56 98 67 86 19 63 68 46 95 34 25 29 42 55 12 75 1 13 92 67 8 33 21 22 83 78 38 98 41 51 76 93 80 92 55 44 90 85 83 24 52 48 60 49 33 40 73 73 88 59 99 87 65 42 3 24 99 
89 84 38 1 53 49 4 98 29 79 28 83 56 55 21 85 69 4 88 76 95 95 32 76 60 48 50 50 82 24 34 8 77 30 71 4 55 20 44 39 22 90 33 59 77 86 9 56 20 95 42 64 38 52 95 67 21 36 30 91 49 71 1 10 1 29 55 38 49 24 42 42 61 16 99 27 2 12 64 49 28 62 68 6 94 64 38 42 50 59 94 46 40 35 56 55 5 25 35 47 78 5 39 49 91 98 72 30 71 74 31 8 38 47 12 43 8 74 2 43 92 62 86 58 99 59 45 88 32 60 53 74 86 6 81 5 56 82 94 12 31 20 53 76 92 94 16 21 21 29 32 14 90 88 50 71 70 86 12 53 26 80 54 63 17 72 11 52 99 12 10 17 24 90 74 98 37 48 24 81 79 68 72 99 89 81 29 29 96 61 98 92 31 28 81 57 15 47 72 37 
84 67 56 5 82 21 21 12 72 99 46 2 35 97 75 2 25 31 26 71 76 47 95 92 96 18 54 77 72 41 53 61 65 41 16 7 15 71 45 6 35 9 21 73 19 58 95 53 34 50 3 14 25 44 50 52 15 24 22 91 1 1 80 80 57 11 63 94 36 20 84 36 63 18 36 35 46 22 85 45 63 75 75 50 72 49 28 58 9 41 41 5 81 72 86 50 78 95 17 84 63 85 57 22 76 46 13 4 35 7 62 98 32 24 64 99 36 80 49 30 95 86 30 35 34 76 90 90 49 14 94 97 18 87 82 82 93 13 68 1 5 33 47 31 58 16 86 80 35 57 32 84 96 79 8 2 75 30 10 20 86 83 16 52 17 43 77 37 32 37 23 42 73 18 57 61 61 69 61 13 88 97 95 42 28 38 92 24 27 51 64 56 10 25 99 65 78 73 62 4 
17 80 92 87 76 90 10 67 44 32 89 74 53 5 85 97 22 38 29 61 48 97 37 20 16 80 9 62 89 17 25 10 18 68 51 17 33 31 35 70 46 32 7 89 56 35 78 27 42 32 47 68 66 50 91 32 73 49 71 67 91 22 33 60 32 91 3 26 86 19 90 15 34 92 89 8 31 37 74 22 22 10 5 3 30 97 21 32 63 25 47 23 13 45 90 22 50 46 40 9 33 49 69 94 99 7 32 24 71 5 67 74 54 63 95 57 33 34 21 14 79 1 30 22 46 80 91 89 68 24 58 58 65 15 64 3 39 68 28 30 71 32 50 80 32 89 14 26 68 53 85 72 15 70 13 59 85 22 30 57 79 20 49 69 77 10 70 35 44 70 71 21 25 12 17 32 49 79 52 3 30 48 6 1 63 29 90 28 25 63 98 17 77 28 9 36 63 29 80 82 
42 22 6 65 85 87 63 11 80 24 52 97 87 11 11 63 77 94 94 8 38 82 71 98 68 49 25 64 84 29 51 99 14 25 60 62 99 1 78 74 99 85 43 22 82 73 7 54 35 20 38 86 55 48 17 97 57 42 38 28 66 52 12 85 25 90 59 40 87 35 21 26 25 28 45 42 19 74 97 52 67 44 60 80 81 70 24 20 86 51 96 24 23 49 1 12 44 89 71 67 18 61 59 36 26 21 27 30 64 84 53 25 42 35 29 58 83 18 61 34 27 44 69 21 24 88 88 48 41 88 65 12 59 48 63 72 71 32 58 53 87 71 40 41 28 61 14 88 30 59 98 10 45 90 26 86 37 40 42 62 84 59 9 44 80 62 1 5 31 30 6 80 57 4 28 70 94 91 83 39 91 64 4 16 12 58 33 91 31 71 32 24 42 67 71 32 49 74 41 1 
49 85 33 54 26 70 8 56 44 69 79 90 32 24 86 83 89 94 40 80 85 62 18 48 61 30 72 73 27 17 23 62 63 67 60 42 21 42 46 61 22 25 12 86 57 18 60 7 88 46 62 30 49 51 60 86 41 97 68 23 38 70 68 11 82 73 14 39 88 32 29 18 40 91 8 76 90 17 14 67 64 93 82 61 57 29 19 48 34 49 98 40 30 99 65 69 51 49 37 88 73 84 99 70 43 13 9 6 76 63 91 11 61 82 45 16 54 41 38 77 83 27 7 67 46 49 59 82 12 37 75 35 18 42 3 62 74 33 60 18 59 1 37 78 22 56 94 40 83 30 60 18 33 74 37 50 31 61 92 92 9 81 70 22 67 49 80 38 77 95 5 56 81 73 94 16 91 58 72 75 88 41 31 14 27 37 32 30 28 81 10 43 86 27 67 93 64 49 78 40 
63 43 52 98 46 56 80 17 17 48 17 46 7 10 48 4 3 32 8 6 40 9 85 71 8 35 18 22 44 6 96 78 42 20 64 66 43 77 14 9 42 78 89 34 85 25 89 69 69 23 61 46 44 76 6 94 11 93 72 48 20 82 66 41 76 54 40 10 35 21 1 92 3 94 6 28 39 92 65 57 52 30 39 23 5 25 39 68 10 97 30 40 31 70 27 83 86 64 97 49 42 5 60 86 19 17 84 47 87 30 92 85 69 71 57 54 39 73 4 12 22 67 9 16 96 86 1 26 89 68 57 3 83 47 11 10 9 63 44 11 49 56 90 71 39 67 37 60 66 40 20 44 68 20 28 95 34 52 4 86 7 85 36 89 76 68 71 81 90 52 3 37 42 89 78 36 81 36 95 58 6 45 5 84 65 75 7 97 63 84 55 84 54 34 54 28 41 85 60 19 
52 86 72 23 39 15 9 9 77 65 27 98 69 27 87 9 79 94 6 63 28 71 56 93 91 69 70 42 7 8 38 55 68 13 9 89 26 20 85 9 90 71 32 83 29 18 70 93 65 17 79 26 83 35 95 76 24 46 13 46 84 31 83 47 22 80 19 96 50 90 86 22 40 66 11 56 23 22 76 41 85 77 26 26 73 60 56 69 89 8 26 36 94 64 49 98 8 81 98 38 5 19 5 44 20 44 56 11 47 33 98 45 35 68 37 57 91 41 31 68 81 50 3 6 30 2 27 4 18 12 40 8 83 1 35 67 24 99 62 43 93 45 31 99 6 85 8 13 30 71 15 65 94 66 37 47 86 37 12 56 47 63 38 98 80 28 70 87 45 24 24 44 57 52 67 98 92 21 31 87 84 45 2 56 23 49 23 56 55 64 97 50 90 31 85 5 89 95 6 96 
59 53 80 82 80 75 38 14 36 40 85 83 37 74 4 63 81 43 63 64 60 53 22 34 51 47 27 63 21 8 16 77 26 59 14 46 11 60 36 72 11 14 85 3 49 57 55 20 38 70 28 48 78 69 74 49 61 13 55 23 66 93 18 11 63 49 3 92 8 51 35 84 48 14 33 46 20 88 1 72 48 66 33 99 46 77 14 2 18 89 15 92 55 13 98 25 39 92 16 90 39 17 6 20 16 10 97 83 18 37 9 89 81 1 47 86 34 43 8 61 89 47 76 40 55 32 27 87 22 59 22 9 74 26 15 46 84 70 47 83 12 70 48 40 7 41 38 78 9 37 25 96 46 53 7 34 35 22 70 68 81 16 90 16 82 47 33 33 21 64 51 14 70 58 87 93 93 56 75 43 41 27 35 76 55 76 75 44 64 50 97 36 86 33 89 81 32 49 27 49 
13 35 85 56 11 46 74 45 91 16 98 42 46 17 96 41 13 16 55 33 73 74 3 3 55 53 15 30 32 3 14 92 22 72 64 59 88 7 78 98 42 44 13 71 36 20 69 35 70 62 94 41 89 97 83 39 84 46 71 70 89 23 43 73 87 40 27 83 5 3 96 28 11 14 72 32 24 69 17 15 6 61 41 91 64 78 1 72 53 3 95 63 68 12 70 64 54 81 19 71 1 78 74 77 41 67 21 68 53 9 84 26 64 56 38 28 43 59 99 48 5 65 30 52 11 14 40 7 65 40 81 67 22 76 55 89 76 50 3 23 69 82 16 11 89 89 29 94 68 86 22 8 84 78 20 83 60 70 94 45 65 60 61 15 12 42 81 9 60 5 62 40 15 34 55 14 24 8 58 34 83 2 13 97 34 85 9 97 61 27 78 23 95 85 99 57 14 18 97 79 
88 85 36 46 72 2 91 58 30 47 29 89 9 68 34 98 83 90 19 24 52 14 20 79 43 14 4 54 9 46 62 16 29 39 12 8 11 1 97 50 84 13 91 39 13 37 90 47 79 8 19 25 97 40 27 98 7 22 93 70 71 19 21 20 85 74 41 3 66 9 11 52 60 16 13 76 39 69 57 61 1 17 82 68 70 84 50 38 99 74 51 83 66 65 2 97 76 11 44 49 59 45 48 82 75 73 12 20 7 83 55 58 65 35 29 73 88 66 8 15 40 91 95 13 12 3 21 69 20 66 38 66 8 27 31 61 47 6 7 88 34 99 1 58 92 82 75 57 71 5 19 50 48 92 46 75 26 51 98 52 35 60 43 72 31 75 75 7 95 30 17 2 41 35 15 79 1 76 43 40 38 17 3 60 42 95 21 92 29 29 53 66 41 10 77 86 46 8 3 37 
55 83 83 21 27 95 68 96 86 28 98 56 7 54 37 41 90 31 80 73 77 98 57 59 38 78 30 88 74 77 92 32 23 82 72 44 53 64 31 63 67 77 61 8 98 58 88 81 15 25 72 70 16 81 3 43 36 11 6 50 39 82 38 27 26 46 89 89 26 35 83 37 6 66 75 54 59 38 53 4 19 32 38 36 47 13 84 81 38 29 80 54 21 10 44 50 56 68 28 49 39 2 19 13 94 86 33 87 83 86 23 1 98 44 72 63 64 87 96 68 38 26 46 92 12 53 3 94 9 44 81 17 84 57 31 84 29 34 30 4 65 97 93 67 47 56 68 46 61 97 32 97 30 96 97 60 7 7 9 55 75 66 44 87 57 96 13 44 3 1 59 95 96 66 58 95 57 61 20 77 33 39 84 62 9 34 28 50 98 63 55 25 52 28 9 54 51 12 59 87 
40 49 71 50 74 85 87 67 24 93 96 71 35 32 3 51 20 70 75 11 54 95 48 67 78 7 17 53 97 19 42 14 77 59 51 10 52 69 32 14 18 6 37 15 33 38 84 15 24 50 56 30 78 41 97 89 49 22 17 40 51 21 88 37 67 76 50 55 41 44 4 79 80 91 14 12 60 2 12 65 16 71 90 69 48 12 9 67 22 46 87 15 67 15 13 82 77 69 36 56 9 77 71 35 81 20 95 31 83 92 52 72 61 4 46 99 31 76 50 67 68 47 96 46 15 69 85 19 77 7 79 82 24 40 4 48 89 61 50 42 71 79 74 5 32 15 93 87 96 4 90 60 55 95 15 4 62 54 74 14 35 58 47 1 57 99 70 87 73 83 48 14 94 30 47 30 94 73 99 4 14 62 1 14 52 58 9 55 77 38 49 37 20 92 9 80 75 25 39 22 
10 79 92 3 40 49 51 40 16 37 15 36 13 66 47 76 28 34 28 16 78 6 61 81 3 17 68 69 56 75 91 45 19 56 96 47 88 9 64 81 84 49 99 27 44 64 27 32 27 15 89 13 14 27 53 59 4 1 3 30 18 4 43 54 94 76 1 31 96 29 21 31 5 40 70 93 21 60 35 30 65 11 23 20 80 81 60 16 30 35 95 37 95 2 95 77 80 83 49 97 9 53 65 31 22 53 71 78 86 95 18 15 84 64 72 82 23 13 27 94 24 63 90 36 35 12 93 60 21 21 86 91 66 27 40 26 79 33 46 27 85 16 17 31 31 21 82 44 83 63 96 41 30 30 31 69 79 77 79 46 58 32 54 56 16 91 89 59 20 23 39 81 60 64 76 22 46 23 95 48 7 78 13 97 91 79 62 81 72 44 98 77 38 61 98 35 99 92 58 75 
52 7 93 27 95 28 26 45 32 24 99 87 31 8 9 70 65 46 51 59 7 56 26 73 30 6 33 79 12 16 74 1 29 57 53 9 60 54 73 28 87 80 43 34 92 62 69 53 59 79 62 65 71 60 33 1 19 85 93 40 87 88 59 18 69 53 46 19 55 15 69 79 38 62 50 88 13 33 9 84 75 18 67 59 25 59 48 56 60 50 77 68 81 36 82 42 92 13 91 76 96 31 33 18 99 88 40 69 10 37 45 81 35 79 83 59 84 71 89 57 73 18 3 81 12 76 62 92 17 57 8 98 5 20 82 62 93 77 31 95 3 93 97 64 54 84 30 84 70 16 77 23 76 8 88 1 97 29 17 87 61 3 15 6 97 1 37 30 37 48 41 86 11 22 84 51 53 50 27 53 1 13 29 73 89 39 53 42 57 13 65 45 45 68 31 16 94 91 16 41 
61 39 63 66 47 27 87 81 38 37 71 90 22 75 31 4 92 9 90 90 50 58 79 76 8 5 36 46 79 86 8 42 92 99 49 64 80 98 22 70 83 94 95 76 50 56 47 55 38 13 64 38 11 48 39 14 40 5 72 30 8 84 74 91 1 46 60 59 15 5 56 55 52 35 92 57 27 70 12 1 56 98 61 79 67 68 95 45 94 85 79 7 81 12 85 32 77 70 90 46 42 38 83 31 40 53 58 28 46 10 18 35 41 60 73 9 14 14 43 63 63 40 52 69 94 63 35 58 19 67 34 17 57 93 97 89 39 43 84 81 1 70 60 51 85 90 95 20 46 78 73 61 41 62 81 13 40 31 17 63 16 31 83 66 54 65 93 27 44 96 66 12 85 44 31 44 84 85 22 6 56 54 82 35 22 46 64 29 12 10 26 42 65 54 34 87 26 46 64 35 
53 49 63 42 99 91 96 94 66 84 18 47 74 48 92 42 81 95 22 9 84 28 48 69 20 35 52 32 63 93 54 95 29 73 12 47 69 32 25 63 78 14 29 10 87 54 99 41 66 78 54 2 25 98 46 23 13 17 67 28 17 26 51 27 64 6 69 19 22 24 33 94 93 42 89 32 24 5 29 96 95 51 79 46 31 6 7 25 91 83 17 67 78 87 55 97 30 12 5 27 24 38 89 58 79 37 70 81 52 69 49 75 38 83 66 10 72 19 1 42 27 1 70 19 17 47 34 76 92 62 85 40 46 42 63 22 6 69 39 27 43 16 29 47 63 45 83 63 17 6 96 45 87 39 97 52 1 73 56 33 23 26 81 26 55 5 23 55 41 6 65 39 63 14 36 80 40 3 1 73 33 36 62 1 40 66 65 35 99 34 90 35 87 70 61 53 21 95 37 27 
