200 20
17 69 16 25 25 75 13 33 17 23 89 25 82 42 55 8 25 17 35 91 64 80 62 80 23 6 75 67 25 4 7 27 87 14 81 13 15 97 7 44 91 37 68 9 79 20 24 49 5 41 96 60 58 93 67 79 88 62 72 87 89 18 91 92 3 9 46 34 3 57 93 67 1 55 16 63 26 51 19 1 32 49 23 58 80 4 57 12 41 10 53 23 82 95 42 39 67 22 41 82 46 72 55 43 48 47 63 79 78 54 21 4 12 11 44 79 83 29 10 19 85 13 50 68 58 54 40 10 89 23 96 50 98 61 70 17 40 79 41 51 92 48 10 2 50 92 89 18 24 85 9 44 27 42 91 16 73 13 64 47 71 78 41 31 16 41 21 31 82 22 79 72 22 50 65 38 53 63 92 65 57 92 32 32 71 64 10 57 82 88 97 93 21 56 8 18 54 30 87 28 
71 69 63 85 91 69 92 90 21 65 94 58 6 43 78 14 86 60 30 89 63 16 82 92 67 17 81 73 26 50 55 96 37 49 84 6 32 61 71 96 48 22 6 82 95 16 35 65 28 52 35 3 8 31 74 78 79 10 88 67 36 76 44 11 85 15 11 78 24 73 27 40 3 37 71 38 93 93 31 46 64 2 69 51 42 61 92 10 82 82 26 25 42 52 72 13 43 7 91 68 45 94 60 38 11 51 44 88 78 65 68 72 26 47 85 98 44 95 41 3 4 73 46 11 23 68 44 16 39 65 81 40 72 15 73 4 1 5 75 1 25 22 50 58 37 28 36 11 90 25 21 70 69 24 2 90 55 13 60 37 98 30 32 58 83 25 70 53 99 36 18 38 13 52 76 18 27 85 74 53 59 38 34 29 8 72 44 28 17 77 24 89 50 40 95 89 54 14 52 1 
79 33 56 55 66 23 49 18 40 66 11 43 93 71 94 88 78 6 39 43 52 43 8 72 22 2 35 62 85 91 70 58 80 60 22 16 21 29 99 39 48 46 60 27 68 23 46 16 1 82 38 26 20 99 91 99 98 49 81 52 52 44 49 9 82 84 45 52 23 98 69 66 77 85 20 79 72 62 32 7 92 5 26 96 27 93 49 71 16 55 19 74 91 8 68 9 23 6 87 88 57 79 69 75 68 83 51 26 95 38 62 36 90 73 63 80 61 74 93 62 13 20 11 52 93 34 39 34 38 22 11 50 12 22 11 40 54 40 17 91 22 1 50 76 32 88 13 1 9 90 35 45 24 42 17 10 42 69 72 58 64 34 77 60 73 74 6 35 74 53 78 98 39 97 8 3 53 47 36 81 56 91 85 95 86 22 98 72 25 65 81 55 40 40 48 43 29 86 65 34 
58 86 46 30 95 72 19 19 16 13 3 93 45 50 92 92 22 24 94 14 7 92 55 32 6 51 71 17 88 52 14 54 8 19 45 64 15 71 37 19 82 38 93 60 22 81 62 23 99 10 59 46 60 2 85 2 43 23 47 3 97 44 70 31 9 58 27 50 12 4 44 26 10 81 32 46 96 70 96 39 71 50 60 90 59 20 82 63 32 12 74 19 23 17 22 30 46 99 99 8 21 17 96 11 81 38 26 72 5 63 53 14 20 42 8 66 37 89 5 88 57 12 63 84 96 17 25 23 3 40 73 58 75 56 53 44 81 6 85 58 78 8 92 17 30 80 11 96 27 60 11 48 2 21 21 22 54 90 39 80 62 74 56 22 9 68 73 97 92 79 19 26 52 48 72 21 85 61 75 1 62 75 59 13 50 33 56 51 28 84 23 73 9 1 56 22 54 98 15 41 
6 87 88 15 77 88 28 85 99 36 88 92 81 29 50 70 69 60 74 48 39 16 97 39 87 65 29 40 32 53 39 22 97 1 58 25 15 89 65 49 12 62 86 53 11 16 85 44 16 92 59 72 14 73 30 25 62 76 42 22 88 46 50 7 76 47 20 40 69 61 17 97 53 80 99 58 61 96 20 4 58 98 9 5 40 69 72 24 25 70 91 2 50 46 7 54 61 9 17 66 9 37 73 85 42 70 72 14 2 98 46 4 15 60 64 51 85 32 18 89 94 27 21 83 86 83 2 21 69 64 92 9 3 46 30 68 96 13 45 24 1 55 57 1 3 56 69 17 19 93 58 78 87 26 73 73 65 90 27 61 18 96 88 73 18 18 78 2 33 88 62 94 26 94 47 49 41 68 67 7 8 84 87 46 23 48 92 76 53 95 77 32 26 83 49 65 22 84 12 42 
59 56 6 31 71 3 26 17 53 67 83 37 93 1 58 75 57 37 43 82 57 60 13 45 23 77 93 55 67 83 27 78 55 30 45 21 75 97 36 3 8 60 11 21 90 58 76 24 88 62 3 74 68 46 88 24 56 54 36 75 18 69 14 60 20 82 29 96 2 62 93 67 42 20 97 84 30 85 72 58 34 66 63 65 68 27 95 20 63 47 47 39 32 1 11 17 43 15 71 84 87 47 66 89 44 48 60 55 53 34 12 56 83 53 41 82 99 55 99 11 33 60 40 73 49 30 82 25 16 30 86 13 73 6 17 45 5 47 13 60 98 57 57 94 26 23 49 53 2 82 63 75 56 95 30 6 9 10 94 63 26 31 90 8 99 91 11 12 14 19 69 26 7 7 75 51 51 79 3 5 13 63 54 88 23 55 32 63 50 92 11 8 64 19 98 97 7 54 13 67 
42 49 74 54 80 2 93 22 6 92 61 48 39 78 10 6 86 35 36 3 92 91 40 31 80 82 77 2 93 85 94 96 45 70 77 7 53 39 92 81 93 69 32 66 38 62 58 50 98 81 46 9 74 1 28 47 90 43 34 46 45 30 41 3 55 21 15 74 93 59 49 27 39 16 17 71 17 32 9 14 44 63 78 97 72 24 85 42 33 29 41 95 76 41 51 71 23 12 59 93 99 26 88 43 90 44 90 99 74 51 85 84 71 91 5 6 87 23 38 3 56 52 75 87 85 81 50 89 96 55 85 2 72 98 35 19 98 65 28 88 10 79 13 48 29 78 1 72 17 61 10 16 11 24 9 57 72 14 62 44 26 63 69 34 10 41 13 40 13 91 3 74 22 79 15 90 67 36 39 31 61 98 25 66 46 57 18 43 35 97 10 22 60 47 82 29 11 14 46 93 
66 93 66 80 1 15 21 72 86 88 62 21 12 30 3 60 19 28 70 12 25 60 27 93 41 19 86 46 89 21 34 47 24 34 45 32 44 90 3 10 23 9 20 88 17 12 52 84 86 44 23 50 22 91 38 87 51 3 7 68 66 3 58 51 40 15 62 4 44 79 48 19 68 72 20 34 39 22 81 51 38 30 48 51 23 91 72 20 42 10 55 60 58 18 73 14 62 96 89 79 95 91 76 33 67 37 35 43 74 68 13 93 18 45 19 98 24 68 51 24 61 97 5 7 62 74 1 69 36 36 96 43 95 35 10 85 68 62 36 97 20 61 66 45 72 48 6 74 22 31 94 34 55 26 26 90 73 81 61 51 9 91 56 78 40 18 70 11 16 7 94 82 72 10 64 40 49 97 80 64 12 86 26 82 68 52 88 96 89 47 76 92 25 23 38 67 25 49 77 42 
48 34 85 80 17 40 76 89 16 46 56 9 75 44 31 89 3 94 82 93 78 10 62 87 45 57 81 35 8 48 10 93 23 32 64 6 93 91 8 90 63 37 37 45 9 94 83 30 37 9 1 68 73 30 62 34 61 8 53 55 51 89 64 95 98 12 86 59 53 90 4 76 56 20 88 3 33 64 91 10 86 52 41 80 91 67 32 99 87 47 23 54 75 73 27 20 5 66 8 59 74 78 72 14 24 88 64 99 26 96 59 96 81 16 57 48 12 66 75 52 55 68 45 52 59 41 3 35 71 88 83 25 39 98 18 72 98 36 22 52 70 35 93 58 53 94 6 90 16 68 98 58 94 65 75 65 83 36 96 10 30 71 68 73 27 94 45 19 10 55 15 80 46 22 98 62 31 79 42 25 83 18 7 86 36 29 70 13 30 1 14 11 11 8 19 23 19 9 60 21 
31 28 50 68 15 67 51 74 43 16 5 23 26 27 57 4 63 75 28 65 14 20 80 74 60 80 86 89 81 96 99 29 23 6 22 40 61 7 71 64 72 29 53 12 8 3 28 25 54 28 77 52 7 40 78 11 38 83 66 61 66 74 8 71 24 75 68 88 26 61 79 8 37 87 10 38 46 61 31 73 29 6 90 61 19 33 78 72 76 14 92 65 59 41 13 60 86 2 67 6 11 46 3 46 88 57 49 91 43 15 93 87 41 71 45 83 52 14 7 97 28 37 41 91 61 11 40 36 61 48 96 79 19 76 68 19 77 1 51 63 2 80 43 10 42 91 19 8 11 96 91 27 44 18 89 30 75 1 19 39 2 82 33 2 52 66 5 65 59 84 91 42 23 72 7 78 85 30 87 24 94 97 60 1 78 22 17 71 5 23 74 8 60 66 53 60 14 31 38 26 
83 94 58 6 87 9 50 71 2 45 79 25 82 6 35 7 32 85 68 28 43 20 48 7 40 24 93 17 27 38 24 28 25 73 4 51 24 52 80 82 18 54 33 47 56 61 16 43 82 97 97 81 80 74 13 36 17 39 97 84 84 9 38 51 49 24 14 49 89 86 39 31 44 5 11 23 50 39 47 77 95 43 36 12 53 8 75 52 33 7 20 80 19 38 21 73 17 70 75 50 98 85 63 15 41 21 98 1 77 14 65 12 33 47 67 69 75 92 71 55 52 51 45 52 41 1 9 93 89 39 74 2 60 25 89 35 72 26 83 29 49 58 8 43 57 35 81 3 56 5 37 42 35 97 61 49 64 71 39 11 30 52 99 54 87 77 55 89 98 44 53 57 75 48 10 72 29 30 63 61 8 17 11 14 45 69 55 22 98 24 49 26 99 34 35 55 92 19 96 77 
21 3 30 43 12 95 64 96 10 19 97 9 22 28 37 96 84 51 26 4 79 6 67 24 59 18 39 21 58 40 14 44 17 73 78 47 96 81 50 11 1 14 97 55 93 20 61 65 20 72 66 7 18 83 49 42 46 23 67 53 97 39 27 60 18 76 95 36 27 93 24 30 36 83 63 84 65 92 83 52 64 37 93 17 32 22 61 13 33 63 27 41 15 4 28 90 34 32 16 55 64 2 70 52 25 50 26 43 93 18 85 51 27 64 40 80 81 92 87 34 26 60 52 32 69 6 3 33 71 62 71 50 65 77 72 71 75 34 22 77 38 65 53 60 17 77 39 44 24 66 12 1 36 35 76 71 20 17 33 82 40 88 97 68 88 92 15 84 97 55 82 33 58 7 67 74 42 96 25 53 18 15 18 10 71 9 33 6 24 7 4 36 48 31 27 55 93 17 80 88 
72 45 90 98 55 41 88 38 85 97 40 46 17 37 44 85 45 38 93 74 8 32 67 76 72 88 22 95 34 20 87 71 7 65 63 70 20 90 5 79 10 80 27 3 13 29 88 51 62 40 93 41 79 14 79 84 66 46 14 82 5 21 86 22 43 98 7 66 96 20 91 51 35 89 65 77 82 76 46 5 5 7 49 47 9 52 70 63 34 34 89 53 44 4 57 49 26 50 90 15 77 82 67 33 5 30 22 1 16 35 35 27 13 44 28 23 88 4 60 93 16 55 20 37 45 26 18 36 96 25 81 48 54 36 50 6 60 9 66 4 7 59 71 97 32 57 98 96 12 23 65 54 56 17 70 66 99 42 85 61 98 29 48 96 22 34 57 50 46 31 66 16 49 7 75 97 4 53 28 1 71 64 4 27 97 25 11 70 2 8 79 6 75 68 58 89 72 33 8 46 
4 60 39 53 32 52 53 91 96 12 54 27 42 65 82 44 42 21 34 89 61 36 35 47 29 82 9 97 4 21 44 94 47 65 64 32 85 54 95 10 87 17 36 4 25 44 26 38 44 59 12 49 39 79 22 56 12 91 30 30 49 21 25 62 86 92 80 35 77 9 25 85 65 13 7 80 48 58 65 79 49 81 2 9 86 64 41 25 39 6 10 87 18 93 96 28 36 67 28 14 72 92 31 23 45 26 6 8 79 84 92 69 72 17 42 20 69 67 81 55 25 51 87 24 76 17 51 92 11 19 46 21 35 85 4 23 42 85 72 40 81 1 95 11 29 91 72 36 52 67 33 50 85 56 4 89 88 69 75 61 27 74 75 9 30 62 32 88 69 17 48 29 20 82 65 6 32 33 34 10 1 41 86 12 34 47 97 38 20 26 61 33 96 59 54 31 23 2 7 22 
52 77 16 31 30 17 4 95 75 54 74 75 52 85 1 94 50 3 50 2 27 43 32 6 55 28 41 29 63 11 1 41 80 17 8 10 78 90 71 42 20 39 65 28 96 71 63 84 77 48 88 1 50 21 55 78 64 79 10 79 79 91 81 65 1 51 19 46 32 19 38 19 13 66 63 17 64 20 74 47 34 7 47 40 40 95 1 89 10 41 36 96 30 29 84 18 87 19 49 3 14 86 50 40 28 72 67 4 79 18 81 92 94 17 25 79 21 53 18 48 63 50 18 43 40 9 58 10 16 55 98 41 49 81 59 16 40 93 76 49 66 51 35 34 34 14 20 81 17 81 56 68 2 44 54 79 35 18 53 53 58 96 64 22 62 89 14 58 23 68 90 17 49 8 83 82 24 35 32 8 52 67 64 61 98 58 45 68 37 44 18 59 90 81 47 9 76 98 63 78 
98 9 15 39 67 12 77 57 60 62 5 24 46 4 53 91 20 76 63 19 24 35 81 84 65 63 79 8 33 98 72 72 22 46 36 37 45 1 26 61 57 62 99 17 71 60 31 16 76 65 32 21 59 13 66 69 22 20 77 88 98 6 98 17 78 7 75 22 18 1 83 18 67 21 50 86 82 75 67 94 50 69 17 14 99 20 83 37 27 75 79 98 13 37 56 95 38 75 30 99 6 47 96 85 60 20 52 40 3 82 8 87 13 72 15 6 65 88 79 45 51 14 80 48 94 28 90 66 71 34 95 82 30 73 11 24 9 42 1 86 52 15 97 52 36 58 22 5 78 55 98 53 66 18 76 44 66 11 48 89 51 68 68 75 13 13 72 90 82 73 93 35 52 7 84 47 89 11 35 21 60 51 88 18 42 71 64 96 49 19 75 22 47 60 45 89 73 98 27 44 
95 20 75 59 21 91 50 93 27 83 21 80 98 87 53 3 55 70 46 59 50 66 28 65 57 69 46 42 73 27 66 14 6 37 61 99 65 36 7 4 66 1 75 19 14 32 31 9 3 58 19 10 6 22 66 22 71 78 68 3 20 84 86 59 28 98 42 46 33 69 10 55 20 30 9 12 17 94 99 65 89 50 78 88 37 49 66 65 78 8 8 88 55 94 62 51 20 25 99 43 30 58 89 40 43 89 1 3 12 43 91 66 74 64 4 39 49 18 58 89 33 77 47 45 86 24 26 84 35 32 13 32 60 72 76 50 91 98 31 34 5 45 35 5 10 19 75 4 49 93 72 85 90 5 65 14 18 41 8 51 30 39 63 57 31 78 1 80 22 73 81 50 2 69 60 72 53 32 74 25 42 47 40 47 7 8 43 37 56 14 36 44 60 63 32 61 46 45 93 23 
45 91 53 54 91 9 64 50 71 80 26 76 14 9 25 21 31 61 21 74 94 42 11 93 94 57 97 76 17 84 66 25 8 42 41 15 43 58 66 69 96 40 63 21 9 41 10 86 59 31 2 29 29 61 25 35 74 41 23 74 93 98 64 76 94 52 16 93 68 82 7 73 51 95 99 25 97 96 59 89 50 55 20 9 2 75 55 92 73 66 47 87 76 5 53 48 83 14 77 4 95 22 39 26 14 37 38 2 8 15 26 96 79 26 77 28 40 25 53 32 69 21 73 31 94 44 85 6 50 16 30 60 51 16 15 93 62 53 78 66 65 35 62 71 27 31 75 2 70 49 70 19 40 96 5 21 74 55 13 14 72 47 75 79 62 5 87 40 73 35 26 34 98 97 19 79 69 62 18 44 20 87 60 17 61 81 42 70 42 78 88 38 28 99 16 74 58 27 8 31 
90 76 4 98 35 35 22 52 1 71 61 89 84 80 64 86 11 82 28 22 81 71 42 17 13 58 36 80 83 12 25 54 79 6 49 55 32 62 19 19 68 92 62 45 49 43 62 39 18 40 5 56 41 31 24 49 52 31 40 5 97 62 8 93 76 4 61 12 88 29 51 23 77 55 95 7 70 82 21 96 27 40 5 28 79 30 21 80 78 71 81 22 35 40 84 51 68 18 52 41 42 35 78 88 16 10 74 48 84 97 5 84 23 32 40 11 31 67 94 36 75 28 74 7 34 43 15 50 41 99 33 20 28 78 64 39 69 6 9 44 28 88 73 26 94 64 21 78 35 43 8 39 32 50 28 32 31 71 62 16 81 95 18 21 82 60 69 1 25 91 11 68 37 54 90 46 27 86 61 7 26 55 21 14 34 87 56 74 62 24 88 71 77 57 16 19 44 77 56 95 
60 75 64 16 33 29 74 60 11 45 63 29 47 86 71 53 46 59 95 69 78 33 13 34 8 55 1 42 2 75 48 49 55 59 83 88 6 10 86 87 58 86 13 90 95 22 6 74 4 42 22 68 87 85 46 74 91 20 9 82 15 63 10 91 35 3 33 31 22 9 66 71 61 61 21 51 69 62 47 93 14 57 60 22 31 54 49 81 47 41 6 57 95 5 33 94 33 51 73 13 63 23 22 32 54 16 45 83 52 4 4 34 9 52 67 2 91 36 33 76 10 65 48 39 27 95 25 77 83 52 62 8 15 46 60 91 69 95 46 57 28 43 84 15 23 70 3 78 54 27 5 80 12 38 96 97 92 32 95 62 19 51 58 84 58 77 92 71 41 48 81 44 80 74 96 59 88 60 24 23 1 22 74 16 86 6 8 6 76 9 52 70 74 93 20 16 78 11 26 91 
