200 20
28 14 62 56 96 54 99 37 67 70 77 64 3 35 74 30 15 1 7 40 38 69 91 85 95 63 25 11 68 90 41 83 64 19 87 59 85 37 90 54 99 31 24 15 6 47 81 81 8 64 41 62 76 60 36 99 23 83 22 37 66 19 49 92 3 57 27 25 73 65 94 99 35 53 91 63 24 45 22 9 31 43 29 43 66 4 57 60 30 98 28 6 78 89 4 47 97 93 56 43 65 52 40 12 27 3 56 99 57 43 23 50 35 3 45 72 10 14 83 9 69 73 21 8 9 19 32 86 1 92 55 5 62 14 54 32 27 43 95 15 9 56 12 47 74 8 69 39 10 5 42 84 93 71 77 32 57 20 63 50 63 20 98 98 66 64 64 98 87 41 88 96 80 99 16 38 99 23 77 33 69 92 60 27 55 59 75 68 28 10 22 77 39 39 65 15 80 18 97 51 
77 25 72 10 76 34 47 45 87 69 16 61 26 19 27 92 63 73 12 53 72 78 24 77 73 71 83 67 76 29 25 33 24 8 36 42 34 91 4 54 48 32 57 74 71 96 14 89 17 6 19 19 49 81 92 50 31 92 73 88 61 93 59 99 25 70 57 53 33 84 19 64 67 19 90 41 23 17 55 26 56 30 75 39 24 59 38 23 27 1 96 88 58 88 18 54 44 37 22 93 85 88 29 75 6 53 2 12 93 54 88 99 45 70 69 61 7 83 96 96 24 18 42 18 80 86 36 96 42 33 17 12 3 78 71 86 27 60 77 36 94 82 51 10 43 53 87 37 11 31 7 69 84 70 94 23 38 63 51 26 80 82 30 57 96 27 82 96 91 64 5 61 38 76 79 57 13 99 17 15 47 74 4 41 69 81 43 56 44 92 1 41 22 9 46 79 78 9 98 5 
69 81 79 78 26 58 87 22 82 13 49 26 33 25 84 63 58 12 19 96 52 38 91 1 37 44 86 82 80 56 40 97 21 14 67 69 79 79 76 7 80 64 89 26 72 43 60 67 45 77 93 15 50 27 64 12 14 75 36 85 65 45 78 59 46 18 87 77 35 53 4 18 65 6 31 18 41 45 56 85 60 75 66 24 29 54 67 48 83 7 4 4 9 52 79 82 52 16 71 49 52 51 52 53 47 58 9 48 98 1 58 13 11 28 70 71 49 90 83 6 54 60 24 82 69 49 28 63 50 28 53 32 89 44 7 7 34 43 55 62 3 82 49 46 7 55 39 2 67 9 96 80 35 57 30 68 6 8 7 98 46 75 67 71 5 4 50 76 34 80 4 7 12 60 12 81 56 79 7 61 44 77 90 69 33 17 55 9 78 97 99 82 50 80 47 13 56 1 66 57 
82 82 72 33 6 83 78 2 40 22 97 88 60 44 8 37 95 66 89 57 29 66 24 20 86 79 83 46 34 88 26 6 70 21 86 7 19 41 78 93 25 44 76 35 46 50 19 26 49 97 98 73 99 38 55 94 61 28 71 9 83 23 64 32 1 72 82 73 22 16 95 21 26 68 90 45 58 25 65 84 18 46 23 47 57 54 63 95 74 30 78 48 6 2 48 68 18 43 28 61 7 62 48 65 87 99 8 47 87 23 64 93 44 15 30 9 93 70 66 4 69 92 74 95 91 82 92 94 64 36 89 4 67 36 55 8 51 44 97 72 28 1 35 32 71 10 88 87 2 41 81 99 87 20 25 81 35 20 18 90 82 59 37 29 95 93 34 28 60 7 27 51 73 12 93 81 42 37 66 17 74 23 28 64 73 19 99 36 29 69 40 38 17 18 37 67 85 88 3 7 
54 43 85 59 24 29 78 86 98 70 13 65 33 15 13 79 63 53 24 42 86 87 83 60 23 97 87 7 85 15 60 85 52 84 23 4 31 40 63 37 30 70 3 3 26 85 66 24 34 89 51 1 76 48 92 80 47 53 41 22 87 1 19 69 49 48 99 16 68 93 70 78 26 38 5 59 28 55 27 22 62 62 86 55 77 87 20 43 44 39 25 33 30 72 29 8 61 61 54 50 99 65 89 12 4 98 57 87 3 99 85 76 62 98 70 56 55 85 53 49 30 82 81 91 78 9 81 4 3 51 28 56 90 33 10 42 76 81 2 40 16 97 30 89 49 25 44 57 75 18 83 3 20 11 48 50 97 87 65 59 88 46 60 88 7 74 22 68 60 13 76 68 31 25 51 63 37 69 45 10 3 62 99 4 26 52 66 61 51 84 71 77 34 72 90 99 11 66 16 95 
3 10 5 23 18 13 34 14 25 75 80 4 11 91 44 24 98 67 35 41 94 65 17 98 32 46 49 59 11 12 36 53 44 52 61 16 4 87 43 35 60 12 68 97 28 35 39 27 12 31 22 29 46 77 82 39 42 1 35 63 29 22 87 21 98 95 78 89 52 58 27 49 38 69 77 27 3 58 34 37 26 63 18 30 73 78 97 29 33 96 42 83 65 55 62 3 40 75 52 7 87 11 35 67 35 86 7 52 57 48 77 68 14 1 21 5 98 54 11 79 79 70 69 80 44 98 11 10 43 30 84 30 34 33 16 2 25 99 56 36 17 91 19 30 50 81 31 16 47 93 71 1 55 57 16 16 90 39 82 54 81 95 73 19 17 11 19 64 80 45 24 40 6 75 7 35 10 40 47 24 44 82 29 7 35 94 80 52 28 63 25 48 30 8 17 38 58 32 93 66 
94 4 82 46 91 70 31 51 62 62 44 3 88 27 19 86 39 70 4 57 94 72 13 52 61 11 49 16 91 73 21 13 3 81 60 49 97 8 42 92 79 94 5 89 73 70 64 83 44 73 39 35 16 68 64 40 89 60 11 49 62 23 6 82 46 8 53 55 88 69 46 91 86 82 91 45 11 59 27 16 19 67 38 72 81 54 81 66 93 58 96 54 95 34 31 17 96 65 57 74 84 88 88 9 55 11 1 78 21 26 51 43 36 35 96 76 14 65 11 88 44 88 4 42 13 40 43 75 23 38 68 16 8 99 16 1 56 63 29 97 26 6 85 23 65 59 11 56 33 34 97 65 13 34 27 21 35 76 85 16 97 10 83 86 78 36 74 27 60 24 72 12 46 31 74 14 78 25 75 20 60 95 88 55 70 79 64 97 83 75 7 96 91 64 97 95 18 31 10 46 
60 70 72 1 82 21 31 3 75 71 18 33 84 32 16 44 5 96 54 20 74 37 4 71 68 99 67 27 92 97 77 33 79 6 88 40 77 50 69 2 48 9 96 65 60 99 51 67 79 75 12 28 67 20 45 43 72 39 3 76 24 57 15 59 24 8 82 77 46 29 72 69 24 56 9 18 48 19 72 45 58 31 86 6 38 84 17 80 8 48 63 69 20 54 52 86 50 95 33 55 93 23 70 98 57 31 37 35 53 58 9 70 95 80 58 95 89 99 49 75 28 43 29 46 86 54 21 8 13 87 22 17 26 1 95 83 4 51 60 58 82 87 91 36 47 43 9 40 28 33 73 22 89 43 79 52 29 28 50 16 68 1 30 6 47 31 76 15 19 35 60 32 40 71 51 35 69 36 18 82 59 52 20 12 47 65 97 29 53 41 72 4 71 53 36 63 64 80 45 86 
16 29 22 75 74 83 62 11 20 56 14 6 86 23 53 4 58 86 89 13 39 50 34 70 15 80 68 14 28 76 14 50 45 45 97 23 25 62 27 84 85 44 50 60 77 19 33 20 47 89 24 45 11 11 21 99 18 47 45 97 25 53 5 72 62 33 66 42 99 13 25 85 21 13 67 3 87 10 48 90 12 9 52 6 21 13 68 38 29 90 53 77 6 44 6 81 43 80 30 48 27 77 9 77 2 53 67 48 44 37 49 80 29 34 76 10 96 98 27 49 25 99 96 66 95 91 70 44 66 79 91 54 34 93 31 25 7 54 53 10 75 38 89 55 77 54 1 71 66 7 51 99 83 64 76 79 25 33 50 23 9 19 53 76 47 4 44 93 13 6 28 4 9 55 21 79 33 60 25 7 56 77 92 52 81 74 95 33 18 10 96 83 48 89 17 29 95 45 1 47 
61 1 38 68 63 38 78 66 63 39 61 66 96 64 71 16 39 13 63 78 55 70 95 72 36 51 80 17 50 41 27 76 81 42 81 3 76 17 75 79 87 31 66 64 14 97 82 37 48 21 68 39 21 40 25 17 41 72 56 69 43 58 11 89 27 4 27 8 5 26 79 37 46 92 15 14 17 72 5 47 26 72 83 56 70 86 93 18 75 37 31 10 40 16 85 53 83 34 88 57 84 61 53 63 26 72 19 89 43 87 99 70 59 18 19 6 39 12 63 2 23 94 18 13 78 13 15 91 39 82 76 25 51 25 58 84 14 21 90 64 28 42 28 31 35 7 87 61 63 14 94 90 72 94 27 53 94 50 59 30 80 97 4 86 42 16 56 23 96 85 41 14 9 36 53 53 39 86 1 96 80 92 50 10 10 86 71 5 25 25 80 91 94 29 80 15 94 31 9 4 
13 86 60 54 96 47 25 28 51 27 47 40 19 20 86 85 58 27 25 24 55 70 88 99 50 21 60 58 53 5 4 68 60 34 79 35 75 17 66 25 31 81 76 81 1 90 76 45 24 65 6 69 20 98 96 42 10 77 89 6 37 2 55 69 78 99 11 37 71 51 43 18 29 3 20 51 57 87 16 19 78 45 28 72 42 38 93 42 54 74 12 64 87 23 60 95 2 30 13 33 67 46 63 29 78 37 36 18 73 7 14 28 54 12 49 3 8 87 88 20 17 58 86 8 88 63 28 68 64 71 44 92 47 98 35 78 12 32 83 55 30 44 78 94 86 13 30 34 97 41 90 96 31 75 72 6 23 22 67 8 99 68 64 87 94 4 68 88 64 32 22 33 14 95 19 37 9 93 28 36 97 96 8 93 30 70 27 31 75 91 86 35 41 68 30 88 92 57 71 78 
66 97 53 36 9 52 86 42 9 12 83 35 49 40 58 31 78 32 41 72 7 99 71 20 97 75 86 46 64 95 20 30 59 4 96 49 73 37 19 75 26 26 70 67 58 80 3 65 31 92 29 84 12 25 24 7 76 4 12 78 97 17 59 1 38 3 77 23 48 47 4 42 58 77 7 87 69 53 72 23 52 62 1 35 36 15 1 30 5 37 81 26 90 61 46 46 69 26 87 15 50 63 83 48 73 98 83 51 99 39 11 9 11 70 49 80 95 51 44 95 48 4 88 44 62 9 22 73 22 2 22 78 97 64 1 99 39 18 94 14 68 18 59 28 74 48 67 76 10 14 96 9 77 34 26 89 31 40 30 86 64 63 72 69 9 33 98 1 23 68 32 30 91 71 63 86 12 26 48 77 96 82 2 75 59 60 86 17 14 36 14 92 63 40 32 44 1 48 21 58 
66 44 93 62 3 24 36 51 70 6 88 69 18 77 18 14 27 62 61 7 79 95 91 59 33 85 89 46 84 88 12 72 40 73 57 38 83 93 37 15 48 51 45 7 80 73 25 26 12 71 39 55 27 18 36 21 34 12 24 60 30 45 34 91 72 76 89 78 46 95 80 6 33 96 24 42 82 41 40 10 76 31 18 57 1 75 81 24 13 63 64 10 11 24 71 46 4 5 56 62 77 34 80 52 64 92 90 50 15 81 79 92 60 91 63 90 88 69 42 95 8 91 73 72 17 27 41 64 74 11 22 64 69 10 54 81 82 92 9 11 66 98 58 3 3 7 39 32 80 3 32 63 59 50 18 25 37 58 56 73 25 47 50 64 10 25 15 20 28 48 45 99 28 93 89 67 45 28 12 59 68 77 66 54 7 91 62 45 61 18 33 99 93 67 8 38 90 83 77 95 
30 16 79 72 38 33 30 53 48 87 42 94 75 16 84 39 2 48 69 44 29 56 96 29 17 94 98 20 31 43 83 88 82 55 76 3 73 97 67 64 42 95 54 57 4 74 81 88 97 9 92 33 28 59 64 75 10 24 59 58 11 73 63 21 96 2 32 46 74 67 34 4 34 37 93 93 96 28 38 88 55 56 37 78 17 73 47 18 51 18 60 63 30 54 40 21 71 16 71 90 88 53 2 9 24 74 85 89 4 88 28 73 72 52 26 68 44 10 19 92 40 39 24 21 36 97 85 26 7 59 18 23 65 67 46 14 11 69 53 32 72 68 24 82 49 59 85 89 58 79 54 38 75 49 76 19 80 15 76 72 1 94 95 29 54 21 40 57 94 84 22 8 54 77 3 50 85 38 39 27 10 94 27 89 57 9 42 44 12 19 85 96 53 82 31 95 6 26 59 76 
76 47 3 98 99 67 63 36 56 22 40 77 6 10 21 96 70 13 15 61 50 10 72 40 49 94 1 33 85 97 86 81 15 4 10 90 50 68 69 49 77 40 93 44 75 77 66 85 36 69 41 19 79 49 61 47 78 20 81 52 70 68 80 7 81 86 83 97 44 86 84 46 13 24 55 23 87 16 75 67 28 56 43 8 74 36 95 81 69 65 31 48 70 88 24 16 72 4 45 53 27 81 79 13 59 83 47 46 87 82 21 26 41 81 42 63 81 29 45 26 19 40 70 56 31 17 88 94 82 65 14 91 45 11 26 31 12 25 90 47 21 37 72 45 72 55 60 17 47 85 81 63 23 52 22 10 99 12 45 26 10 78 11 45 44 35 94 84 66 59 5 60 35 37 2 9 19 85 18 4 17 66 75 79 78 10 5 41 21 32 65 92 48 52 59 48 70 11 57 57 
93 97 40 99 78 52 11 5 41 23 9 23 72 35 15 3 74 8 20 34 47 51 12 42 91 54 75 82 96 86 79 34 35 83 74 90 60 48 86 59 93 39 10 49 25 64 99 68 1 80 69 18 21 81 79 82 34 92 36 29 25 67 82 94 18 78 90 84 59 12 59 65 21 60 6 56 88 21 58 27 58 82 52 87 27 25 21 83 89 10 94 90 31 73 85 7 20 24 92 48 4 34 84 40 1 32 2 14 93 97 46 97 27 57 74 12 94 74 93 62 39 46 54 36 44 94 46 89 25 63 85 50 26 9 18 3 15 95 4 88 71 88 18 97 86 48 40 58 54 24 51 38 63 47 24 32 93 27 18 60 11 40 76 57 56 30 14 70 43 94 16 49 52 84 29 44 19 96 56 94 37 64 50 27 41 54 6 49 12 61 57 37 59 96 69 39 24 88 29 61 
68 50 35 58 54 66 75 75 21 45 99 69 83 97 37 20 2 8 44 11 49 5 79 7 83 32 67 20 14 10 67 75 68 13 46 87 66 34 41 18 83 50 33 55 23 99 14 76 82 43 57 18 24 35 81 46 45 91 24 21 41 64 11 71 79 99 18 59 67 16 48 50 19 69 95 82 26 22 16 33 24 9 94 89 64 12 14 19 80 24 26 33 58 20 16 60 3 24 77 15 9 79 75 61 30 18 17 89 45 28 20 77 29 20 84 64 21 2 55 16 92 42 97 95 18 41 62 33 41 99 54 92 44 87 1 41 19 11 23 18 34 82 4 2 1 90 53 81 47 69 82 26 84 62 69 49 73 94 27 80 96 44 73 35 25 6 99 80 88 61 42 6 43 50 43 93 40 37 29 82 95 79 73 40 57 97 67 32 75 44 86 90 71 71 63 79 4 98 51 67 
72 92 11 79 93 37 54 29 83 25 19 53 18 37 4 14 3 29 55 21 14 76 15 76 40 17 56 16 31 95 37 53 36 8 39 27 52 42 8 39 65 28 5 3 94 72 44 83 36 12 39 47 6 50 46 97 86 4 8 25 67 46 97 47 90 52 61 56 93 39 64 58 54 16 32 20 32 18 96 13 15 61 36 54 61 76 24 52 44 61 70 51 95 18 63 74 47 98 16 65 79 52 11 36 59 63 38 6 90 97 47 50 52 50 82 41 42 81 35 90 26 66 78 95 76 36 21 84 18 24 39 55 70 5 33 21 94 44 59 59 34 36 82 46 58 54 16 8 9 88 64 60 42 91 71 57 71 26 56 27 13 1 67 23 29 22 17 64 70 32 32 78 22 57 90 48 46 47 72 52 25 21 1 13 5 13 83 34 43 10 57 51 46 4 37 70 17 27 51 13 
96 21 82 56 74 71 30 70 30 14 24 91 77 2 31 32 62 60 58 40 86 14 80 19 25 3 52 47 42 97 28 96 14 25 85 50 44 80 36 22 87 49 52 74 61 28 79 40 69 37 60 36 22 47 49 85 49 89 34 37 23 81 50 81 76 44 8 72 22 17 1 41 68 80 33 22 41 75 33 64 4 17 74 57 68 18 93 43 26 8 10 40 55 47 43 57 45 51 33 17 15 3 57 73 31 79 51 28 27 64 24 52 21 68 83 1 36 49 46 38 15 30 65 50 47 16 41 67 77 16 46 82 32 59 40 66 36 17 89 91 27 16 87 47 82 63 71 61 31 61 42 15 74 25 82 64 7 7 77 60 32 9 30 62 82 7 81 64 39 63 32 7 49 52 55 98 45 73 22 36 63 74 14 21 62 65 46 79 44 42 86 80 68 4 68 55 74 66 17 15 
29 33 5 13 10 10 3 62 13 51 61 54 15 51 71 38 70 91 47 49 3 33 20 98 98 13 31 70 2 36 26 16 10 68 50 41 62 35 39 9 40 8 15 26 54 3 78 41 45 72 4 37 69 4 32 23 99 4 66 30 16 2 61 7 1 35 22 9 28 52 94 93 63 96 61 19 54 9 33 29 25 14 45 54 69 19 47 2 43 6 4 51 62 25 78 48 93 88 37 94 48 65 37 49 75 74 19 13 58 75 5 31 6 68 89 79 46 82 34 65 22 72 60 15 84 12 46 69 83 84 15 80 67 81 34 5 69 94 6 89 9 8 61 78 78 92 55 95 42 2 59 44 29 61 56 99 24 66 32 1 62 76 72 47 27 5 54 89 38 15 39 29 48 13 69 2 36 43 59 81 2 80 90 69 57 26 8 87 24 96 5 73 23 23 28 73 71 42 65 37 
