200 60
89 61 9 3 70 71 22 4 95 95 40 25 85 4 33 65 86 82 7 12 2 73 43 66 21 2 25 81 56 4 72 90 66 64 69 38 94 46 99 9 95 18 73 64 69 88 61 70 90 39 25 29 42 51 50 10 42 40 74 81 80 85 20 44 47 63 25 57 62 76 78 73 10 86 42 69 70 43 93 79 45 19 47 20 96 36 91 27 73 2 18 87 43 38 54 66 23 12 92 39 15 66 23 26 31 55 65 20 29 70 96 21 41 73 88 62 8 31 32 47 6 41 72 77 83 65 42 85 85 62 86 62 93 19 1 95 48 78 56 94 86 73 37 25 69 59 65 36 16 42 38 99 32 11 55 32 44 70 51 31 27 71 26 7 41 39 77 12 55 9 34 72 84 57 80 20 22 29 94 21 62 71 77 12 42 66 81 28 65 59 46 32 38 90 25 51 96 29 21 3 
59 19 73 77 11 11 91 68 85 28 74 3 69 18 87 34 76 31 5 49 4 79 62 23 87 90 12 75 61 65 81 26 12 32 29 53 33 6 98 48 83 43 80 70 44 97 59 7 73 78 79 27 62 3 94 37 92 55 28 38 92 43 26 82 92 54 17 32 80 10 64 7 60 23 27 51 9 54 10 83 26 69 27 54 1 93 51 3 56 68 75 11 17 8 65 65 57 56 20 7 60 43 21 90 74 37 95 41 70 7 71 9 92 74 30 26 25 73 64 65 36 1 36 90 43 78 32 19 65 8 19 73 80 24 98 43 83 54 69 33 36 74 76 26 31 63 70 37 43 60 65 68 87 21 92 68 75 73 58 86 71 76 96 27 48 72 32 9 42 45 30 22 13 77 56 80 95 6 31 80 61 75 87 58 68 99 27 42 24 15 74 14 35 34 35 60 69 9 51 33 
32 98 96 64 99 25 11 65 17 56 20 16 29 67 26 75 17 53 60 66 80 8 61 53 19 9 58 23 12 97 54 66 4 61 3 59 79 12 91 48 50 70 25 23 33 45 3 6 30 16 3 28 16 13 62 15 11 97 58 62 69 48 90 22 55 36 60 81 29 9 54 44 23 71 22 12 26 69 63 67 65 65 2 52 86 26 74 50 34 98 5 69 33 94 89 21 71 72 79 1 81 13 56 75 18 9 21 55 44 37 66 83 9 49 68 12 29 45 57 83 73 57 8 17 39 34 13 84 38 16 69 92 72 22 60 65 23 28 31 26 23 47 73 76 44 16 11 78 78 68 72 37 14 24 77 78 23 64 19 37 39 16 42 28 38 33 25 37 21 77 62 96 95 96 45 68 57 11 40 26 68 92 77 32 41 44 24 26 20 81 69 99 60 20 7 80 12 45 12 13 
57 91 70 35 1 16 5 37 88 83 28 80 12 58 73 17 46 6 13 1 62 95 62 95 27 14 92 82 11 61 31 62 99 66 67 65 92 88 63 55 15 23 58 39 19 11 72 68 95 43 16 48 76 66 95 43 43 89 18 85 31 92 97 75 36 27 66 95 23 29 71 11 28 20 90 77 69 16 33 47 50 35 47 78 65 98 28 35 10 42 20 98 82 20 27 73 91 10 18 90 65 25 29 17 55 12 75 57 40 62 56 67 37 20 57 54 6 81 60 82 53 9 51 86 41 32 20 69 91 55 72 13 97 66 37 85 21 38 64 43 6 38 43 42 82 35 95 38 73 3 94 1 97 28 61 12 82 17 75 75 63 1 82 26 93 40 96 31 51 36 9 98 43 31 93 83 12 20 14 95 43 51 30 2 70 39 1 37 83 64 95 6 31 83 97 92 30 35 8 66 
83 79 94 24 10 79 19 80 45 83 86 57 92 90 63 40 88 3 12 27 29 50 20 66 3 29 34 83 23 29 91 15 57 64 50 36 60 7 19 96 5 17 90 51 11 71 71 84 80 2 17 52 27 18 55 6 4 44 25 23 42 49 5 46 74 76 43 4 74 76 90 49 78 37 32 90 25 17 16 19 81 74 85 41 76 98 14 13 33 43 31 68 95 55 55 50 65 7 27 43 30 28 38 5 94 36 65 94 13 68 98 10 19 11 72 11 58 33 2 56 19 16 6 35 62 86 46 93 57 47 55 70 7 5 66 27 82 6 45 78 54 66 25 23 23 3 32 75 50 62 20 1 90 55 4 39 23 87 83 43 80 88 83 3 83 47 77 85 70 37 25 58 28 54 98 25 22 42 17 54 31 28 75 14 77 51 78 98 54 96 69 64 63 23 63 56 39 96 76 44 
9 61 46 21 26 48 79 33 38 25 48 49 28 72 91 23 26 75 24 85 72 79 97 7 69 42 55 48 39 91 88 21 81 87 90 42 25 70 18 91 88 19 41 65 36 13 5 35 31 79 81 2 95 58 31 54 64 51 52 25 41 84 42 44 56 57 54 98 22 8 50 86 89 59 58 74 4 83 29 53 61 55 93 93 65 7 17 5 82 85 56 86 99 11 17 90 78 28 7 72 13 68 94 50 86 1 67 59 27 91 82 11 61 59 28 44 76 31 75 89 69 99 39 15 10 77 31 91 92 55 16 45 91 59 72 14 24 2 40 1 98 44 86 38 75 49 55 35 22 40 26 40 69 51 68 90 67 92 4 79 42 97 53 99 53 86 1 9 47 19 45 82 14 48 59 68 48 82 44 48 97 39 87 88 26 97 16 97 64 62 56 85 73 12 87 17 91 59 1 68 
27 38 56 1 31 77 29 43 1 39 6 32 33 48 10 92 77 45 62 47 19 60 59 8 60 2 55 47 3 31 42 87 26 49 33 77 69 74 41 76 17 26 64 31 73 1 60 62 49 61 37 43 40 13 24 80 9 84 61 96 66 12 76 11 52 17 67 20 17 91 83 78 4 76 5 84 28 43 28 54 60 76 43 9 7 53 18 53 89 25 74 57 30 1 76 37 28 26 8 37 45 63 52 11 83 77 75 4 69 13 10 29 33 74 29 55 90 15 36 85 25 8 40 37 67 33 39 25 77 60 2 39 27 25 45 33 79 13 24 97 70 42 3 45 89 42 42 91 64 35 79 37 37 18 8 48 50 44 62 35 22 6 95 38 36 11 61 6 14 69 97 77 3 68 6 63 53 63 30 29 1 47 43 69 50 40 25 99 51 69 44 27 85 48 38 41 44 58 97 87 
54 82 64 68 14 55 31 66 77 46 45 36 67 58 28 11 80 57 74 37 87 71 61 81 47 7 54 38 8 48 11 34 14 65 88 35 14 21 54 51 65 75 84 46 43 96 76 40 42 60 49 19 86 62 58 37 34 18 92 28 83 76 86 4 81 22 24 71 27 79 46 28 78 24 56 76 60 84 26 25 69 52 4 97 79 83 17 36 50 10 81 13 32 43 8 29 70 79 7 29 16 8 93 98 28 17 97 79 81 97 67 66 73 56 74 22 30 12 25 79 11 9 59 45 17 22 64 11 93 62 75 59 44 80 84 63 28 78 47 4 70 13 86 64 69 99 2 45 3 23 71 66 29 41 65 74 1 90 44 50 65 96 69 12 75 73 9 23 91 36 44 2 90 4 73 19 70 7 22 16 59 92 45 98 17 31 37 52 47 24 35 47 98 9 26 38 73 63 54 78 
97 58 93 80 37 50 40 38 80 17 7 51 66 22 73 81 97 37 94 66 64 68 33 40 80 89 86 74 15 76 25 4 19 30 16 58 61 17 62 94 59 94 26 30 6 45 67 69 7 5 68 39 7 95 69 16 24 61 99 62 79 89 7 54 32 50 88 15 1 27 24 40 9 41 7 40 2 92 73 59 90 84 37 17 72 56 17 32 71 15 69 57 61 66 23 10 3 48 2 4 73 57 66 78 95 84 39 33 72 45 34 56 16 7 93 55 79 27 16 92 89 79 87 13 74 87 13 73 99 52 48 79 94 88 32 14 86 54 14 64 33 78 89 62 50 99 29 8 44 88 8 3 45 85 44 82 37 30 19 49 87 90 20 96 80 98 61 49 48 77 25 87 1 74 82 82 58 91 34 28 81 18 35 64 5 59 31 22 64 72 83 40 33 92 7 8 49 67 96 88 
97 90 48 82 90 48 28 76 33 95 51 31 61 18 96 73 12 24 21 86 75 8 14 61 55 98 56 56 22 21 73 51 71 52 94 8 78 73 7 20 58 33 13 75 15 95 85 7 4 5 27 54 85 32 20 17 83 42 90 8 37 41 59 17 63 37 99 61 6 95 92 41 96 93 85 2 13 81 46 84 29 31 20 85 74 99 86 9 90 81 15 28 89 65 20 37 5 91 20 11 52 7 91 59 81 22 25 81 40 67 83 27 21 48 57 48 24 4 20 57 11 59 84 84 61 87 61 31 30 58 14 28 1 3 11 92 44 62 88 82 76 49 6 52 11 2 95 12 17 40 27 81 74 22 57 47 34 2 91 18 68 83 36 81 33 77 57 62 17 58 34 74 6 21 20 80 32 35 92 47 34 2 15 1 14 14 89 85 89 5 17 18 54 11 46 41 31 26 38 87 
7 55 90 86 44 3 11 28 31 36 69 41 15 66 74 1 36 30 22 53 17 77 78 96 34 49 55 60 10 60 1 88 84 78 70 21 1 10 15 71 88 72 60 12 40 88 89 55 95 55 20 33 24 33 87 76 1 22 32 2 93 47 70 87 41 37 81 58 36 7 89 63 4 37 43 60 84 57 96 97 16 27 91 89 15 16 36 5 54 83 92 44 51 67 49 22 40 53 10 46 60 68 70 3 37 52 2 34 57 46 31 23 57 68 23 70 99 98 58 79 57 58 21 36 92 92 72 88 39 50 40 32 83 65 91 86 48 41 22 80 69 27 28 30 79 1 98 23 88 53 88 97 68 67 3 23 28 95 76 85 98 49 58 63 16 71 89 13 98 26 87 46 31 71 23 17 42 47 5 95 92 54 63 56 48 33 24 55 67 50 95 11 79 74 49 88 68 60 99 78 
47 27 57 41 37 27 20 84 10 49 3 32 16 85 20 60 85 74 23 94 41 8 4 18 98 36 6 77 77 74 25 85 4 14 18 32 17 19 10 88 77 42 99 13 74 25 64 56 28 7 69 72 95 30 71 20 84 45 24 68 50 20 87 10 8 45 33 57 35 36 48 59 81 46 45 99 73 67 64 5 19 41 84 54 15 58 25 82 56 72 53 85 37 1 93 29 60 34 29 55 43 41 12 86 22 74 65 31 61 77 95 93 59 89 93 78 49 56 41 94 16 30 21 66 89 79 19 34 63 95 32 64 91 98 75 56 99 40 86 45 90 16 34 11 49 67 22 81 50 87 96 45 62 32 52 49 58 20 39 11 17 43 67 23 31 70 16 59 16 57 34 81 11 48 55 44 90 86 96 4 66 16 66 22 97 91 73 71 93 85 30 48 21 87 61 68 13 20 8 81 
12 99 36 47 89 49 28 34 68 90 92 17 95 5 54 53 34 11 20 54 89 91 7 8 50 28 74 21 6 29 57 38 90 65 94 85 8 95 62 92 63 3 3 27 95 25 58 27 9 81 2 30 99 12 67 6 97 98 79 86 85 6 91 99 37 8 7 97 48 18 18 88 64 23 35 71 18 13 17 61 52 14 1 25 58 16 38 11 3 9 22 81 63 10 19 42 54 94 99 73 62 33 74 64 75 15 19 41 16 85 8 97 69 72 45 30 18 22 99 66 70 26 30 97 94 55 18 7 47 91 4 6 6 58 11 60 99 47 82 26 43 59 10 76 63 25 65 37 33 45 30 14 3 15 32 26 32 60 68 36 18 66 46 85 31 9 6 19 41 85 55 20 54 50 4 41 37 37 88 37 57 2 9 92 5 43 57 57 29 41 50 71 72 83 57 4 92 2 38 79 
15 82 73 95 76 77 63 67 93 34 4 27 11 95 80 49 45 83 82 61 44 47 53 1 39 24 51 68 4 93 4 86 10 36 65 57 81 85 72 13 54 89 96 77 30 62 10 21 35 43 29 16 71 52 82 92 77 46 60 98 85 74 72 50 73 35 4 92 22 34 72 54 75 36 84 3 91 27 91 3 3 65 44 71 69 39 52 35 37 26 37 83 93 44 90 29 25 13 32 59 69 5 59 99 77 7 11 61 64 73 21 3 68 81 71 87 8 90 55 35 36 95 25 79 97 86 54 28 84 99 94 14 92 80 27 55 79 33 21 9 17 81 91 28 51 23 56 20 57 86 85 98 95 86 67 43 67 81 57 55 71 30 37 13 61 43 69 28 1 47 58 3 20 35 99 85 71 24 42 26 87 11 40 33 34 31 11 32 71 14 94 19 5 34 3 15 45 74 82 27 
28 94 2 69 34 15 85 96 85 83 95 23 46 91 56 40 42 2 93 2 46 29 21 6 57 23 18 72 81 47 13 30 14 63 62 93 20 10 34 47 15 85 89 22 48 28 60 83 82 97 35 7 74 57 35 62 58 53 2 94 26 97 72 4 8 50 64 27 53 97 57 20 13 34 69 39 23 46 44 20 78 92 30 63 24 82 59 10 28 60 32 27 67 86 97 87 7 18 32 52 81 87 25 49 78 89 56 57 17 57 79 85 29 46 1 55 43 15 65 81 63 5 32 53 51 23 60 18 8 24 87 56 53 90 13 71 8 12 74 63 78 71 38 14 31 21 71 68 79 65 26 13 62 46 25 60 27 17 34 29 10 30 53 25 15 16 90 21 1 62 46 42 55 97 94 41 81 74 63 87 79 44 15 39 22 44 32 32 42 78 91 56 10 96 52 41 16 74 33 33 
3 56 70 73 52 15 99 82 99 70 71 39 59 93 47 69 63 18 7 12 68 39 61 21 62 23 54 77 73 13 70 88 70 34 43 98 74 3 55 95 62 27 53 15 71 21 47 45 12 5 18 39 65 11 28 15 96 94 21 65 59 38 33 60 96 54 97 60 56 96 49 14 90 63 34 70 64 7 13 82 61 33 69 16 90 15 14 51 92 96 92 95 44 95 92 82 68 16 47 83 35 48 43 13 74 80 26 32 77 99 7 57 2 4 71 67 82 3 81 7 37 28 82 94 68 37 13 29 73 21 7 94 50 10 1 68 3 77 42 25 47 52 93 44 19 18 40 19 79 25 94 56 19 90 4 87 68 13 56 76 1 70 87 19 38 30 84 55 61 56 96 75 13 14 35 21 3 76 87 96 19 31 16 75 27 85 70 2 84 74 87 99 38 63 4 82 38 60 59 51 
74 14 52 77 80 15 83 72 71 71 4 69 91 53 34 56 77 20 12 73 93 53 10 50 60 86 77 30 83 34 65 10 92 29 59 62 64 45 13 74 58 38 73 75 47 68 21 67 48 39 92 58 52 21 18 92 59 88 48 83 6 50 88 40 98 77 30 4 44 38 77 77 80 27 85 57 10 98 85 61 26 93 19 64 52 77 70 27 65 66 93 27 31 57 49 92 35 64 30 31 12 47 96 61 80 43 7 45 69 95 45 18 54 88 59 20 85 78 84 30 19 21 81 90 49 8 63 47 41 92 26 73 59 27 85 4 98 88 3 67 19 14 17 15 74 27 78 55 44 75 77 80 62 58 77 3 53 57 46 82 60 67 84 58 76 31 61 83 76 68 40 52 49 7 16 33 28 13 42 98 18 25 64 59 36 82 48 93 33 58 16 76 32 90 72 17 55 14 39 80 
14 48 22 58 4 3 6 19 13 51 2 53 42 51 62 50 62 12 91 76 73 46 98 27 59 25 54 90 41 36 48 95 40 43 44 74 27 35 35 15 81 88 2 20 50 19 68 59 98 43 59 33 71 30 51 18 45 57 35 34 88 71 70 92 14 41 40 57 39 13 7 98 37 70 71 51 99 88 27 68 86 87 16 78 86 93 87 44 71 94 51 15 54 91 35 85 42 60 42 52 96 6 4 66 86 18 42 93 47 27 19 70 32 63 95 58 76 8 91 1 46 56 35 79 96 66 24 71 32 22 81 3 58 83 9 10 37 49 46 90 49 6 26 61 43 90 29 17 97 42 43 81 74 61 18 70 72 66 20 42 90 45 90 55 79 16 4 27 94 83 16 86 62 93 30 36 26 88 48 97 8 64 25 81 63 31 32 33 39 59 4 92 25 48 3 52 18 72 69 10 
89 28 62 77 78 71 25 9 56 91 30 29 40 29 14 71 6 61 59 55 62 86 74 55 39 7 79 90 67 2 83 2 55 20 68 36 75 51 67 25 43 13 48 66 1 30 94 8 92 17 86 24 53 56 81 3 84 84 95 22 38 68 86 34 97 88 33 45 56 23 16 96 4 23 2 47 4 98 22 54 73 98 52 53 71 92 98 42 69 51 76 58 45 26 89 64 51 33 15 26 7 35 80 96 73 20 51 93 35 81 5 85 84 5 16 66 1 43 38 45 31 3 83 21 72 21 5 64 53 50 75 3 13 35 72 97 85 1 56 29 80 27 53 72 60 32 38 86 28 55 9 86 4 38 76 33 6 4 41 8 36 37 73 96 58 71 99 72 76 64 76 74 24 82 79 89 36 78 78 36 38 77 21 38 22 54 15 18 31 19 9 66 37 91 71 31 28 90 73 93 
85 52 15 40 48 49 67 81 52 23 4 87 58 67 22 88 4 71 54 7 15 23 70 72 9 17 86 22 2 58 70 9 14 76 46 8 76 20 6 24 40 71 7 93 75 52 87 96 86 26 66 58 11 6 53 56 30 62 51 31 71 29 66 85 21 7 14 95 22 73 19 16 87 86 32 84 4 92 28 32 37 30 14 84 37 40 36 71 49 68 88 32 15 73 15 21 82 33 16 15 10 49 59 20 72 56 81 74 69 27 94 59 30 74 96 1 18 66 71 80 42 24 99 38 58 31 64 79 75 42 55 81 66 84 76 99 69 69 54 75 96 92 40 40 41 46 17 20 81 22 9 47 86 16 84 63 27 40 66 23 75 23 31 7 17 19 22 19 54 14 52 3 13 29 13 38 48 34 73 55 51 44 99 35 56 34 45 20 46 39 72 17 57 64 45 4 87 89 46 40 
19 1 11 36 68 57 77 90 37 86 37 37 71 34 80 42 20 18 67 55 59 56 52 43 27 96 14 23 55 54 93 84 98 33 19 33 67 66 39 12 58 42 57 38 85 39 56 30 14 50 38 43 84 25 46 98 53 89 4 16 19 86 40 40 51 2 27 79 27 93 5 31 60 33 17 16 31 23 38 7 20 40 11 63 36 59 71 60 50 87 83 20 28 95 69 43 55 47 40 40 76 32 29 64 21 97 19 38 36 78 78 89 18 28 90 81 41 50 82 44 95 31 59 2 11 70 35 10 90 12 62 83 45 72 65 27 21 79 68 70 30 96 33 94 85 54 80 65 31 88 33 66 68 62 34 27 97 4 90 57 36 36 96 73 62 7 67 38 37 20 69 80 41 68 54 37 3 62 85 79 32 65 75 43 48 22 12 63 16 86 90 1 70 62 47 78 56 26 89 11 
24 85 76 19 73 99 60 23 85 34 89 28 59 9 38 95 85 92 4 14 9 58 65 51 78 34 34 13 8 64 15 96 30 65 57 49 55 79 19 25 24 34 15 37 65 95 78 19 55 28 14 78 67 45 55 53 34 72 22 66 2 97 76 86 85 32 75 81 26 63 32 71 46 12 70 92 9 89 78 47 69 54 69 61 36 64 34 41 22 41 98 33 6 16 82 72 83 93 49 47 29 8 69 47 48 73 73 28 34 46 8 61 25 78 91 92 60 74 72 99 37 47 84 45 63 75 2 36 20 57 98 77 11 71 1 33 24 26 45 74 85 23 36 43 16 8 98 6 85 30 39 9 72 97 96 34 20 33 6 58 87 30 43 7 15 10 94 11 68 76 5 64 9 76 32 76 36 50 11 33 54 90 4 51 24 1 57 32 20 47 61 21 83 19 3 65 84 80 22 63 
99 85 5 30 19 44 92 13 29 37 60 29 8 88 22 57 5 55 10 1 26 7 46 63 10 3 33 36 15 81 30 70 96 34 33 69 88 91 59 61 85 2 28 84 27 12 41 66 71 51 61 7 83 11 1 58 15 25 93 8 81 53 85 58 50 60 8 7 15 99 63 30 80 90 6 64 46 4 21 84 80 42 10 89 10 18 66 77 93 39 62 35 10 87 28 10 34 99 28 99 21 52 53 28 86 38 89 28 88 51 11 23 7 63 51 9 27 14 91 32 20 80 37 76 23 68 3 37 21 87 91 11 31 37 75 66 76 81 78 37 77 37 58 91 23 51 84 25 58 82 23 32 66 83 15 91 42 81 59 50 83 59 94 97 65 37 78 55 22 53 69 49 34 48 11 1 99 40 7 98 27 10 9 86 5 83 93 42 91 12 44 57 93 48 35 23 47 38 9 4 
45 66 3 19 17 24 11 81 47 66 26 93 67 90 23 77 72 48 45 64 32 50 13 98 91 77 26 47 81 82 73 1 25 97 35 85 40 42 94 65 48 28 39 49 81 63 70 98 86 62 8 33 31 53 96 36 15 75 12 60 68 97 68 38 63 15 24 81 20 59 86 92 11 6 19 70 67 76 48 14 89 50 70 30 44 65 56 42 81 28 57 90 33 17 14 44 22 92 58 6 69 99 25 15 97 76 52 58 40 58 94 73 45 87 23 57 83 15 32 68 54 11 52 37 90 66 46 71 65 7 25 60 2 89 47 82 72 15 29 14 11 33 48 30 17 48 52 14 62 26 62 65 96 98 82 2 53 72 5 68 57 34 14 44 30 54 93 46 97 97 36 38 93 27 46 32 68 10 46 2 94 26 83 83 71 69 39 84 35 61 28 88 60 49 12 60 69 20 1 57 
93 67 18 78 57 19 69 23 45 1 37 77 36 46 71 60 39 61 70 27 21 60 5 5 41 91 53 21 80 71 34 39 74 16 31 86 42 70 32 84 19 43 54 83 89 33 79 91 14 64 82 6 65 16 63 45 55 53 81 79 69 59 81 62 97 66 28 62 61 86 36 92 52 44 4 46 55 5 40 20 88 8 98 54 26 1 11 59 36 63 13 46 5 47 77 59 77 98 50 10 81 97 74 2 59 84 26 67 2 90 44 99 79 73 62 76 71 44 38 1 98 3 87 24 53 63 14 84 33 91 39 32 68 32 38 63 57 42 63 53 93 19 84 83 3 38 13 75 67 76 36 23 61 48 47 19 81 37 80 91 79 23 37 34 88 19 18 34 62 95 57 7 98 20 51 27 75 81 92 56 79 25 95 79 39 80 35 32 55 96 70 34 32 73 84 19 10 85 6 66 
3 67 53 79 3 70 34 73 2 59 23 77 29 61 64 82 56 70 23 76 55 8 41 2 54 75 94 12 90 17 49 25 72 65 18 82 31 11 15 7 77 44 14 53 61 25 2 69 24 29 39 50 56 10 13 96 56 52 92 66 81 29 90 37 8 59 12 57 87 61 16 4 2 11 71 41 18 97 10 74 48 80 86 5 3 44 32 88 48 56 12 93 62 23 80 52 91 42 40 21 6 66 92 34 57 52 3 62 32 23 46 67 12 19 72 58 27 56 56 49 13 84 58 13 67 42 77 41 6 9 10 94 18 70 4 67 25 65 16 36 34 46 68 18 95 38 4 32 59 89 43 47 31 30 40 44 26 31 38 71 31 55 29 97 55 18 6 72 88 42 18 80 58 13 33 96 83 34 87 44 34 88 48 52 84 87 63 8 71 35 20 14 50 74 5 49 49 54 54 20 
44 3 56 59 40 86 22 19 42 24 12 30 60 32 58 84 21 73 99 64 46 41 63 20 36 40 42 52 48 66 80 97 82 87 53 5 60 28 47 16 6 47 43 51 25 19 96 88 92 19 19 43 27 1 58 51 77 76 81 51 98 5 56 62 39 63 28 67 16 35 9 95 2 89 50 2 2 64 31 49 36 41 35 88 23 35 33 40 57 70 64 78 92 62 20 7 24 1 18 44 67 29 91 5 42 27 67 79 52 89 45 15 64 13 82 96 94 68 71 33 85 92 25 30 88 61 56 79 47 73 57 34 74 33 82 92 37 29 31 80 35 18 26 32 85 5 96 66 2 24 59 77 72 18 99 6 48 25 51 28 20 54 80 33 96 69 64 6 94 70 74 5 12 72 57 49 12 92 13 95 5 23 82 21 29 18 23 2 32 76 90 1 51 16 24 41 94 61 24 91 
23 8 5 62 87 8 66 39 72 98 84 5 47 4 91 14 60 87 50 68 43 62 60 16 14 92 63 64 87 4 50 82 82 83 65 8 22 95 14 52 45 79 70 11 12 60 80 66 7 53 71 92 50 70 56 65 98 28 39 68 56 50 23 94 78 79 17 58 77 76 40 97 30 34 29 83 84 76 43 23 65 70 72 66 78 29 43 17 22 18 24 31 84 64 31 31 62 58 35 4 55 65 70 15 78 25 35 10 68 65 4 23 87 3 28 79 31 50 48 9 33 27 95 43 73 57 1 29 84 84 96 31 56 73 31 41 41 17 65 78 63 41 87 4 24 13 14 20 6 49 95 78 83 17 29 90 24 43 56 28 96 21 76 30 80 16 47 15 67 71 95 77 68 15 23 5 24 65 6 74 6 38 13 65 24 51 1 63 36 34 26 65 49 30 50 88 30 5 46 74 
73 23 35 73 18 45 65 32 19 45 69 7 33 68 66 56 1 63 23 55 74 17 88 30 56 78 23 87 21 95 27 51 55 46 78 83 83 66 57 27 2 82 82 28 7 46 38 71 31 61 10 14 69 14 12 9 13 11 20 43 80 4 3 67 48 22 53 26 83 7 19 86 72 39 34 77 54 74 50 13 51 68 68 25 1 15 69 98 85 70 46 98 65 92 33 6 8 65 39 41 22 33 79 4 84 31 4 99 77 17 30 70 14 3 76 30 72 84 90 90 27 73 79 96 78 31 46 56 87 94 15 71 2 13 67 69 92 74 70 34 81 42 8 37 73 80 14 70 87 89 3 76 90 36 98 77 24 83 70 12 40 25 59 58 29 11 12 74 51 85 13 22 70 15 12 4 83 18 59 88 51 97 36 48 31 75 83 84 7 18 36 62 21 72 50 42 5 94 42 10 
36 47 66 47 62 27 26 81 90 38 61 2 9 45 23 73 22 29 12 59 10 45 24 72 80 78 16 36 25 4 57 36 79 36 86 81 74 91 67 59 97 40 47 89 44 65 12 80 78 17 40 89 84 71 62 74 27 83 18 51 7 46 6 54 16 44 47 84 90 13 40 73 77 93 12 35 77 87 80 24 12 15 8 91 72 71 55 39 81 80 44 78 46 56 6 86 14 52 45 62 32 24 89 78 99 80 49 45 27 44 74 61 92 5 9 71 95 75 46 24 14 53 89 24 61 67 4 92 44 43 73 22 16 55 58 32 33 83 53 27 13 67 37 49 90 67 38 38 71 18 80 86 91 81 50 93 72 11 43 26 76 99 27 71 63 40 93 92 48 83 18 87 54 89 14 44 73 86 89 97 20 28 3 82 85 49 19 95 98 19 68 47 78 2 99 17 93 11 38 15 
53 43 71 61 20 62 67 89 95 98 1 77 66 32 25 65 98 31 19 73 27 40 63 86 27 53 27 30 3 97 42 55 65 20 94 20 13 60 93 69 16 36 63 16 96 26 17 22 7 48 44 80 14 42 85 99 80 49 19 76 45 97 39 86 5 79 40 59 92 31 91 62 64 20 29 80 75 22 25 99 65 2 78 86 36 97 90 68 35 98 51 18 36 30 13 33 20 30 80 15 57 36 85 53 87 61 70 8 2 79 70 84 24 3 93 24 92 67 3 77 39 10 94 89 72 53 85 78 58 83 88 20 4 36 95 27 33 70 59 31 71 58 76 61 30 61 63 31 79 12 43 13 39 93 24 25 51 28 80 8 68 50 37 12 31 89 46 69 49 56 70 86 84 20 65 16 30 87 59 41 95 89 34 58 82 60 10 59 71 16 20 8 96 38 98 24 36 58 59 65 
68 46 51 98 67 68 42 69 63 78 58 92 81 97 15 39 58 98 45 82 49 11 5 11 35 28 77 27 28 16 79 59 77 15 70 63 77 50 54 33 71 35 91 4 60 77 98 58 5 88 59 37 38 87 31 38 66 6 46 30 77 96 23 52 46 39 71 25 43 47 97 56 37 71 11 42 4 10 29 81 31 10 88 75 28 79 44 38 25 88 81 98 86 79 20 12 15 69 18 60 53 59 84 64 97 39 78 84 1 94 20 34 75 13 93 75 5 87 58 36 48 29 47 10 44 67 82 63 19 57 73 43 94 88 29 83 92 89 58 8 39 34 83 41 75 48 40 11 59 13 85 58 74 77 8 38 37 59 25 32 98 52 2 50 58 35 44 39 60 73 14 86 9 29 34 29 69 66 89 59 77 55 41 30 42 83 24 60 54 56 61 45 92 7 64 58 29 99 42 57 
71 43 37 13 38 55 57 67 83 62 16 70 7 67 26 29 67 33 77 71 20 12 72 79 47 76 53 25 84 52 36 95 58 48 37 28 12 85 12 38 40 35 77 55 21 41 53 51 43 58 82 68 41 79 71 59 24 69 16 10 8 95 35 73 47 56 1 4 65 17 71 83 85 37 19 59 63 5 64 66 19 63 8 67 63 50 58 77 35 20 64 2 30 80 51 58 31 23 43 19 40 54 3 32 11 24 55 59 75 61 27 5 84 5 71 45 27 28 99 63 72 80 18 80 92 11 52 81 2 2 81 53 78 99 71 13 7 47 5 36 98 16 8 93 31 34 88 80 75 17 63 46 26 6 91 24 37 90 3 70 48 45 31 85 21 57 46 54 65 63 81 67 74 72 71 64 51 5 75 54 48 21 15 53 87 50 2 13 4 24 70 54 64 8 10 94 10 33 90 84 
92 81 88 78 26 57 70 44 42 86 57 36 13 99 44 36 24 18 24 44 34 10 35 36 29 48 23 20 76 66 94 94 85 14 73 99 62 14 61 78 64 16 86 30 57 57 66 67 71 17 60 72 61 70 27 53 55 47 82 2 18 87 51 46 2 97 30 9 7 9 37 66 36 27 70 97 48 96 67 49 21 53 57 85 1 79 19 46 61 62 36 5 61 49 55 21 98 4 40 1 67 61 29 51 14 88 90 34 94 36 81 29 29 94 99 79 58 56 44 59 2 63 68 24 13 71 37 64 32 99 85 70 50 92 69 78 57 71 29 35 3 95 40 48 53 13 68 47 43 21 34 37 36 21 59 53 79 73 30 22 60 56 48 11 62 20 91 91 21 44 68 92 80 94 74 53 49 75 46 84 60 92 21 24 19 3 92 88 68 74 64 36 40 42 10 18 11 64 26 37 
86 3 9 96 84 38 91 72 49 93 96 87 55 57 73 36 50 73 38 10 35 25 51 77 53 16 3 72 62 49 92 67 22 14 9 57 71 58 12 45 13 80 17 15 90 3 69 20 76 52 34 63 46 50 70 75 62 82 14 95 57 91 63 60 13 47 54 73 40 37 45 96 64 40 96 27 4 16 55 77 52 78 31 58 56 80 81 63 4 96 91 41 97 2 54 86 43 51 55 17 25 69 50 51 90 20 48 97 30 96 91 29 59 98 39 67 1 15 46 64 61 4 44 80 19 76 26 70 99 74 23 59 62 54 88 30 75 67 80 98 5 41 38 99 85 60 68 63 14 50 23 2 21 53 83 86 55 15 37 33 66 63 66 75 85 89 20 57 6 30 4 4 62 47 55 10 15 13 29 18 32 84 73 98 67 90 19 33 42 14 50 97 29 65 95 37 32 71 5 53 
34 90 28 39 71 75 29 78 49 36 64 76 3 4 3 44 38 95 42 82 45 23 12 90 94 97 81 69 55 37 63 29 88 72 26 98 66 54 90 24 66 55 47 84 87 81 54 90 51 77 46 93 7 31 40 93 42 77 45 43 85 12 62 53 15 90 96 2 63 38 60 38 24 56 79 90 57 25 2 70 97 15 98 80 58 87 77 22 41 9 83 96 38 45 8 18 38 80 92 13 39 16 40 33 47 76 12 57 86 21 45 96 4 43 50 7 77 83 23 87 20 29 47 92 87 26 1 35 84 82 64 94 69 75 28 23 63 56 94 48 51 58 86 84 96 3 54 36 38 5 79 4 4 77 86 94 12 42 41 20 79 34 62 12 30 6 28 20 95 33 78 26 28 26 26 45 1 32 58 30 17 40 47 85 18 91 52 65 85 82 30 84 49 74 37 25 96 93 38 38 
66 91 27 46 20 8 42 73 10 90 71 8 59 68 67 28 59 6 14 66 96 37 63 43 93 96 60 92 28 52 78 94 75 32 50 10 31 61 94 9 49 88 54 4 67 19 23 76 43 47 78 15 81 86 12 41 68 2 59 43 99 36 38 7 17 49 68 46 33 43 15 35 66 97 9 39 73 95 85 45 75 61 15 94 95 86 30 13 85 63 57 43 59 16 55 73 22 33 37 73 5 94 7 19 91 10 88 31 55 40 59 1 85 38 78 22 19 75 22 25 75 73 8 7 84 35 35 59 18 76 9 6 24 57 74 27 53 16 48 95 92 92 46 9 1 70 23 14 30 96 91 44 65 24 64 51 54 33 81 31 35 69 38 60 70 72 22 24 79 8 40 50 65 96 52 36 50 48 1 85 7 90 42 37 84 6 81 93 48 52 97 55 1 5 78 54 23 81 53 78 
97 91 96 86 87 71 17 37 51 44 59 4 56 27 93 17 14 29 56 77 25 5 6 7 45 10 80 10 35 61 54 28 18 87 91 94 40 92 5 93 21 4 10 13 12 35 84 5 54 38 23 37 33 61 89 52 34 8 80 25 1 86 75 15 89 72 96 26 27 62 64 61 65 29 50 79 38 80 41 50 18 13 84 12 72 71 55 26 20 99 5 38 85 4 21 26 57 3 82 64 43 87 16 74 29 76 51 84 29 71 81 85 50 13 12 83 39 39 23 61 47 42 25 31 82 20 11 93 64 36 18 90 83 76 79 64 56 4 82 12 80 14 25 42 93 93 72 34 26 74 12 87 60 92 9 86 86 41 64 49 56 29 72 86 41 35 73 62 91 66 12 41 86 16 93 54 94 12 38 46 29 82 42 40 5 8 27 86 91 75 2 24 76 38 16 35 13 69 19 1 
83 2 73 42 98 36 89 46 37 32 9 74 40 94 19 44 39 78 41 16 38 70 10 73 96 68 54 98 10 63 80 62 89 22 51 97 46 65 69 85 68 55 55 35 6 66 34 62 51 78 10 75 20 50 54 55 30 1 79 33 87 95 28 75 64 23 48 63 80 78 76 76 85 43 20 70 40 68 38 59 94 53 21 99 75 30 73 69 62 41 95 47 70 25 63 96 31 91 10 49 75 9 8 78 13 81 49 89 14 33 28 95 90 86 21 98 77 45 66 74 16 74 50 50 30 85 83 87 12 12 84 64 4 92 61 52 72 56 90 5 2 97 3 31 61 64 57 82 98 31 30 32 13 86 90 53 39 13 86 8 30 68 20 19 36 64 35 57 87 51 92 24 75 97 59 26 31 71 78 61 11 22 62 1 75 61 66 66 69 42 70 17 7 47 64 23 46 59 26 55 
71 24 13 70 58 72 71 66 95 48 35 19 29 49 42 45 61 20 90 69 63 59 48 19 75 30 56 37 19 57 40 89 96 44 10 65 5 71 71 89 36 7 31 23 83 10 98 74 54 37 99 4 67 54 77 29 65 33 1 32 20 65 67 63 35 66 16 53 58 79 28 14 80 86 33 44 48 10 20 43 67 20 38 7 10 45 7 42 18 70 20 68 13 51 54 27 2 16 70 83 80 72 27 40 43 13 79 34 85 26 93 51 15 93 43 28 53 8 23 57 45 67 54 98 61 91 86 80 9 20 11 8 36 25 57 69 37 13 10 43 59 33 8 1 10 84 53 18 62 19 15 76 59 51 40 73 27 60 55 26 70 4 74 76 88 13 8 4 76 11 61 22 33 9 52 92 65 18 7 28 98 54 70 1 76 45 17 43 73 35 47 63 98 92 2 41 99 14 65 42 
11 55 78 32 88 95 4 54 99 4 42 92 93 15 51 47 17 3 99 27 44 18 1 81 11 15 43 28 43 85 25 89 88 87 77 19 50 79 5 35 15 50 11 54 84 47 30 18 10 14 61 26 21 15 96 67 56 73 54 53 94 96 10 46 89 9 25 92 95 84 81 51 6 78 13 30 75 56 32 12 59 26 67 88 40 71 89 89 60 79 46 19 54 73 89 78 78 46 13 8 42 87 76 7 40 18 41 73 82 21 1 33 30 70 10 69 17 65 21 52 90 60 9 77 39 95 6 89 22 29 33 18 4 67 30 4 82 98 86 38 24 21 75 85 88 74 80 22 68 77 32 60 13 47 35 85 65 42 99 84 87 86 76 76 99 5 84 47 2 48 41 77 14 34 98 73 3 68 70 1 11 84 64 16 94 67 16 94 49 91 13 65 41 48 35 39 44 76 80 42 
83 6 35 17 26 3 89 24 56 98 36 35 52 18 38 59 79 96 26 49 47 39 51 54 61 79 42 77 85 30 59 32 95 43 55 97 33 66 29 77 66 96 79 54 43 40 67 44 47 64 66 56 57 56 22 47 1 82 7 75 9 36 76 63 77 3 29 48 18 11 56 38 17 90 4 73 93 29 25 78 50 26 39 18 36 52 84 55 95 3 79 8 32 56 76 4 60 29 14 37 60 31 80 25 40 25 66 62 85 79 18 80 22 28 1 3 64 21 47 99 79 87 20 45 39 86 64 73 76 66 66 36 44 22 8 57 67 45 23 89 2 87 53 71 92 13 8 82 24 57 16 99 82 78 82 55 11 20 48 89 59 60 44 13 51 76 45 54 31 93 31 25 24 45 38 69 94 27 19 24 97 55 97 74 39 22 25 8 29 51 35 73 40 55 3 37 62 91 99 36 
26 15 13 49 67 17 50 76 70 24 88 60 92 39 65 89 23 31 42 60 66 21 88 58 25 55 59 40 78 91 78 12 65 83 20 13 64 51 88 96 75 75 99 11 4 67 64 80 35 60 68 87 23 80 52 52 67 38 93 16 94 99 89 20 41 77 36 89 34 5 10 13 70 21 52 23 3 47 44 79 15 76 94 50 9 46 17 90 79 26 11 27 4 94 47 35 15 21 43 27 86 51 51 24 16 82 31 45 99 49 39 85 23 3 6 98 32 90 18 73 22 43 97 22 17 48 87 56 46 36 30 71 33 62 46 27 70 84 21 25 6 48 84 95 18 62 87 77 4 86 90 96 55 11 38 48 43 33 46 79 95 45 78 72 82 11 30 20 96 49 9 10 30 14 15 8 61 76 25 37 34 7 70 58 38 52 19 53 92 24 58 5 23 71 75 76 46 70 39 99 
53 13 56 52 99 22 73 63 1 2 33 64 55 15 93 94 33 59 37 36 79 73 75 10 24 40 56 90 85 99 69 8 76 49 54 54 12 52 3 89 16 44 70 52 25 39 78 57 96 34 23 12 16 18 77 15 99 77 5 64 4 2 56 67 31 88 84 40 34 52 47 21 26 29 11 71 79 83 60 84 43 15 5 92 37 63 82 68 69 13 67 39 33 7 76 84 19 41 74 48 19 83 80 44 31 69 77 60 71 14 13 64 72 18 8 14 96 71 65 59 36 61 70 51 25 78 6 48 41 22 48 18 15 10 81 49 34 77 98 56 50 92 14 83 86 55 59 15 42 7 2 75 99 34 41 41 29 79 21 46 97 44 33 85 73 94 23 23 33 68 99 98 67 83 37 33 85 40 83 34 27 32 68 5 60 46 4 46 96 74 96 67 89 21 53 90 46 1 82 55 
97 12 62 9 92 26 7 73 92 67 85 55 93 74 41 40 46 62 34 2 79 47 75 33 42 81 56 77 24 81 76 60 96 63 82 20 36 71 90 38 60 9 26 72 55 70 48 87 14 72 84 86 56 87 61 42 72 70 36 25 44 92 27 39 84 73 44 52 59 11 23 26 29 12 53 46 72 26 12 57 21 74 91 90 89 80 36 95 7 5 68 74 47 73 23 11 63 8 78 98 16 61 83 80 4 44 96 70 98 60 10 90 73 33 83 3 32 42 77 36 48 51 80 20 85 39 44 16 38 33 12 50 59 39 51 42 88 71 84 34 87 87 23 29 72 16 90 16 39 89 65 4 1 75 2 50 14 7 68 97 14 16 74 98 43 59 4 51 85 59 47 30 93 25 28 14 24 89 41 22 64 39 77 40 68 44 61 58 85 93 74 95 92 21 94 34 22 41 22 51 
35 72 38 12 4 17 56 13 82 80 65 93 61 99 41 65 89 73 48 79 34 20 94 82 35 29 90 75 61 25 2 65 65 15 9 26 44 51 60 53 89 84 33 17 49 24 84 25 79 85 11 71 5 58 2 98 72 51 99 52 7 57 52 33 69 4 73 60 13 14 92 22 37 57 19 36 45 10 91 3 3 11 39 61 89 17 33 48 60 56 48 53 96 92 14 72 66 73 76 69 80 88 47 28 44 29 66 9 20 41 57 6 77 81 77 5 57 77 83 37 17 78 81 35 98 15 81 90 75 54 62 12 16 56 18 76 31 33 21 89 42 98 75 41 26 30 72 60 76 24 49 72 64 48 43 55 83 4 49 95 17 77 75 45 87 1 1 75 18 2 27 38 81 65 40 17 64 88 66 84 19 36 22 62 20 97 78 71 20 42 11 93 9 77 61 25 67 2 88 32 
37 96 29 60 37 36 22 86 27 33 19 98 95 41 87 65 33 18 38 57 14 14 2 25 72 51 15 80 92 5 99 81 81 81 46 9 55 7 91 48 17 1 2 75 42 60 54 32 56 45 19 12 17 52 38 36 96 99 8 43 61 11 61 59 56 91 47 89 80 14 14 94 73 95 86 69 95 82 54 30 7 29 46 91 51 81 14 51 35 57 15 65 12 25 91 36 58 88 54 90 60 68 60 60 94 79 95 65 4 16 59 94 84 29 40 83 65 14 99 3 87 83 57 32 89 55 64 47 85 32 90 94 44 80 5 82 77 13 52 50 14 71 42 60 85 6 24 72 6 57 70 28 51 38 58 30 45 13 51 27 35 82 78 88 78 58 19 93 20 54 78 8 74 58 75 63 9 19 21 42 21 23 96 60 23 82 40 43 23 9 25 11 6 98 41 57 12 15 75 32 
89 14 97 36 48 67 66 74 87 76 27 95 50 13 60 22 82 97 58 70 45 1 26 65 17 50 92 43 3 39 14 53 38 31 82 73 95 65 29 9 92 65 32 1 96 41 24 32 30 3 97 37 79 56 8 1 1 21 85 72 23 26 37 68 56 24 55 75 2 91 22 63 52 42 17 87 98 24 22 94 41 33 32 30 92 17 52 44 82 79 15 98 66 91 75 72 33 92 29 67 6 98 9 15 53 9 93 83 94 11 18 84 5 90 74 76 21 32 23 71 50 28 92 46 74 88 93 42 55 39 19 74 44 35 52 38 85 64 76 15 23 54 73 78 9 75 39 1 5 52 81 59 93 67 33 41 83 65 53 53 13 63 36 22 56 53 17 9 37 12 77 6 23 4 53 50 41 88 38 29 80 30 92 82 99 97 49 10 32 74 19 80 91 66 95 38 80 3 65 3 
80 45 86 10 85 63 45 47 87 82 30 15 68 71 74 66 43 27 57 51 89 4 37 37 81 45 83 51 15 19 6 6 44 40 86 31 13 10 10 6 81 44 96 88 63 3 35 50 51 24 8 4 53 53 27 37 19 78 65 42 76 54 87 47 57 40 79 48 35 28 78 42 48 73 11 53 39 30 17 69 80 77 84 68 7 51 79 55 50 81 78 88 64 13 99 13 62 48 32 91 44 70 68 36 29 75 39 39 87 9 37 2 70 91 54 72 43 51 12 70 15 58 88 20 69 50 57 83 98 69 11 89 31 90 96 66 64 54 47 73 98 92 12 29 63 70 83 45 54 8 39 60 56 13 62 64 84 19 77 36 9 8 82 70 86 45 78 12 96 12 3 85 64 35 56 27 2 18 39 16 29 72 79 5 15 50 65 51 99 73 76 50 34 65 13 63 5 85 32 50 
28 20 88 8 34 44 94 7 97 23 89 52 19 12 68 72 54 1 65 60 76 71 5 25 30 54 64 56 85 82 23 71 98 50 25 79 63 67 32 32 72 19 77 82 67 17 28 42 1 57 36 34 90 80 97 51 75 22 8 14 70 74 17 22 24 37 87 17 77 79 50 32 16 89 60 53 27 39 51 72 57 31 97 45 68 61 63 48 93 74 63 32 93 19 17 79 12 2 7 63 33 47 33 99 36 54 70 7 54 48 23 56 28 40 82 39 65 84 84 12 92 31 62 56 14 85 5 40 69 62 16 65 85 43 63 32 39 32 41 87 7 14 24 90 23 6 23 59 39 19 42 35 77 11 36 31 87 43 63 96 3 38 45 65 94 34 21 21 33 44 3 42 41 6 36 68 47 47 50 51 47 35 20 13 57 33 19 1 72 62 74 44 19 49 29 10 16 91 88 62 
97 8 66 99 12 71 22 4 31 91 29 32 65 84 32 18 18 40 60 8 64 10 10 47 38 79 21 61 10 58 64 38 68 54 18 4 2 61 51 9 80 33 4 10 35 70 68 47 41 99 74 28 98 57 62 10 13 63 72 78 77 14 21 28 54 51 84 47 52 53 80 98 16 10 46 95 98 8 22 90 47 8 33 51 85 31 70 44 92 34 70 15 82 95 97 69 89 95 26 55 48 95 20 45 72 22 15 14 40 45 99 23 71 62 96 99 11 78 44 22 11 86 76 94 8 50 5 35 10 84 3 50 73 36 80 22 85 65 72 86 46 30 14 15 48 60 26 95 58 48 93 16 3 21 49 41 40 27 53 96 51 16 74 53 15 22 72 1 90 39 77 36 1 10 74 40 12 1 80 62 15 87 29 98 4 33 51 75 64 71 52 29 48 88 2 88 56 1 5 55 
21 64 69 96 91 66 50 54 97 3 63 27 54 47 56 14 44 52 97 99 24 59 83 58 28 4 41 61 80 21 38 84 94 52 87 13 82 50 53 45 62 89 57 5 63 67 87 41 30 13 99 39 34 93 28 25 72 20 88 70 80 52 86 2 37 9 24 5 68 68 3 29 53 80 33 98 36 68 41 14 24 37 71 61 2 79 95 16 30 82 18 52 57 32 83 46 26 22 80 84 74 57 50 68 47 63 91 22 98 87 68 95 2 13 13 78 52 56 36 94 77 81 30 21 37 1 78 82 36 81 57 67 27 57 46 28 18 26 33 87 76 64 19 51 38 28 26 4 13 63 1 25 90 6 26 88 44 94 23 72 43 75 55 65 52 5 42 69 42 57 59 10 94 36 45 42 10 72 10 52 9 36 41 68 45 42 7 68 6 54 67 79 23 91 76 91 74 38 88 56 
94 91 60 80 46 36 29 59 31 42 76 71 76 46 45 42 47 93 78 19 75 66 56 2 92 16 19 75 61 93 7 42 2 84 82 50 32 34 72 27 90 83 88 11 71 99 64 78 57 5 86 82 45 12 24 75 83 49 60 48 1 99 26 54 35 24 27 48 68 99 79 11 57 44 36 82 63 55 23 96 82 34 68 8 80 21 32 23 22 24 40 37 1 54 12 57 72 53 97 42 84 25 2 27 12 67 22 55 78 7 74 14 1 23 28 61 10 84 34 60 85 81 59 8 89 50 18 67 92 12 96 98 10 1 95 90 30 94 51 92 48 45 72 45 92 13 68 11 62 96 82 5 54 62 24 29 95 77 96 99 74 43 30 82 72 20 14 19 93 65 28 63 98 60 70 8 35 45 94 21 67 46 34 71 7 9 38 65 49 29 3 72 97 87 99 61 1 72 11 28 
40 8 11 48 55 41 50 20 38 27 2 87 86 36 87 7 82 72 37 45 45 30 48 38 88 50 41 44 78 74 14 4 85 4 2 94 45 56 30 85 15 18 72 96 23 5 7 52 34 16 70 39 98 87 18 61 14 57 76 98 76 12 1 61 40 45 34 44 72 21 57 87 12 19 52 30 19 1 53 65 41 57 6 2 61 73 20 11 56 78 30 92 57 4 49 27 98 39 26 28 81 91 1 6 24 37 60 18 21 78 96 29 99 5 61 64 76 44 22 68 12 20 22 58 65 8 29 83 56 92 99 78 16 26 30 23 45 77 16 93 71 97 5 25 5 66 56 61 90 57 95 16 73 87 70 28 45 80 9 14 7 13 71 29 21 81 15 22 71 50 38 88 17 13 48 35 49 47 11 23 48 68 9 36 37 90 95 32 42 78 58 98 44 7 63 10 41 14 24 83 
55 44 65 17 27 56 10 28 80 92 48 75 2 18 22 2 83 68 25 6 13 28 81 27 50 13 30 28 8 50 7 71 36 61 20 7 3 42 39 48 70 44 70 55 84 58 40 16 49 89 77 28 11 46 90 78 39 17 56 28 9 52 92 86 79 44 45 1 77 14 66 33 77 84 99 40 83 67 55 58 12 44 97 83 67 43 22 49 32 26 38 13 37 65 49 35 55 29 36 58 72 57 39 91 73 46 33 91 23 32 16 41 45 67 84 32 8 4 22 49 99 75 72 45 17 77 24 28 39 50 93 39 12 56 4 35 32 66 68 69 23 37 67 72 21 94 36 35 52 13 39 88 17 99 57 83 69 72 64 75 1 42 13 4 18 97 10 72 26 79 3 33 9 67 59 63 13 60 48 52 25 56 21 76 55 34 90 87 18 34 20 87 15 41 92 13 13 65 4 15 
7 7 42 27 3 78 96 50 74 91 92 58 83 50 32 73 51 97 75 16 53 27 45 5 32 87 30 67 5 87 98 45 63 3 96 2 85 84 58 26 40 62 15 39 93 51 92 2 13 59 28 22 77 92 68 57 80 64 80 23 39 94 56 99 95 25 19 39 30 17 29 67 61 65 89 94 56 96 58 21 33 84 43 41 71 48 19 50 16 61 29 54 83 60 88 71 68 48 98 39 51 1 45 25 1 75 7 27 85 13 66 81 74 49 10 72 47 17 35 35 1 54 62 61 51 9 33 9 44 48 24 4 61 62 45 50 22 69 54 35 94 26 57 34 99 29 16 19 19 26 55 63 98 18 69 46 55 66 29 64 86 2 82 33 73 26 69 92 87 23 20 21 96 60 67 30 74 99 49 80 1 2 17 84 72 30 40 9 10 59 14 88 58 83 63 27 2 19 53 5 
19 49 52 80 61 45 14 95 3 2 59 49 94 81 81 58 53 60 52 15 91 56 59 19 51 60 34 13 36 70 81 7 38 20 15 14 73 9 85 81 11 38 14 20 5 37 20 37 26 98 57 66 90 7 40 1 95 68 79 21 47 48 10 31 92 94 23 85 50 77 98 21 45 11 36 91 33 93 85 95 40 31 78 9 87 75 58 13 24 52 15 33 60 89 11 63 96 54 18 98 58 80 44 69 21 1 69 70 47 77 70 89 14 36 57 45 48 93 5 11 52 91 80 53 41 24 75 56 69 75 41 59 63 46 15 80 56 84 53 58 12 20 63 71 63 93 36 79 39 89 71 48 97 64 18 84 56 81 95 65 25 38 34 69 33 4 99 8 66 41 29 59 94 48 58 95 5 81 54 16 28 91 49 79 76 50 68 32 73 88 62 43 80 22 38 33 32 81 92 6 
73 6 21 2 94 46 95 57 75 59 7 97 2 22 96 11 86 68 16 65 30 45 79 75 78 69 25 51 73 84 65 55 15 14 50 64 14 22 17 18 49 66 48 80 23 55 32 94 20 5 13 38 61 94 51 80 60 23 77 40 78 65 52 36 86 28 16 52 14 7 52 84 10 40 39 6 95 70 8 14 25 94 98 95 39 25 15 76 20 41 83 80 51 51 8 87 70 43 24 84 27 44 59 27 40 76 87 92 50 13 83 39 82 33 80 57 94 80 30 32 41 19 50 93 23 85 90 78 47 52 82 80 84 78 95 14 22 68 99 61 21 25 14 38 74 13 66 43 61 6 52 17 5 49 84 97 25 13 58 78 99 51 96 60 19 55 18 14 38 11 82 31 39 54 56 81 83 30 62 72 71 45 38 1 93 27 93 13 90 78 65 57 11 35 75 44 61 19 82 98 
69 24 4 74 54 32 11 35 76 95 5 97 19 86 9 30 16 64 90 26 37 54 41 86 68 28 59 3 90 88 30 34 63 50 8 92 5 18 94 23 72 69 25 82 48 38 47 24 15 90 98 76 38 15 94 27 52 92 8 1 36 86 43 43 94 20 29 1 46 59 90 4 96 92 34 43 23 13 31 59 56 97 91 16 61 92 53 83 19 92 61 24 5 19 44 67 74 7 3 95 41 79 83 24 58 38 67 78 2 34 46 84 51 56 4 41 67 11 3 5 78 1 56 70 59 10 20 55 12 81 63 75 47 1 59 32 68 77 58 86 46 25 77 47 9 40 72 50 15 91 26 37 41 90 28 38 58 81 54 54 18 18 47 38 27 46 3 75 36 84 44 62 16 8 10 94 40 23 30 41 65 56 11 28 17 33 12 23 63 56 32 12 2 88 88 81 39 38 98 2 
30 90 96 44 20 35 75 55 91 37 30 66 79 4 50 9 79 71 41 49 60 12 35 90 65 36 90 79 24 3 5 13 50 23 16 43 58 68 11 85 60 75 32 27 78 54 81 25 48 90 29 22 26 56 20 45 94 14 76 19 69 22 8 63 5 44 16 10 3 51 3 98 13 32 70 90 46 95 38 70 76 79 36 56 48 56 24 2 83 39 87 5 83 88 49 14 44 17 74 34 53 96 76 33 99 68 24 46 82 40 45 84 15 2 39 42 28 26 74 97 81 76 1 26 68 15 55 1 19 5 65 3 11 19 58 26 72 48 65 80 89 2 31 5 14 21 13 66 64 78 94 71 41 89 90 70 23 16 50 63 79 71 65 5 76 31 74 16 81 35 73 82 67 94 18 68 24 1 32 18 60 28 13 62 12 41 35 28 48 3 62 39 77 79 49 29 52 45 50 42 
