200 40
10 46 72 83 14 94 67 1 63 14 23 36 52 49 32 11 17 45 28 41 42 40 92 37 56 68 52 7 33 57 78 50 91 33 88 65 96 13 44 43 57 14 52 72 29 46 66 36 13 14 84 12 54 19 50 72 45 56 52 88 20 19 25 23 62 93 47 36 98 61 43 81 1 1 83 11 87 83 84 67 20 78 6 94 9 49 52 26 6 52 77 93 10 44 75 25 66 73 90 41 64 84 9 60 39 17 62 93 69 7 30 50 82 84 34 33 48 75 42 40 81 1 70 65 46 76 76 98 48 16 64 24 38 26 84 21 15 7 31 65 21 59 46 27 43 74 13 71 16 41 64 59 18 43 76 48 72 60 69 88 49 64 11 29 62 28 14 10 72 15 35 69 83 84 76 41 46 92 87 53 57 91 62 28 57 26 38 84 33 37 98 39 15 63 74 98 81 36 40 68 
51 48 86 12 24 21 93 87 9 94 35 57 57 97 50 10 46 31 5 10 79 75 89 3 87 85 26 5 28 94 56 14 83 13 55 2 64 23 20 17 9 89 74 84 78 50 72 8 64 21 90 63 82 91 35 9 75 34 35 73 14 89 50 67 92 82 64 73 35 10 88 55 90 45 60 49 35 41 43 70 70 26 28 10 26 3 33 34 56 52 1 88 44 33 3 94 98 77 34 47 55 97 21 23 74 81 11 70 45 90 80 17 81 65 35 65 26 24 3 97 47 59 41 69 38 42 31 14 20 17 83 41 42 8 33 37 77 16 44 65 27 15 5 64 18 58 30 51 4 77 63 18 67 75 73 34 13 36 54 45 75 19 29 73 15 58 46 18 19 67 80 54 99 34 33 34 96 24 33 85 77 79 34 14 35 18 18 2 88 35 92 7 83 2 91 64 93 67 77 83 
32 25 34 94 17 4 40 73 72 61 45 6 88 67 82 75 91 71 18 51 38 9 50 82 17 95 11 4 53 33 63 31 1 3 6 62 48 70 67 81 18 84 11 51 62 75 32 19 70 57 59 17 60 26 53 56 84 63 8 34 30 29 51 28 13 69 40 99 85 13 69 94 31 68 63 39 66 32 80 42 40 77 11 98 36 66 78 82 67 38 39 53 83 20 83 50 64 18 32 99 23 23 41 8 6 9 96 63 92 30 21 39 95 27 66 90 58 21 19 55 58 16 97 55 7 99 54 93 47 42 74 56 54 96 74 14 37 97 4 17 37 65 47 2 30 99 19 85 22 85 68 68 52 90 76 35 95 62 58 50 56 36 61 63 73 26 63 8 17 30 78 95 92 29 52 26 37 88 62 78 20 53 21 16 43 54 70 85 42 2 89 15 85 93 85 15 73 5 3 81 
50 42 38 30 23 4 14 39 90 1 24 47 96 62 21 66 53 35 20 22 31 75 2 56 69 56 13 22 70 64 60 87 97 1 17 37 83 78 20 66 21 27 70 85 66 88 34 21 44 21 38 9 39 94 76 5 2 94 8 73 46 19 51 97 50 81 92 71 57 10 81 4 72 43 31 18 67 39 20 52 75 64 87 57 95 5 41 97 90 56 50 54 87 31 48 19 76 54 33 1 13 65 66 20 15 18 74 14 66 80 46 31 14 34 37 35 68 74 64 5 5 12 11 31 62 69 22 21 45 86 8 94 20 15 44 84 18 20 68 40 34 82 82 24 29 97 54 12 26 71 14 93 13 28 56 74 40 4 39 72 25 48 85 21 46 27 83 65 48 19 82 67 38 15 97 2 89 24 10 56 38 65 59 34 82 75 56 52 88 2 69 43 83 8 35 50 60 70 52 32 
55 73 99 83 95 73 97 5 24 51 51 89 5 96 58 38 23 67 41 17 83 93 40 67 13 73 15 98 56 78 46 90 80 48 37 93 72 92 10 27 38 91 4 83 5 98 83 24 21 33 31 79 54 87 49 51 91 24 62 13 43 74 13 6 37 41 64 43 22 97 3 8 67 87 32 54 64 24 76 5 21 90 81 53 68 41 13 65 58 1 56 75 60 64 18 87 66 97 25 77 88 35 23 91 57 82 78 44 26 16 81 23 66 81 37 84 72 96 74 54 57 49 42 30 53 93 8 79 14 60 61 40 15 46 12 21 50 19 88 98 34 18 41 24 2 51 41 15 9 99 77 60 31 11 61 20 63 6 25 25 23 73 19 74 47 75 15 40 91 42 5 61 33 74 1 50 70 44 37 88 22 91 65 28 24 31 59 90 36 43 13 68 38 80 40 25 27 67 74 92 
67 22 38 32 2 57 16 43 59 91 97 26 52 58 70 61 93 36 24 81 97 60 48 71 79 16 33 66 57 38 74 54 50 17 64 74 77 90 1 16 63 51 81 21 29 41 6 84 2 54 74 50 8 38 89 16 74 88 56 29 33 55 79 90 15 38 67 50 52 91 29 12 79 17 72 30 34 70 12 12 52 59 60 13 74 41 33 44 41 26 45 65 95 76 17 88 80 6 67 78 41 76 17 51 26 7 89 72 83 64 10 61 63 67 3 87 17 88 95 73 98 49 20 92 62 23 4 68 65 36 81 79 65 66 84 51 23 41 51 65 97 42 16 51 53 1 18 92 53 99 98 24 64 74 97 30 53 12 59 49 89 50 29 69 43 78 51 32 87 38 75 28 94 22 50 2 40 75 27 48 2 92 58 14 57 22 97 97 86 63 3 49 70 65 28 69 93 32 34 11 
56 2 12 84 31 44 41 98 60 30 45 31 35 47 95 24 58 44 72 79 39 26 63 54 92 53 64 67 45 47 79 90 28 85 19 56 82 5 3 55 56 98 57 35 4 19 18 1 90 73 26 16 86 31 34 1 72 17 97 35 35 12 84 54 68 58 68 55 75 54 31 88 67 56 60 64 62 76 55 51 86 89 20 75 73 23 67 19 65 65 19 24 12 61 3 90 69 15 54 74 5 86 19 90 89 94 48 13 6 16 1 70 41 84 46 52 92 93 58 4 65 92 21 29 69 88 25 90 26 48 69 7 62 93 61 56 15 8 14 73 27 29 49 50 48 54 99 39 38 37 1 48 64 91 98 43 2 86 48 49 31 51 9 48 44 71 51 78 38 90 51 40 19 11 94 86 1 90 72 32 4 47 86 47 59 56 45 61 3 50 63 60 79 20 65 89 42 13 82 52 
28 66 56 88 50 53 82 41 99 64 35 84 32 32 61 22 40 78 50 45 56 14 27 34 51 38 59 57 37 41 50 75 61 1 46 34 14 83 29 70 23 46 20 11 53 34 82 70 13 80 15 51 45 10 58 47 34 34 90 41 4 55 28 3 15 63 29 92 69 38 87 60 7 49 40 43 8 52 59 69 88 95 57 55 9 15 87 5 62 35 41 15 87 70 46 66 56 23 72 34 83 85 30 78 22 40 63 50 63 55 60 89 38 91 45 25 16 96 84 75 7 9 78 46 57 54 72 35 55 48 47 26 26 94 23 92 36 88 58 99 89 13 54 98 28 37 48 31 36 25 16 27 33 25 73 6 81 76 77 77 79 7 20 37 65 34 35 73 19 64 95 61 54 91 12 66 29 2 34 41 37 67 52 29 13 51 94 62 29 5 28 61 97 68 60 38 70 72 37 88 
89 48 2 88 76 30 23 72 7 69 43 20 90 66 43 81 30 69 99 51 24 68 84 68 69 2 65 17 55 51 5 28 65 46 60 76 81 57 85 84 80 5 28 16 32 52 32 84 3 9 38 45 54 28 78 2 45 11 84 99 26 1 81 32 45 89 88 38 47 12 22 99 68 48 92 47 43 26 7 52 1 17 67 35 65 37 69 60 56 48 6 38 89 59 65 24 73 22 29 17 15 35 76 63 15 42 80 55 69 31 11 28 69 36 31 64 2 37 99 89 49 59 72 77 88 71 99 46 92 88 27 57 30 73 93 19 64 30 37 86 53 10 87 57 50 11 73 76 7 73 15 32 65 85 29 61 67 79 30 42 47 33 25 2 36 68 17 10 59 56 5 83 38 9 81 82 88 84 38 15 24 89 56 32 50 72 19 32 70 28 98 57 80 97 67 95 76 65 89 80 
38 42 3 38 74 23 10 60 45 77 68 37 81 99 73 1 89 10 96 10 54 55 84 49 36 8 60 31 72 69 26 94 76 66 56 3 39 50 8 49 26 3 8 50 82 29 64 50 26 62 61 22 55 62 57 61 43 14 88 94 38 30 69 70 66 51 87 67 32 41 10 89 13 93 79 67 66 26 15 57 24 84 13 43 94 41 44 35 64 94 58 70 95 68 80 13 26 16 14 50 71 14 36 1 24 68 2 8 52 10 43 39 99 96 69 91 89 12 63 88 20 68 87 79 63 3 80 39 73 78 55 70 77 87 4 2 78 46 93 89 58 98 68 15 74 16 49 87 60 93 34 41 27 55 95 39 62 51 85 69 29 59 30 46 67 80 32 11 94 46 72 32 4 13 9 4 65 61 72 48 25 3 74 12 7 73 2 69 10 34 16 22 10 75 56 95 60 12 40 46 
36 48 7 80 97 11 52 62 11 81 58 77 66 67 36 23 41 8 74 29 90 74 48 60 56 72 15 13 61 39 13 15 11 46 65 29 95 94 77 50 85 23 37 5 36 98 16 55 84 24 67 92 50 33 27 44 37 93 15 67 30 7 32 55 97 4 65 31 91 51 81 53 45 48 32 11 77 25 48 27 86 47 48 57 55 11 30 89 49 46 76 46 16 16 51 81 87 16 2 81 78 73 58 65 83 51 35 87 82 41 27 31 39 71 12 16 97 2 53 92 85 23 93 44 14 62 62 87 76 76 66 72 50 56 1 81 92 25 41 29 47 41 44 62 38 91 52 63 72 98 88 45 41 19 61 53 18 38 59 67 58 78 55 99 1 92 4 94 68 65 43 29 63 18 94 15 75 99 62 93 72 96 31 41 10 27 72 68 21 39 37 15 25 17 59 55 25 75 59 97 
53 7 49 58 23 99 63 76 52 36 84 51 87 35 40 60 90 80 74 44 36 20 45 8 16 65 25 20 32 92 97 14 2 42 63 85 58 17 37 96 46 86 46 72 27 81 32 2 72 99 50 39 72 1 72 99 28 8 81 67 56 11 76 85 85 62 68 64 62 78 84 77 44 39 65 62 3 89 64 21 25 38 51 20 12 59 7 86 77 87 30 17 51 25 30 68 74 36 32 63 5 51 74 87 14 62 10 89 84 26 7 86 17 65 44 54 25 63 19 37 34 71 39 39 86 3 28 33 37 33 23 52 54 6 75 94 23 25 50 24 40 61 27 66 17 48 1 14 78 84 76 19 64 30 77 3 30 12 39 46 41 21 11 97 79 9 56 68 42 95 54 33 38 63 95 31 92 57 86 64 42 88 48 2 39 31 14 74 50 23 31 77 55 68 63 71 49 31 85 77 
37 19 41 8 49 77 67 71 71 50 6 89 76 71 42 81 10 98 30 89 87 7 95 76 93 93 35 22 84 76 13 29 86 92 65 21 95 98 1 40 78 74 93 49 71 17 92 32 83 44 15 92 91 96 48 55 43 34 51 63 57 34 51 83 21 96 47 98 94 44 9 16 7 15 74 59 57 71 54 75 15 93 29 32 22 82 48 14 86 61 32 28 90 71 72 3 84 75 29 84 90 56 35 42 1 16 91 63 75 78 71 57 47 87 16 51 21 8 38 95 66 22 22 58 29 35 20 31 22 72 56 23 28 79 24 64 3 21 89 6 70 83 85 19 25 72 18 94 32 15 62 44 28 57 63 98 17 67 37 13 75 31 70 57 50 57 20 26 58 74 12 31 85 29 43 6 90 91 81 6 1 50 64 3 13 14 2 93 96 12 69 90 89 95 18 31 1 34 65 69 
1 36 28 17 60 93 55 60 36 11 60 9 88 54 53 54 29 91 96 91 20 92 6 16 77 30 44 24 67 75 30 16 7 4 31 89 65 89 68 49 64 13 13 96 75 51 87 37 24 86 68 76 84 98 81 25 84 74 5 89 4 97 67 82 71 55 50 17 68 35 86 7 30 29 60 68 41 28 8 18 37 25 16 75 7 14 23 61 90 92 20 97 77 57 49 8 13 10 5 18 89 49 30 53 54 78 23 43 4 2 32 17 87 25 57 7 6 55 48 46 12 2 10 68 9 75 95 10 51 85 13 10 46 49 17 5 53 78 20 39 81 91 79 52 93 7 11 89 1 43 76 95 68 23 91 19 14 67 25 8 4 3 92 12 58 54 66 82 47 49 67 74 94 17 69 42 73 88 96 41 9 95 26 31 79 73 85 69 14 55 54 20 90 79 63 43 43 83 96 5 
23 6 77 43 91 20 34 37 97 95 51 40 78 3 21 49 27 19 91 72 98 32 69 26 3 35 21 33 10 31 67 23 45 28 90 35 92 45 27 16 95 7 74 21 54 47 86 10 25 7 73 54 25 34 7 31 26 85 12 27 60 26 75 34 17 28 40 54 43 71 7 96 42 44 33 76 77 42 36 21 69 68 89 59 96 34 26 35 93 58 35 93 55 68 65 92 32 99 21 94 35 93 65 71 30 2 20 3 42 80 63 74 54 97 33 82 8 26 22 30 99 47 84 27 87 52 29 90 84 36 25 49 63 5 96 35 53 71 29 90 41 57 62 65 72 88 96 17 51 5 88 11 38 47 53 19 51 69 62 23 67 31 47 12 22 98 95 81 5 49 55 36 68 64 28 87 19 36 75 57 23 62 19 71 3 51 34 65 41 16 57 83 75 78 81 76 4 69 56 4 
27 48 1 16 71 13 69 88 68 96 4 11 91 43 48 66 7 30 37 79 65 77 92 16 11 43 26 76 73 24 38 4 73 57 19 77 20 18 47 19 13 20 90 85 38 18 7 77 72 3 42 29 81 7 30 19 20 1 95 60 31 93 52 8 49 36 2 56 94 14 36 36 78 54 35 20 1 24 68 18 50 28 94 79 6 10 61 92 34 53 6 86 90 79 52 27 22 51 17 20 61 67 3 10 33 67 4 81 49 31 1 56 10 74 65 98 8 55 57 8 22 69 25 25 20 50 9 28 61 71 34 37 91 47 19 9 46 29 66 38 51 7 73 63 21 12 22 56 57 13 84 32 53 18 24 43 88 73 89 81 35 67 22 77 52 24 50 1 86 7 92 60 77 21 54 5 51 8 33 21 22 50 13 35 94 67 68 12 64 20 63 55 13 6 49 9 13 64 67 55 
4 15 2 35 78 81 79 46 64 33 5 53 73 14 38 19 61 59 85 6 32 4 95 67 35 74 66 56 61 95 37 18 51 85 94 93 87 59 71 20 2 25 44 29 66 88 35 49 3 49 12 3 76 3 86 8 96 40 19 77 20 47 13 20 48 5 15 40 28 90 22 37 49 75 71 6 52 27 50 35 17 9 86 11 72 77 57 14 91 86 82 19 92 84 29 98 39 16 7 20 41 19 73 42 52 29 32 24 72 74 28 19 46 81 55 72 64 71 51 29 62 57 99 26 21 52 29 98 67 62 14 74 72 88 71 78 53 28 67 30 70 73 13 44 34 13 61 31 95 28 14 96 53 96 16 41 51 94 58 61 76 88 78 49 65 43 58 89 95 19 24 66 92 69 47 56 26 44 47 32 11 90 86 62 9 48 72 10 25 53 59 33 11 37 47 86 63 26 78 20 
14 41 55 74 87 61 2 71 63 34 84 9 89 55 89 99 42 3 30 31 21 26 45 70 56 56 4 57 1 96 96 12 37 29 44 29 73 13 91 78 43 82 14 11 7 48 8 49 53 99 1 94 95 99 44 25 75 90 17 95 59 89 26 37 41 89 2 55 41 63 4 36 7 57 17 40 11 95 52 3 54 77 50 40 62 81 73 40 89 60 14 70 15 45 90 75 44 41 47 74 11 32 55 63 74 77 12 16 22 15 42 81 63 56 96 85 40 90 52 33 16 85 13 2 84 82 10 47 64 1 99 3 1 36 65 77 65 61 19 56 57 25 95 2 1 52 58 52 47 46 98 23 75 83 32 7 89 21 2 70 22 88 76 60 30 96 54 97 97 28 55 80 36 45 31 82 83 86 56 56 3 65 33 29 84 73 90 5 48 77 85 64 35 23 98 66 17 30 39 43 
49 85 28 26 98 57 15 77 12 94 51 63 67 31 9 81 79 79 89 13 92 38 33 22 85 87 7 55 69 89 14 41 87 90 90 93 18 21 5 6 68 89 56 58 82 92 79 9 36 6 42 4 35 90 42 67 22 88 12 10 69 26 17 22 84 11 55 80 7 35 57 42 8 71 85 46 91 78 38 17 96 93 42 61 94 41 61 66 86 25 89 5 10 34 54 31 34 40 16 81 59 94 67 77 22 36 34 22 87 82 76 99 57 36 85 79 64 83 85 13 73 90 33 34 84 8 18 60 29 70 64 90 70 92 28 9 5 75 95 78 64 98 90 50 11 28 64 52 38 11 7 1 77 77 35 91 87 40 4 5 63 96 97 2 32 24 33 28 52 83 63 11 16 21 71 61 50 62 73 74 11 18 20 24 90 80 91 71 12 26 5 57 31 12 7 8 39 80 77 28 
5 69 52 32 57 81 2 97 88 84 53 88 85 23 49 80 98 58 98 68 44 65 74 58 99 33 12 70 9 64 10 41 78 76 34 18 79 99 13 63 49 78 38 57 84 74 66 87 51 58 18 62 74 18 76 98 46 54 91 31 24 84 76 6 25 36 7 85 35 53 23 46 99 94 31 75 33 30 98 78 10 45 60 72 70 41 11 89 19 31 14 75 22 43 92 89 14 19 37 6 89 14 99 13 10 98 99 13 99 58 16 21 46 89 95 69 2 5 48 99 83 31 46 72 73 9 28 59 14 91 94 46 15 48 13 34 48 62 12 37 52 28 86 85 26 59 92 20 36 77 54 98 12 24 57 91 44 51 50 83 92 25 49 74 76 26 31 77 82 51 39 18 59 9 78 39 21 22 21 94 44 28 1 54 70 78 16 1 6 37 30 33 20 85 68 61 46 17 22 12 
87 67 38 47 55 98 78 79 29 74 6 94 78 65 78 24 95 11 72 67 94 24 86 97 7 85 39 56 85 46 66 54 5 30 28 74 57 29 3 70 57 5 89 63 38 91 8 48 56 92 96 86 85 81 18 15 21 2 50 35 78 69 94 22 93 66 73 22 23 50 26 48 43 44 15 87 50 46 22 95 60 20 49 97 14 2 19 90 65 99 75 41 94 90 80 85 99 20 18 33 98 6 91 58 31 37 26 12 56 70 64 11 53 35 72 44 22 30 36 70 82 23 58 19 76 54 66 88 64 34 7 50 26 41 44 44 64 27 66 79 1 11 79 38 76 83 12 69 54 8 10 97 18 15 42 12 69 6 96 75 32 53 82 20 50 98 27 48 86 56 79 34 27 9 11 19 74 9 10 19 55 81 86 15 14 19 71 63 16 87 16 88 47 20 88 83 14 23 83 16 
91 78 36 74 60 13 52 14 8 44 8 88 79 14 73 42 24 14 24 65 90 87 34 4 30 30 81 52 94 88 43 59 39 60 99 24 19 95 33 95 91 95 26 78 16 14 62 25 52 55 29 40 62 74 14 81 10 80 6 57 59 32 95 28 77 39 75 4 34 65 41 49 96 25 85 78 38 81 8 57 31 53 5 5 49 9 78 89 69 68 30 32 68 3 62 5 27 36 81 33 23 43 92 91 42 50 5 7 65 35 27 59 79 28 70 78 70 9 47 45 29 11 73 94 42 19 63 11 4 68 36 30 7 46 8 41 45 90 2 83 15 93 39 49 16 96 43 79 45 93 39 69 6 29 54 64 98 99 18 63 29 54 57 14 2 92 6 18 25 65 96 27 8 76 63 44 59 80 43 26 91 82 73 78 19 40 92 60 56 64 42 81 20 14 65 4 29 3 5 40 
53 93 2 12 44 82 38 87 2 45 62 49 96 20 74 41 5 6 78 63 11 58 88 76 8 88 26 96 96 70 20 99 84 31 9 18 87 58 36 42 30 94 55 21 44 45 26 60 67 68 17 24 49 81 6 35 43 62 74 72 13 43 15 72 28 16 28 32 68 29 21 4 20 90 8 98 76 64 13 85 40 73 65 90 21 98 6 98 35 78 79 51 10 8 42 49 77 41 53 49 79 90 85 68 64 25 15 78 87 71 28 12 16 17 17 57 20 3 83 61 79 29 37 29 83 56 93 23 28 1 78 63 15 35 24 28 56 91 70 53 72 61 65 32 88 90 64 17 40 86 32 17 69 11 39 98 27 84 65 87 71 87 97 67 68 56 30 76 91 85 67 16 23 26 19 40 51 89 2 63 75 44 44 58 97 15 79 53 34 85 49 37 3 96 3 55 34 49 98 9 
17 57 65 20 58 76 28 37 17 87 6 4 26 76 78 26 56 20 60 97 20 82 9 4 67 17 19 19 87 67 23 4 10 65 95 11 2 32 47 80 68 77 31 42 56 1 36 14 50 90 90 6 74 23 64 12 90 65 64 19 2 72 37 4 48 89 67 27 10 49 81 45 6 75 40 97 94 78 49 17 73 60 47 23 78 9 18 25 84 5 79 22 7 15 91 1 98 96 51 38 51 96 96 99 98 49 3 40 9 78 85 2 93 97 99 20 1 9 38 14 18 5 32 95 72 64 54 66 30 57 15 13 96 42 62 14 15 67 87 37 68 68 16 39 79 72 16 63 10 92 92 46 59 34 90 10 67 88 93 66 13 39 26 19 13 55 48 56 24 99 62 58 41 19 9 95 1 52 65 24 75 28 51 90 78 60 24 31 61 56 80 71 15 10 55 25 69 5 23 94 
37 72 57 32 86 52 17 76 16 21 21 66 30 51 96 68 26 57 65 97 98 2 42 12 37 90 40 17 25 77 66 61 42 57 22 41 64 74 6 95 61 16 11 11 99 16 26 18 39 52 33 93 37 50 13 58 45 76 39 79 10 48 81 69 74 24 4 84 74 9 68 30 44 53 29 51 12 54 38 44 2 51 40 46 30 32 77 41 14 27 87 58 61 14 2 73 76 16 47 7 61 98 47 22 9 77 20 31 12 9 77 88 56 96 30 97 22 90 81 4 85 84 30 98 21 18 71 20 93 76 94 50 67 88 85 17 99 31 25 92 43 24 88 96 47 33 47 93 54 71 66 90 5 94 10 43 34 5 34 51 69 49 90 58 38 21 29 57 58 57 90 80 48 43 14 12 18 5 33 76 72 17 77 45 16 99 71 36 43 18 34 11 47 79 79 76 15 41 19 86 
52 32 20 42 65 34 64 88 66 42 63 58 59 96 35 79 24 65 73 11 18 44 46 33 73 53 2 57 99 41 63 18 85 81 29 78 91 74 75 27 57 49 56 80 1 58 1 80 13 81 14 95 63 28 78 22 97 30 53 80 38 48 74 21 84 69 55 17 11 7 81 70 70 99 21 11 90 15 14 90 77 46 80 92 12 13 14 25 52 59 86 21 34 60 46 43 68 15 17 76 43 48 2 37 22 13 76 66 47 86 96 29 36 77 92 20 81 16 72 60 56 60 19 96 7 96 93 2 56 36 34 76 6 18 53 46 32 6 41 65 89 91 65 14 7 93 69 96 92 57 72 48 28 51 70 26 73 75 38 17 66 53 25 34 19 35 56 17 20 98 35 29 36 49 40 64 11 15 29 41 62 54 32 5 85 51 60 28 54 15 97 8 18 82 8 69 99 18 28 66 
80 55 95 81 1 37 31 24 87 31 85 82 95 79 83 44 61 61 27 27 8 86 6 82 38 97 87 97 38 72 26 86 78 18 57 2 10 76 1 25 67 22 56 73 69 62 8 93 16 37 24 69 91 19 53 13 61 14 29 72 74 61 65 27 62 30 62 89 41 26 99 7 7 86 42 55 40 79 36 47 5 9 10 26 45 10 77 68 91 50 33 84 54 31 55 17 28 85 4 39 90 81 23 61 2 17 39 22 3 26 60 96 21 71 79 91 64 52 72 45 23 99 94 29 72 75 88 50 68 77 75 44 51 35 62 82 43 9 39 68 50 93 75 37 58 17 27 59 40 40 31 35 49 56 8 99 22 89 59 21 77 1 71 97 17 80 14 64 28 53 37 86 75 76 75 61 12 40 45 22 69 67 47 32 64 13 64 89 96 66 60 22 48 48 85 94 82 13 69 1 
10 58 24 39 18 73 39 89 75 62 71 34 47 34 17 92 11 64 86 46 57 93 4 41 94 23 6 88 41 22 46 61 31 20 89 99 14 14 17 5 50 62 23 43 18 88 15 46 6 81 16 8 20 92 62 86 77 37 5 7 12 94 8 54 68 10 50 79 10 89 24 97 9 8 37 88 56 97 9 94 53 62 75 24 17 63 85 46 79 31 2 96 84 56 2 76 91 96 76 48 75 72 30 39 21 67 83 40 30 30 69 9 20 73 35 62 18 74 41 86 67 73 65 28 28 75 94 98 69 50 35 74 78 29 3 96 53 10 30 67 10 53 63 55 74 84 61 93 90 93 98 77 12 33 63 67 11 21 57 87 69 37 96 27 87 28 12 38 76 4 47 37 63 37 60 5 87 65 25 84 4 90 26 87 80 79 65 84 2 60 56 14 61 28 29 75 72 40 25 34 
69 57 59 11 30 85 92 40 50 69 90 5 84 1 71 34 60 93 21 76 75 80 96 99 97 16 27 93 63 74 9 67 81 49 11 50 30 55 71 91 58 28 99 63 84 23 75 54 99 16 47 75 61 3 35 59 1 98 29 55 18 41 89 37 82 87 47 95 37 15 5 44 92 20 31 14 29 22 69 59 99 57 31 53 27 85 98 89 2 86 25 81 87 57 32 64 18 18 15 91 96 9 35 39 95 89 28 1 61 40 96 93 6 62 17 53 15 75 33 35 44 23 59 16 17 64 81 91 31 82 55 81 50 80 8 21 13 79 35 67 24 23 3 1 61 73 49 19 70 16 80 39 71 52 74 1 49 8 79 64 64 27 14 8 44 73 66 33 86 34 95 58 62 13 30 25 9 35 69 93 37 48 84 45 27 18 15 82 29 30 71 25 62 92 34 17 20 32 54 20 
76 60 26 77 25 5 67 17 6 85 20 43 87 55 53 84 93 65 89 69 95 73 5 29 20 34 23 95 42 6 22 4 90 48 30 87 44 23 28 83 34 91 47 32 44 20 71 72 8 73 35 45 10 18 26 95 88 25 81 66 34 62 91 5 84 5 96 59 33 24 90 78 23 96 17 14 50 98 71 18 61 8 3 44 53 6 10 48 77 72 42 88 34 91 3 24 77 48 44 14 11 27 73 20 90 18 47 7 25 8 72 39 73 89 11 83 45 54 73 8 4 96 23 82 62 12 73 78 87 96 92 68 95 51 97 27 55 74 57 31 86 67 93 56 62 36 78 83 4 82 36 92 86 15 42 65 38 41 24 87 35 70 59 43 8 14 79 19 36 84 66 3 55 96 53 87 46 65 25 61 47 10 18 20 45 47 20 57 78 98 71 69 37 86 63 55 63 35 39 13 
4 30 42 29 1 20 24 16 53 99 72 65 50 65 82 52 38 22 2 60 20 81 39 79 57 63 60 9 70 95 88 56 37 14 5 34 91 62 48 67 26 89 16 83 93 57 62 22 1 31 99 27 15 84 99 54 59 3 88 62 17 73 53 23 27 95 37 12 88 75 42 14 55 26 27 22 41 68 9 35 17 33 64 63 12 56 24 22 13 83 80 34 64 67 80 32 68 68 32 55 84 54 96 51 33 1 98 73 86 93 17 87 80 24 87 62 7 90 9 75 13 2 31 16 7 72 65 75 53 25 82 57 75 91 8 71 53 10 26 34 25 27 77 71 85 96 65 17 91 80 45 11 52 50 33 3 38 81 2 49 77 61 84 14 53 82 68 69 10 46 1 95 48 60 87 81 26 44 89 22 60 20 28 20 26 22 80 87 53 88 82 44 33 69 30 16 13 19 72 38 
72 77 53 65 7 74 56 19 10 57 81 13 11 94 77 12 27 95 82 18 66 9 21 74 25 20 11 63 86 57 54 6 27 84 47 59 9 6 71 25 83 65 97 39 93 44 88 79 68 65 93 61 28 87 51 40 81 12 90 11 26 76 27 5 47 59 68 94 22 75 9 92 15 82 33 48 79 75 15 51 59 86 16 31 85 90 88 52 80 98 72 25 52 61 98 92 2 70 84 40 16 53 37 91 73 79 55 10 39 56 24 96 69 30 18 93 9 85 2 80 90 48 27 75 37 81 38 37 59 87 64 63 60 8 26 89 27 24 34 91 41 56 85 84 67 62 68 20 65 41 58 91 80 30 22 31 47 4 13 9 89 78 76 34 22 8 43 56 45 85 37 63 52 44 67 81 22 54 35 77 25 27 28 56 19 12 26 60 52 97 94 74 60 12 89 21 70 22 58 60 
88 52 76 69 27 24 41 22 55 99 31 21 53 66 24 28 50 5 45 95 17 93 64 76 71 5 97 14 76 7 5 50 40 63 92 20 17 33 12 54 6 68 58 82 50 21 75 23 39 34 49 95 10 47 13 13 39 96 44 80 55 13 66 4 28 21 46 80 73 43 99 5 53 94 85 65 73 88 7 47 86 31 14 29 89 25 3 87 26 67 12 91 83 53 28 8 94 68 82 96 39 98 51 15 40 21 55 15 66 12 61 42 34 39 82 39 2 69 75 44 74 61 44 90 4 71 36 5 84 49 44 12 58 43 8 30 11 92 11 73 74 36 82 52 26 4 98 70 88 25 77 28 29 21 85 21 60 11 32 39 40 8 75 69 74 20 15 93 9 52 97 86 40 3 15 22 8 67 6 65 94 35 50 81 32 91 78 27 96 17 61 54 7 87 19 14 31 74 15 48 
77 11 89 41 8 16 98 79 2 30 92 90 56 75 55 60 94 49 96 48 65 27 55 93 44 59 95 11 33 74 7 90 62 76 8 1 85 46 41 84 86 41 77 64 73 95 14 36 81 19 73 74 71 1 7 30 33 2 90 29 80 64 28 74 55 5 47 48 25 16 7 6 84 69 88 80 55 9 1 82 85 60 81 98 48 22 92 90 44 69 22 98 2 57 86 38 74 14 28 3 43 44 16 61 14 32 44 59 22 36 36 18 25 91 40 38 13 11 30 94 96 82 8 39 17 72 3 1 40 22 68 82 59 49 86 69 93 49 64 17 89 93 38 61 21 31 66 14 84 85 38 61 9 58 67 69 44 28 94 79 69 48 86 8 91 49 37 49 43 39 67 74 80 2 24 31 89 98 80 42 83 65 36 9 98 17 19 8 2 43 80 93 82 11 2 94 60 63 87 19 
19 22 95 5 96 45 64 18 92 70 69 70 24 43 69 23 43 91 55 22 32 25 55 92 9 38 24 45 22 7 55 73 54 90 70 51 21 32 28 39 68 54 15 76 78 65 55 87 65 57 2 80 73 2 44 43 83 54 3 50 6 55 30 54 86 26 12 95 3 70 67 93 64 76 49 52 16 14 41 59 31 35 60 82 20 76 58 74 25 57 17 71 19 76 51 88 10 21 12 29 38 56 78 74 75 32 66 92 28 81 22 31 35 20 25 22 66 45 89 79 28 39 59 3 54 64 14 70 18 68 64 47 19 80 53 76 93 14 59 89 11 62 90 96 69 4 89 91 6 1 32 52 85 93 26 39 7 12 12 93 4 63 63 42 40 39 87 93 14 16 23 38 56 50 41 50 30 82 48 85 32 36 80 86 91 17 10 73 69 14 39 51 61 98 4 10 94 26 73 18 
14 36 88 33 86 15 36 25 28 80 34 84 19 48 67 8 99 44 87 3 77 10 7 93 23 1 3 17 70 84 17 24 19 46 55 79 30 82 86 65 31 6 45 72 12 40 29 10 29 26 99 97 1 17 82 73 9 79 69 85 2 97 12 98 89 65 30 89 48 94 5 52 17 7 82 90 97 41 74 25 59 50 54 90 32 99 60 35 13 70 94 20 59 55 25 22 96 63 81 33 11 17 58 55 55 53 14 8 45 22 72 24 59 87 20 50 43 29 7 46 3 40 49 87 13 26 26 63 7 8 78 76 86 21 16 42 15 14 9 93 21 50 92 74 97 6 66 45 99 73 92 77 49 58 2 58 30 78 81 90 89 67 90 89 43 72 47 83 64 56 35 17 96 93 3 46 43 74 61 44 73 2 86 95 20 93 19 1 79 81 63 73 15 11 85 41 49 43 20 46 
76 73 69 85 80 22 81 78 40 99 23 70 83 11 58 72 59 28 70 68 38 94 65 13 8 25 66 27 79 1 20 7 84 78 91 16 71 80 65 88 14 4 50 31 99 12 70 17 44 41 73 93 76 96 27 75 50 54 17 49 37 62 52 72 31 35 61 70 44 60 90 41 11 95 11 51 84 69 10 40 39 77 96 14 69 90 1 52 88 45 73 4 34 51 83 87 60 87 23 92 43 5 1 78 77 21 49 75 80 27 19 84 88 83 82 74 58 21 32 87 68 40 79 34 15 13 57 96 16 81 20 27 10 56 38 46 55 22 8 48 31 28 42 94 36 1 76 19 89 31 63 24 32 82 78 84 22 90 17 44 42 58 95 17 90 60 48 87 89 42 32 12 81 18 24 14 26 73 20 89 6 64 38 6 23 17 14 97 1 28 7 71 81 63 93 6 28 60 73 45 
19 16 33 77 14 17 92 45 6 17 66 92 29 15 61 71 14 64 86 83 97 69 52 84 14 83 70 79 2 15 53 28 1 22 19 37 51 15 80 69 95 54 58 35 77 54 72 1 43 78 43 79 40 44 92 39 16 19 47 98 21 22 32 28 8 24 74 49 29 47 4 34 39 66 51 10 96 8 48 51 57 47 28 86 82 14 28 94 32 87 83 9 69 2 34 9 58 38 19 31 65 33 80 60 57 72 61 35 4 93 7 42 74 87 62 24 42 95 76 71 80 9 98 28 65 73 79 89 71 85 72 3 79 90 30 66 67 89 10 29 18 32 67 92 14 20 63 10 40 9 56 85 81 2 10 76 28 57 86 88 66 82 51 83 89 39 70 69 88 37 14 11 58 40 50 20 94 62 50 63 93 71 87 58 53 84 37 71 75 70 73 25 62 50 75 90 15 96 22 89 
85 4 24 27 76 12 23 2 78 41 30 23 86 31 19 83 5 79 71 38 42 45 76 95 18 39 32 24 57 36 43 49 95 63 22 54 73 10 89 81 41 21 74 29 55 98 13 55 81 5 48 74 93 58 34 58 71 34 30 39 4 68 2 4 87 52 26 97 27 37 86 27 34 29 73 51 28 93 85 91 38 56 29 24 97 95 20 84 52 53 79 65 52 25 37 19 56 64 32 51 31 85 9 31 51 57 22 81 1 10 32 84 67 27 8 80 50 53 28 66 55 90 75 97 96 98 43 88 94 92 32 9 79 50 50 88 87 2 13 14 65 39 45 29 63 12 78 37 43 24 51 97 73 40 11 29 30 82 13 7 96 32 21 64 66 24 4 92 36 55 41 42 16 77 20 19 20 3 33 88 71 1 83 73 1 95 80 53 47 72 41 66 56 74 90 10 83 2 64 37 
95 41 40 20 53 24 90 60 66 54 72 69 96 23 43 7 47 9 97 24 55 80 71 56 3 96 37 33 7 4 9 70 25 37 38 72 53 22 15 34 27 73 70 40 22 92 73 61 51 72 32 61 66 94 93 89 61 29 44 85 64 35 9 78 47 60 52 86 18 44 77 17 25 11 28 65 54 77 84 17 34 48 68 46 27 16 39 15 39 65 94 76 14 66 73 72 32 80 52 33 16 57 47 77 27 37 13 15 62 47 45 42 63 4 74 46 6 14 74 3 7 73 56 76 23 65 70 21 48 64 7 80 17 32 91 84 2 20 94 57 15 69 22 6 8 9 19 31 70 57 70 21 32 23 99 52 61 3 70 92 64 82 83 95 88 36 80 7 20 29 42 59 81 13 85 76 38 31 71 69 91 15 94 39 84 82 92 74 96 46 40 55 49 2 52 49 1 38 82 13 
