200 20
34 4 68 29 47 70 58 85 41 56 23 90 43 10 50 14 85 32 48 48 42 17 96 51 79 96 83 88 96 84 53 83 68 22 49 54 92 15 58 59 29 87 51 45 49 16 32 83 72 81 75 21 18 6 77 18 42 99 93 97 84 7 83 83 13 45 57 49 64 53 18 57 93 30 3 8 10 84 32 76 27 72 49 63 3 48 63 34 85 1 96 63 58 2 27 80 78 48 30 13 26 8 24 28 45 58 16 76 87 37 39 41 58 80 5 74 56 70 38 46 23 74 28 84 80 93 69 25 78 5 3 46 39 3 64 19 95 46 26 51 44 99 39 27 79 80 79 53 42 95 89 4 65 95 26 62 12 9 97 65 24 89 13 46 63 64 25 81 57 68 70 31 41 96 18 83 2 44 10 99 22 48 6 58 24 37 26 94 15 68 98 50 26 76 97 14 62 15 91 64 
33 61 61 89 72 24 54 93 76 73 84 99 7 7 55 53 39 71 89 9 77 87 50 56 71 64 57 30 38 21 6 36 81 2 84 65 7 99 97 15 45 71 80 6 67 57 19 4 3 1 68 33 64 65 74 2 57 54 87 16 8 33 85 98 75 39 89 12 73 10 85 71 88 96 41 69 98 85 23 88 92 13 21 26 86 87 60 6 46 8 25 6 4 81 73 68 74 43 60 25 79 74 53 11 63 21 50 86 11 11 4 55 66 78 31 83 54 74 43 16 96 94 53 97 33 88 4 92 37 87 80 1 35 16 33 77 29 14 92 52 11 55 91 49 82 68 82 2 74 49 54 76 67 85 56 87 7 75 10 17 22 41 34 36 48 53 60 19 44 46 51 64 9 39 23 16 99 53 58 77 57 31 29 34 17 53 16 70 31 62 24 87 86 76 4 26 28 9 66 79 
6 68 59 52 34 3 73 44 2 66 86 45 46 79 85 71 56 28 58 1 64 52 82 59 43 40 22 22 95 28 21 6 53 84 94 59 67 12 28 59 2 36 63 5 29 3 99 11 22 67 84 99 48 94 5 98 66 47 86 29 15 79 81 4 10 36 66 21 37 40 36 55 46 92 93 53 45 59 48 26 91 70 6 45 89 11 66 34 79 18 13 63 39 68 9 44 66 78 92 20 84 95 66 63 28 91 95 69 38 56 98 48 59 91 41 17 30 7 34 96 77 9 20 7 11 98 73 55 18 67 91 34 54 81 87 14 39 87 87 35 50 97 18 7 17 86 8 94 13 85 75 17 50 74 25 40 74 78 41 69 56 58 80 45 87 6 67 36 72 38 86 30 26 90 76 33 59 12 24 59 82 54 60 24 92 72 47 42 71 11 81 16 74 6 78 34 28 71 73 61 
7 58 35 50 62 73 8 95 50 12 85 13 42 95 48 45 63 58 60 33 65 11 52 77 95 15 78 15 60 48 91 84 98 75 11 92 51 16 87 86 27 12 78 23 70 97 13 32 34 70 58 91 46 55 92 93 77 75 73 12 12 24 4 71 15 27 2 19 1 19 72 91 6 3 72 80 49 29 80 8 11 56 66 86 93 23 58 98 93 17 14 56 72 43 87 72 19 91 98 33 25 9 3 61 51 64 57 88 94 18 90 23 58 93 74 20 23 42 88 46 10 16 89 52 55 33 83 41 76 46 91 36 39 15 18 48 29 71 22 48 20 90 83 32 42 58 73 93 49 41 23 86 90 51 90 2 77 21 33 29 51 67 69 30 56 62 58 5 3 3 57 62 41 75 98 87 26 30 53 9 86 45 3 73 99 98 8 7 51 34 73 88 10 33 23 18 93 80 62 84 
16 72 44 73 91 47 3 94 20 78 80 27 82 26 44 90 40 10 15 86 81 45 7 33 64 92 80 18 57 96 77 31 88 34 70 19 84 55 3 21 18 27 35 20 46 78 86 77 63 43 81 84 34 6 89 4 46 42 74 10 47 62 33 38 92 61 40 24 90 53 92 51 40 24 57 89 79 67 6 46 30 35 65 1 37 76 62 58 15 83 62 85 91 35 16 58 53 39 2 4 82 79 72 46 12 56 96 48 55 31 1 57 64 71 17 46 63 92 24 59 94 4 91 55 67 49 24 51 92 55 5 67 37 70 41 67 56 11 3 7 49 6 72 73 91 39 84 32 87 91 73 67 11 89 12 31 47 44 57 80 37 95 99 28 26 62 96 78 99 74 24 77 33 29 18 56 34 25 18 69 85 11 10 45 86 28 71 24 5 54 16 8 10 48 34 96 25 91 39 39 
68 87 12 48 35 73 83 35 29 37 31 52 3 66 82 32 15 23 34 95 55 63 70 67 56 59 80 92 18 12 76 59 23 76 17 18 56 74 19 94 23 18 82 14 71 25 5 18 6 41 3 84 9 54 29 43 58 17 92 98 48 65 77 46 6 33 59 89 10 75 25 65 13 86 93 55 55 18 33 7 85 93 79 54 81 37 56 37 66 80 89 14 28 92 33 88 37 90 83 23 69 60 96 58 20 78 12 34 24 27 65 6 75 15 13 64 45 95 47 55 3 84 16 96 28 80 40 96 40 83 37 74 6 14 31 80 65 27 82 10 49 38 95 24 95 38 48 73 70 13 98 9 86 60 17 5 21 11 94 78 33 46 64 5 87 17 25 41 69 64 51 40 2 33 22 71 67 97 30 39 29 73 8 5 41 43 41 97 76 67 91 42 39 11 13 71 88 56 72 49 
80 95 38 54 11 49 30 49 20 38 98 5 9 64 79 12 22 6 50 85 41 16 20 64 79 13 28 96 73 77 33 42 79 43 11 59 64 93 45 3 3 53 24 15 68 80 30 21 28 66 37 24 36 23 3 94 28 79 64 68 13 76 29 40 69 58 68 52 39 67 15 95 17 38 53 96 51 91 16 18 29 27 72 45 79 17 29 85 59 1 20 60 52 79 1 96 57 7 40 26 89 86 18 70 68 63 18 45 11 17 18 45 31 56 87 43 27 17 79 81 80 46 26 64 47 5 29 56 49 59 56 72 73 70 36 71 61 95 47 53 5 72 17 47 38 23 13 12 34 39 34 24 96 81 12 73 53 71 93 61 49 81 48 85 43 37 48 41 2 3 71 13 86 77 93 66 57 93 78 43 57 4 74 56 13 77 8 82 25 95 77 54 62 43 45 58 57 4 35 23 
18 78 2 80 36 25 17 13 89 99 49 48 94 37 40 25 83 71 31 13 76 99 36 80 45 54 6 66 88 70 99 45 94 57 55 98 16 63 54 85 32 44 92 7 21 39 49 74 30 29 55 83 41 14 60 80 40 76 6 28 89 53 89 77 91 4 37 38 59 75 67 41 86 79 64 14 17 50 46 45 8 23 32 56 7 97 11 68 13 8 12 71 49 90 69 90 34 56 98 61 42 53 56 91 82 42 17 34 60 61 34 53 46 93 16 96 51 41 90 60 88 88 73 60 45 72 40 98 49 55 91 34 43 85 25 53 46 75 2 33 27 61 14 14 71 81 57 69 52 35 99 71 96 57 44 60 53 89 5 16 66 40 70 22 39 62 75 41 5 16 71 74 95 41 88 41 12 24 11 39 87 67 42 15 63 55 76 36 52 30 64 57 11 51 85 89 7 72 11 68 
97 77 79 54 10 68 76 10 25 54 50 15 75 91 9 88 81 22 68 6 91 16 97 42 29 15 61 18 35 78 62 41 13 24 87 51 68 73 52 63 60 96 40 13 37 55 52 96 83 43 44 19 65 34 77 34 74 25 58 91 66 79 79 77 11 67 71 61 31 17 40 37 50 50 10 68 35 31 72 30 36 11 28 57 37 65 26 82 92 45 16 84 78 18 81 27 28 9 94 10 82 47 51 5 32 12 21 5 57 69 83 64 77 25 80 47 91 58 55 63 22 74 94 21 58 43 78 64 2 46 18 21 12 15 99 41 41 82 34 48 90 20 94 73 44 84 64 11 16 62 75 49 96 11 58 26 91 5 83 63 69 78 3 19 4 68 95 21 16 60 13 21 21 30 20 32 71 88 40 73 97 27 98 15 54 55 67 23 66 51 7 98 66 5 11 27 45 56 50 17 
47 48 33 36 87 78 6 79 91 79 36 54 96 31 86 1 71 41 64 44 37 56 33 12 84 88 38 53 91 28 23 55 44 66 45 66 53 12 98 10 77 9 32 8 34 59 66 94 25 38 14 41 54 14 96 68 43 66 67 70 53 6 25 28 1 93 35 36 80 56 49 11 80 9 22 19 3 73 31 89 81 92 96 39 99 56 98 81 13 12 94 55 63 91 42 38 2 24 13 66 3 57 16 53 86 75 13 9 38 18 40 57 23 99 22 58 7 28 95 22 76 22 28 31 57 32 32 56 30 56 86 80 53 62 58 10 79 4 16 99 73 40 50 68 34 55 96 21 9 76 48 61 18 92 76 17 66 72 53 53 69 84 65 96 66 16 34 50 40 89 37 11 41 85 22 94 97 55 31 48 40 47 13 70 21 19 48 35 26 59 65 1 4 6 57 38 74 65 3 45 
23 62 19 7 88 81 53 14 40 56 63 12 32 83 88 50 81 84 70 94 57 96 55 24 79 63 82 24 8 34 82 77 38 52 65 64 95 53 19 48 29 55 2 76 4 56 34 69 95 24 96 16 85 92 18 67 51 54 74 33 64 54 80 68 81 86 81 74 36 81 51 89 38 7 82 82 63 57 82 45 47 48 64 91 80 11 44 45 3 86 32 37 93 17 27 94 70 44 12 43 77 96 44 92 85 89 51 35 78 15 26 35 53 36 18 29 11 81 26 13 51 40 97 40 62 53 16 12 24 7 98 75 89 30 89 14 88 85 50 40 18 60 58 94 33 68 98 33 45 35 57 26 14 96 15 49 40 91 40 76 59 55 85 77 38 13 80 8 66 73 22 4 49 25 72 77 4 27 52 9 51 3 31 40 11 37 26 68 92 64 91 42 94 68 15 53 92 73 10 30 
59 71 28 52 19 94 81 33 85 31 6 78 71 36 67 42 92 74 73 67 37 87 35 60 32 61 39 55 15 96 15 85 2 77 8 53 56 40 41 94 56 38 89 50 65 18 47 38 98 81 94 13 95 59 70 45 83 75 35 81 53 19 47 21 19 12 24 75 95 77 18 46 62 10 77 88 32 43 22 80 24 17 10 93 25 50 4 58 65 6 42 38 83 60 7 91 98 74 91 46 74 60 75 66 90 49 81 20 13 64 57 49 57 83 34 37 64 13 2 79 64 54 73 51 48 73 58 75 33 68 26 93 35 40 78 32 34 58 19 71 45 33 17 19 88 81 81 69 54 98 28 83 72 24 45 48 84 11 67 50 10 97 41 44 15 70 93 20 79 39 4 71 71 3 66 68 9 16 67 20 34 61 47 49 78 17 71 57 34 26 98 93 21 61 51 26 54 3 84 8 
26 35 13 36 11 93 99 34 51 42 84 28 88 68 37 35 79 99 14 28 40 46 1 90 91 45 64 51 2 6 85 33 29 50 11 95 68 59 92 78 90 18 34 43 91 54 34 22 31 87 25 56 81 68 27 45 66 26 80 83 7 12 98 11 66 38 5 52 92 29 82 64 62 58 12 76 24 96 20 35 41 54 21 50 40 24 61 34 48 27 61 51 41 54 63 56 86 12 70 42 84 62 92 78 17 73 90 64 84 55 20 61 58 12 74 45 15 75 28 46 86 59 81 93 5 95 5 59 38 81 80 2 42 22 47 9 3 75 45 44 74 94 59 86 31 71 60 78 5 84 52 66 32 35 15 45 95 96 47 5 69 59 10 68 65 70 71 41 68 76 50 52 91 73 60 98 10 46 52 87 10 12 57 81 32 64 36 44 14 20 14 79 32 58 33 78 52 67 88 62 
25 85 76 13 54 36 78 57 77 5 26 54 96 53 10 51 96 41 61 99 58 44 68 80 82 73 97 15 9 95 14 90 28 48 93 77 9 59 49 44 11 70 44 80 7 49 14 15 99 14 83 31 42 46 87 90 53 14 85 49 41 90 87 75 18 71 64 70 21 91 72 86 29 50 69 44 85 21 37 53 13 77 94 32 32 12 19 23 82 47 67 13 41 64 91 52 40 15 58 76 86 43 68 17 79 2 74 28 31 74 3 2 81 91 64 87 24 50 84 10 16 33 14 88 5 26 47 55 42 38 47 77 4 21 59 68 9 84 30 16 37 20 29 92 52 13 65 80 14 69 6 85 1 28 95 60 28 82 76 18 68 98 3 58 66 34 65 76 60 57 7 92 2 65 40 60 71 2 68 94 98 78 3 83 82 92 84 11 8 44 98 74 66 55 95 2 71 91 9 73 
6 57 47 56 41 94 30 24 49 89 29 24 36 70 39 51 10 51 56 40 77 29 68 50 35 76 53 66 60 39 67 89 13 24 42 33 21 95 78 12 80 69 38 41 44 9 40 27 18 12 52 61 56 12 85 17 52 67 89 37 33 58 44 34 54 76 53 79 93 21 40 99 42 95 40 70 2 94 92 7 76 4 41 62 67 91 18 18 65 1 45 79 46 47 25 66 62 7 35 14 38 16 20 56 64 60 88 29 89 71 4 59 15 21 79 60 90 11 72 22 4 70 76 10 78 48 17 56 65 9 44 53 35 21 25 48 77 56 41 36 87 82 77 53 65 55 22 72 7 13 53 95 98 67 38 47 12 6 25 71 94 74 35 18 65 79 59 45 12 77 51 9 76 71 21 55 56 1 25 18 96 39 67 8 80 86 86 10 27 61 53 78 80 97 63 24 10 35 29 15 
85 38 78 51 53 63 21 57 33 49 8 70 18 11 30 10 11 10 75 69 3 20 99 92 31 93 94 37 58 36 55 46 32 70 53 15 62 7 99 62 80 14 19 96 18 83 13 85 68 1 34 26 57 16 50 10 14 7 17 97 36 56 44 83 62 11 64 61 38 59 4 3 85 92 48 15 73 80 14 19 83 34 17 10 80 77 38 32 79 17 96 47 20 8 15 96 27 26 88 80 83 34 58 17 2 49 72 17 86 16 61 49 10 72 3 12 73 19 91 99 82 85 11 73 13 7 94 28 77 80 5 62 1 46 91 46 79 48 70 90 60 6 81 16 99 82 67 21 40 55 38 50 74 80 36 67 17 66 12 16 68 38 88 96 91 11 32 29 73 54 18 27 95 64 3 59 5 29 90 27 81 2 4 26 8 65 50 18 34 2 93 1 51 64 19 72 60 43 6 7 
75 8 56 70 64 95 56 68 83 44 40 67 95 66 10 36 31 93 63 29 36 20 32 40 16 46 29 40 77 23 90 22 72 98 22 45 43 54 37 78 66 57 9 45 91 98 6 64 95 37 41 98 13 47 13 94 91 58 52 25 30 1 60 38 20 50 58 97 96 68 28 26 76 49 57 49 4 64 82 43 91 3 33 71 71 15 73 35 28 61 49 12 53 50 30 4 81 85 52 77 37 10 66 10 78 45 74 32 42 40 79 70 82 15 27 96 21 98 48 62 86 79 7 51 59 45 36 19 17 30 91 34 74 53 87 30 33 67 44 40 19 99 31 47 28 97 9 23 74 71 75 75 28 37 12 91 59 61 17 80 88 8 62 17 22 73 30 85 2 41 55 25 45 16 74 70 91 75 65 98 44 8 92 73 14 58 50 82 65 72 8 89 58 42 52 74 90 45 30 75 
94 51 54 43 24 46 50 35 72 69 77 72 66 30 24 83 90 34 46 54 98 2 78 43 38 85 59 5 65 92 44 3 67 1 28 31 76 76 64 35 94 96 80 28 6 64 98 8 1 29 55 79 90 6 18 72 30 92 7 59 33 90 11 74 91 22 5 31 97 47 75 43 58 88 32 44 15 44 28 1 66 7 82 40 79 85 96 58 17 25 70 48 48 20 24 13 75 36 18 87 44 30 67 54 70 66 64 66 52 40 96 60 94 86 63 80 24 13 97 94 7 4 81 16 72 50 68 16 27 63 99 48 75 93 23 66 40 51 13 41 76 23 87 79 96 91 30 47 82 57 5 79 9 49 75 9 62 54 28 77 55 26 84 58 50 11 27 73 76 63 10 14 47 64 85 57 78 42 17 86 13 89 1 9 32 83 84 74 76 2 84 94 68 45 6 63 28 53 62 72 
47 29 65 33 3 83 68 87 92 23 12 62 78 33 16 98 89 82 20 15 19 15 69 1 18 39 18 13 88 31 16 65 78 19 6 26 72 82 15 8 89 43 51 66 74 60 95 90 92 27 94 94 22 56 57 19 49 83 45 15 60 53 70 46 39 19 83 76 56 31 73 68 65 36 58 74 95 66 79 29 48 33 92 48 86 27 66 17 31 3 74 85 54 80 87 63 75 34 67 15 48 87 62 49 63 10 1 15 36 5 84 96 99 9 78 6 5 82 14 75 7 6 72 54 63 68 84 99 28 70 24 73 41 6 98 30 27 67 47 20 86 31 29 72 89 57 23 96 69 77 19 74 19 94 8 52 79 73 81 35 40 32 23 80 27 42 1 93 98 15 63 19 41 3 31 36 60 84 93 52 74 68 97 95 11 77 47 11 96 50 94 49 55 27 31 67 98 51 86 18 
9 64 35 43 97 97 46 29 16 76 42 36 46 47 61 27 24 61 25 56 3 43 9 37 21 59 11 8 76 87 20 2 91 87 83 19 81 63 76 89 25 39 73 47 32 25 12 94 12 84 66 74 44 6 12 38 44 69 96 11 34 16 11 67 13 18 53 92 22 43 98 57 15 29 73 81 28 48 15 8 46 78 48 66 73 71 50 47 4 20 21 64 83 29 48 29 87 83 83 16 82 14 3 34 98 72 81 91 97 94 59 68 40 71 12 85 56 18 17 67 15 39 23 19 89 5 23 89 30 11 15 42 28 54 78 23 91 98 38 29 6 43 36 79 9 90 96 82 57 21 98 1 92 53 44 28 17 19 23 52 55 28 86 23 25 41 15 26 9 33 82 47 19 68 33 43 68 63 41 10 40 60 87 50 52 90 23 44 31 50 39 18 77 62 39 11 36 51 3 46 
