200 60
30 47 14 88 34 7 73 2 68 82 18 95 73 25 10 82 78 77 41 62 83 65 14 2 38 69 22 19 26 13 33 61 44 40 68 90 84 98 86 60 15 20 61 98 62 99 65 91 88 80 50 59 81 35 28 43 24 42 53 83 86 72 4 1 99 67 62 78 41 24 94 43 15 68 37 46 31 46 70 45 88 97 9 83 58 41 72 76 61 56 77 84 51 58 12 3 93 88 16 36 52 89 69 84 64 87 66 22 27 74 98 78 75 87 39 21 63 95 20 36 48 71 17 7 67 81 28 3 23 64 53 49 63 9 83 21 62 39 71 13 99 94 21 28 47 13 64 56 44 6 43 57 80 48 94 37 82 52 25 35 85 53 97 4 24 89 10 86 5 81 76 3 95 18 11 28 1 32 7 75 46 84 15 75 58 47 32 58 45 80 76 36 80 17 69 83 80 43 20 16 
48 7 25 99 36 10 99 53 80 79 39 91 79 78 2 45 73 56 90 80 56 48 62 7 75 88 34 80 43 9 86 15 38 53 76 82 15 75 34 24 12 54 76 52 51 90 12 62 51 22 45 33 30 23 83 37 12 14 45 45 34 66 61 33 51 13 87 85 44 45 9 8 26 30 40 27 45 7 41 99 96 2 18 19 24 26 28 21 26 90 88 87 65 5 85 59 75 87 73 36 61 70 86 83 11 8 43 43 99 78 53 34 97 95 21 64 74 11 57 32 5 20 80 33 77 73 25 71 99 77 47 58 5 2 33 25 55 89 1 25 53 57 10 42 43 6 67 95 20 26 35 47 37 4 31 8 7 24 40 43 13 83 22 78 13 89 9 9 47 74 24 98 43 92 75 97 20 33 72 37 99 24 25 43 11 40 55 38 91 7 96 52 2 6 10 23 24 85 79 10 
68 25 34 38 20 75 26 12 2 89 71 34 81 91 81 7 44 22 1 15 27 66 42 54 50 87 13 62 45 57 51 52 87 86 55 40 29 56 13 80 28 50 35 94 81 85 86 3 54 43 17 54 13 2 91 63 54 64 23 33 40 93 3 91 25 43 32 24 89 84 54 99 70 44 83 6 93 28 38 80 4 62 71 39 94 13 4 12 45 27 51 67 42 57 58 53 22 99 32 17 91 17 67 47 69 75 83 96 9 75 52 19 33 81 32 98 66 53 95 78 63 78 63 96 43 2 35 15 19 58 20 49 29 5 67 3 67 48 1 95 19 80 46 98 84 7 64 60 17 78 83 42 51 24 27 48 35 80 49 55 59 25 62 48 91 4 71 44 6 67 2 32 15 96 34 95 98 40 34 53 39 40 82 81 50 66 8 51 8 48 17 55 82 3 27 43 70 67 95 52 
29 33 44 88 11 83 84 34 16 45 46 56 64 54 16 33 71 19 52 42 7 76 48 21 47 50 79 16 34 3 68 46 32 97 34 56 80 49 53 72 55 84 11 59 20 94 65 76 85 97 94 35 64 84 59 51 29 87 57 6 65 27 77 99 33 70 61 10 15 92 52 43 81 25 58 97 42 19 4 14 99 94 88 35 15 6 43 60 51 86 82 3 42 18 67 44 38 72 56 93 70 82 65 41 3 87 20 15 86 94 15 40 24 31 68 89 15 8 80 45 22 67 87 52 20 45 19 74 56 23 53 53 5 89 73 60 24 90 28 56 12 90 78 48 62 26 64 41 23 61 55 98 47 48 6 97 57 78 15 84 93 42 81 33 75 82 59 95 54 54 14 67 74 78 77 34 24 97 9 34 94 36 47 15 35 49 67 83 10 87 38 69 56 47 75 76 37 30 5 42 
55 1 73 28 14 44 77 9 89 65 85 2 94 83 89 83 26 78 56 35 37 74 4 21 31 25 82 76 31 89 62 79 67 14 7 43 59 19 57 87 93 72 16 26 5 76 24 44 60 47 44 82 41 94 42 18 18 6 68 42 40 26 38 47 9 38 13 5 67 45 82 44 72 51 46 39 84 44 92 86 42 74 83 87 48 39 31 27 48 58 83 58 12 62 4 83 15 69 51 34 21 69 63 49 62 1 37 64 19 35 8 84 6 60 36 71 45 55 80 21 56 78 88 47 31 45 70 61 19 8 82 53 6 40 10 76 96 17 47 23 94 96 78 10 85 99 60 57 16 91 2 73 76 66 44 31 83 22 48 52 58 48 66 86 9 5 32 97 12 99 38 38 95 76 16 35 17 91 19 68 45 95 4 57 45 18 11 33 54 41 46 29 66 90 63 56 12 11 41 86 
28 35 56 6 95 52 41 30 75 90 40 78 5 29 45 75 27 63 1 68 95 19 21 32 80 49 84 77 76 45 53 54 8 44 66 60 36 30 56 46 61 47 47 22 37 99 67 63 67 60 53 20 20 79 53 16 29 85 38 63 3 96 6 62 27 26 84 12 77 82 44 14 18 86 97 78 14 67 13 33 35 74 12 26 60 83 83 34 87 98 87 69 37 64 56 83 61 68 10 75 46 48 55 97 21 95 94 62 63 69 32 47 5 93 79 99 40 69 64 50 29 76 32 10 7 86 56 80 86 61 45 63 69 64 41 61 46 64 37 86 9 45 75 68 53 7 56 55 86 75 43 27 31 8 73 96 36 1 56 17 77 91 88 89 70 69 52 67 69 80 27 65 78 32 94 60 56 2 42 5 25 40 73 28 69 81 12 44 51 45 8 56 12 48 42 66 76 4 39 79 
58 75 65 57 11 64 98 35 89 99 35 51 33 51 24 57 8 86 3 15 31 96 32 28 12 30 22 72 71 22 66 27 83 28 74 6 1 55 1 90 87 89 77 58 50 33 43 15 70 30 79 27 35 1 35 51 64 71 63 68 49 9 50 11 80 47 45 96 74 20 93 61 15 93 70 85 72 98 5 29 46 59 20 62 87 24 56 97 35 98 9 18 47 77 53 10 28 72 81 95 63 50 31 63 50 53 17 98 28 41 62 17 11 17 29 89 18 59 49 84 5 51 59 87 92 17 28 40 6 48 87 67 93 37 67 13 72 10 23 66 46 51 69 93 46 45 9 74 56 96 67 27 50 71 21 43 16 20 30 18 91 13 68 80 96 73 56 28 60 4 91 52 55 20 79 76 28 83 65 82 31 29 65 42 51 99 96 52 44 77 12 60 65 10 26 1 99 49 51 23 
60 88 34 57 6 99 65 9 28 82 82 70 88 78 38 35 67 1 30 48 21 88 61 60 36 66 93 81 90 97 7 42 5 41 53 46 1 10 14 28 58 25 54 10 69 72 83 55 96 59 6 28 27 69 81 48 32 22 80 46 19 25 38 22 91 32 15 98 5 1 48 80 18 45 12 9 56 97 69 17 65 59 34 87 63 58 23 11 4 9 13 38 26 62 95 36 16 68 40 48 60 27 39 50 1 50 73 99 94 12 65 3 68 8 35 60 74 13 55 32 46 33 10 86 56 66 49 64 72 56 47 27 12 48 55 17 2 46 60 15 28 71 43 94 1 13 28 76 4 89 47 90 53 3 91 26 54 94 67 89 55 4 56 65 6 20 66 64 15 41 91 86 2 33 69 74 57 80 33 70 97 45 69 71 21 25 77 87 64 5 21 94 58 18 86 96 85 98 41 73 
30 3 98 18 23 32 18 77 85 64 37 22 9 22 47 88 82 81 81 64 76 56 89 61 20 80 27 3 84 84 27 99 65 82 90 38 60 49 60 53 55 4 9 17 1 90 13 16 97 58 39 32 75 44 24 28 73 53 57 22 22 40 59 75 28 90 63 68 50 4 98 87 83 69 73 1 39 55 48 41 28 83 26 91 38 12 29 58 21 20 79 60 67 84 84 5 92 65 14 70 17 80 80 91 44 96 27 33 46 2 1 76 45 90 39 2 88 45 50 63 37 16 90 76 42 4 52 97 31 39 40 4 80 65 54 74 9 20 69 74 45 15 20 32 22 16 78 23 47 28 36 52 92 76 87 32 70 81 9 66 15 49 40 29 66 43 65 47 50 75 96 84 58 78 52 16 31 93 39 16 39 47 35 36 62 35 69 87 73 4 3 20 18 29 11 6 94 99 63 20 
38 27 66 47 66 66 34 86 74 71 38 67 65 19 38 3 33 61 88 41 68 41 42 66 64 89 60 13 24 40 15 61 66 28 97 53 33 2 27 94 93 24 48 61 49 84 48 5 47 1 57 60 76 27 54 52 82 58 75 1 69 41 19 27 7 74 52 60 36 19 18 45 76 3 40 44 34 27 30 47 4 72 93 80 75 8 35 4 47 91 67 28 22 81 13 10 21 42 17 69 86 45 47 86 88 83 3 15 33 71 22 82 66 53 84 2 80 10 22 73 22 64 23 93 95 87 36 60 73 5 81 79 98 6 52 71 91 42 25 76 60 44 61 61 99 19 19 26 4 59 54 11 69 53 32 99 4 83 26 29 27 41 33 92 85 25 71 49 50 55 92 28 27 70 86 33 65 44 84 54 58 81 69 67 53 33 81 47 58 96 21 66 46 25 59 10 60 31 42 71 
13 4 97 58 80 16 48 65 37 19 19 98 22 39 84 33 30 2 90 2 41 61 82 39 48 34 39 4 96 30 99 12 5 83 99 71 6 80 98 9 70 97 14 6 45 26 50 24 75 9 32 41 46 66 33 80 6 32 11 43 1 80 34 38 7 63 17 13 58 34 47 85 80 83 22 79 23 72 74 48 87 56 9 11 61 25 27 81 47 27 65 3 94 5 22 74 34 24 88 86 3 6 84 49 82 58 83 25 24 6 48 60 84 24 61 15 53 66 55 95 88 99 43 85 44 31 54 75 4 43 57 97 8 25 2 52 92 98 39 46 14 57 62 14 80 90 32 58 88 20 9 77 47 28 87 94 16 88 22 94 31 1 64 48 39 19 89 50 28 84 31 45 58 53 8 62 93 34 61 44 32 14 80 79 39 90 38 35 75 6 19 85 33 75 51 44 63 19 42 96 
31 6 59 15 75 62 48 13 20 93 47 87 99 87 18 5 20 28 70 52 7 48 17 98 71 88 25 47 58 53 82 91 6 66 44 74 2 29 94 43 41 70 1 3 77 14 70 76 86 22 7 60 14 60 66 79 38 53 13 44 26 37 76 5 84 17 8 12 21 24 36 67 98 73 23 86 93 17 20 48 47 2 25 55 28 25 39 90 82 91 21 70 97 71 45 3 48 50 57 45 63 93 30 57 75 95 20 60 78 43 23 89 85 62 32 57 82 85 92 2 87 97 57 45 5 99 46 55 80 62 98 94 63 80 33 81 53 33 97 42 65 36 36 71 82 99 35 85 9 85 83 81 34 64 29 89 79 67 37 32 62 47 40 80 50 31 1 10 14 79 65 52 86 40 18 61 20 6 41 59 40 72 68 99 4 88 43 21 54 20 73 3 76 99 87 22 58 88 92 11 
75 8 4 97 1 33 71 52 43 58 74 96 48 13 43 97 96 1 36 39 95 78 23 98 53 41 71 32 60 96 20 48 75 55 64 99 3 5 37 56 73 92 89 89 29 10 73 53 1 69 20 66 90 89 23 91 55 74 21 19 85 92 75 43 84 64 55 52 54 37 17 99 76 68 81 94 86 11 26 74 66 85 52 92 15 73 78 98 36 85 15 16 17 53 46 27 11 7 13 52 17 51 94 32 61 58 86 10 82 37 85 8 6 22 68 17 29 50 75 68 5 47 88 23 17 2 17 47 65 54 72 97 48 72 56 1 41 35 39 32 75 13 38 2 28 50 4 34 93 45 98 47 71 31 78 36 43 60 72 52 58 80 67 87 11 21 87 52 23 70 74 60 27 59 68 5 44 43 93 44 68 78 34 84 46 12 18 53 58 51 98 88 99 58 35 18 63 21 73 36 
20 18 77 28 74 88 54 58 36 7 78 93 41 69 61 72 29 38 71 7 45 46 35 79 51 8 47 56 29 17 77 92 83 62 74 36 58 28 72 32 32 1 96 36 30 78 74 14 29 73 35 51 64 21 19 59 34 82 85 78 8 56 16 89 33 80 23 15 36 39 53 29 38 72 97 59 50 76 94 1 88 15 37 13 76 23 79 32 51 16 43 76 69 89 25 51 16 35 97 55 9 37 24 87 4 83 56 54 3 74 47 71 59 24 53 78 84 68 41 37 53 71 96 39 13 32 29 17 85 90 74 44 76 32 10 47 81 98 49 6 88 88 59 65 90 65 60 37 87 68 32 11 92 12 23 53 41 94 55 23 92 9 30 70 41 40 36 45 20 80 52 5 8 29 56 20 34 3 33 77 87 37 75 91 19 1 95 9 52 92 29 10 85 54 39 21 2 73 29 20 
87 38 34 55 79 11 63 61 21 5 80 18 95 27 99 6 2 13 6 50 70 59 88 50 8 53 76 13 22 4 63 82 52 72 43 74 3 10 41 2 76 77 40 11 99 88 20 12 58 31 82 8 29 7 84 27 7 55 69 55 42 89 98 67 65 28 83 55 23 21 12 62 7 86 87 14 86 41 53 48 41 27 30 47 84 49 38 69 7 1 40 78 97 1 62 78 80 19 32 39 41 11 6 35 65 49 1 68 62 52 29 7 2 18 26 12 42 53 79 69 62 8 67 25 93 3 82 8 51 62 69 69 63 46 50 11 6 80 60 16 30 87 76 79 96 19 49 42 6 86 36 19 27 92 29 34 34 62 88 46 33 75 74 84 93 93 76 81 82 96 44 96 93 13 23 56 78 47 79 78 77 14 37 9 54 70 5 48 22 46 9 84 77 73 26 29 34 19 11 38 
99 97 33 48 56 28 12 8 52 89 26 3 28 52 92 20 63 29 97 62 40 33 51 15 88 30 47 92 53 2 18 3 44 94 89 98 92 81 41 36 11 15 55 27 46 82 80 2 36 69 85 59 67 5 13 28 29 28 37 19 71 36 25 83 62 48 82 68 40 55 21 74 74 79 6 9 19 29 18 45 68 56 7 78 15 13 47 80 8 6 97 57 3 52 53 5 25 40 6 64 19 81 95 79 12 65 73 55 64 23 49 8 28 73 55 27 4 88 98 29 95 46 21 14 67 81 48 23 1 53 53 91 48 90 11 10 92 55 51 73 3 95 19 46 86 2 26 11 53 65 13 30 61 31 3 96 84 56 53 95 59 68 21 59 46 16 11 21 86 31 35 71 53 80 70 18 14 24 13 39 81 73 34 40 75 42 37 11 73 9 14 80 70 68 2 74 35 89 39 70 
46 11 84 92 2 64 22 85 68 38 9 91 83 45 14 49 92 14 54 96 29 69 76 66 98 15 37 52 54 13 86 5 85 65 44 98 93 95 88 27 75 31 32 72 3 83 2 92 7 28 27 3 57 87 13 54 42 13 26 18 53 64 77 61 62 90 97 38 7 15 24 58 67 11 79 80 54 87 51 84 81 68 78 58 54 73 28 75 45 2 75 78 82 11 90 60 22 98 17 44 37 83 50 65 93 87 23 53 36 18 84 11 64 45 82 98 18 88 44 14 56 92 56 71 40 15 49 85 14 97 74 53 82 59 88 32 1 70 35 24 45 34 24 56 2 69 12 60 45 91 85 55 21 95 43 30 25 34 74 22 84 98 42 99 42 6 63 44 36 70 89 30 79 96 92 6 42 50 38 76 36 44 74 84 88 21 9 90 33 30 91 55 81 12 94 19 13 79 95 86 
66 51 45 51 28 59 77 26 30 4 27 55 54 70 83 88 23 24 76 5 3 11 84 19 8 64 37 88 10 16 25 19 45 98 3 70 15 52 98 64 98 31 19 90 57 11 53 11 36 91 81 67 76 9 84 89 22 37 41 95 18 92 43 7 25 48 96 45 24 32 30 47 17 37 99 64 41 25 97 71 68 37 54 75 17 95 49 16 53 13 15 79 1 94 42 95 45 52 88 53 42 1 83 99 22 70 33 51 94 15 30 95 60 12 57 3 11 70 94 26 40 43 23 14 47 23 37 12 43 59 43 69 59 57 72 48 51 84 81 28 6 81 64 10 49 65 54 26 48 35 31 45 22 77 29 76 45 78 40 80 57 23 24 69 62 4 11 19 44 28 10 70 63 26 15 39 72 50 9 22 15 88 74 98 35 68 94 43 84 61 64 28 25 91 92 30 41 40 12 37 
16 15 79 16 95 30 78 87 18 35 38 78 81 64 34 88 70 37 42 62 87 83 77 26 88 82 17 18 9 90 37 18 96 68 42 81 47 22 98 66 27 22 60 70 14 47 7 55 19 5 69 84 27 68 63 50 21 9 23 8 14 23 28 3 86 63 36 6 9 75 17 44 79 26 80 28 53 30 7 89 72 89 83 7 97 19 31 38 41 78 34 54 98 8 78 69 75 52 76 69 23 96 99 48 67 99 13 33 42 18 1 21 20 45 4 7 40 36 45 16 43 45 67 36 3 49 56 47 55 88 79 51 29 87 14 8 80 96 75 62 23 15 54 77 54 26 44 64 95 27 74 15 17 62 38 33 69 52 27 64 17 26 62 29 70 53 24 52 13 72 83 95 35 24 34 87 67 84 23 57 7 92 83 62 54 83 63 23 38 20 57 51 53 21 41 82 87 96 98 11 
8 12 25 75 86 62 68 30 52 30 15 47 70 94 67 69 47 53 48 84 82 73 53 82 34 55 9 9 62 80 29 25 96 75 70 58 86 62 89 65 58 18 96 82 71 29 16 86 78 50 39 46 73 56 80 84 57 3 38 29 86 80 44 71 35 72 26 24 45 7 57 72 88 19 20 36 21 1 57 24 37 64 29 88 27 93 71 82 35 98 51 16 13 78 19 12 78 72 72 65 69 17 5 95 2 2 67 3 26 30 23 28 79 67 2 5 49 5 58 19 23 12 29 61 48 93 84 90 84 45 91 79 67 11 63 80 55 38 21 77 92 35 46 41 63 27 39 89 48 11 73 38 79 13 54 62 98 45 73 50 11 59 66 59 44 9 66 71 4 95 63 54 28 37 59 10 46 14 22 37 31 31 47 86 60 70 9 13 71 52 18 37 14 85 78 98 9 30 45 13 
97 3 26 27 28 36 79 73 52 10 49 40 13 62 20 34 55 15 65 85 1 53 29 31 38 8 11 90 95 34 41 51 28 97 68 49 95 49 35 49 48 14 64 27 98 63 37 51 15 7 73 61 93 62 17 54 43 46 13 59 66 50 90 24 40 23 45 95 97 53 19 99 9 48 80 20 64 18 8 86 50 53 71 49 37 10 11 63 57 88 19 69 84 17 24 77 19 27 67 41 67 44 88 47 22 61 6 91 44 21 94 62 45 2 70 21 67 94 72 81 64 83 41 95 84 32 3 33 51 58 45 57 41 22 7 17 70 99 52 16 74 72 55 3 85 2 79 49 19 13 61 31 51 77 89 10 4 92 85 13 21 63 88 17 53 81 32 29 41 12 29 63 89 68 51 29 55 98 10 8 26 64 38 36 2 20 73 84 74 98 34 41 13 89 8 92 40 23 25 7 
22 32 7 58 47 2 46 65 73 75 28 60 89 42 88 26 79 6 16 62 36 86 55 88 61 31 18 54 73 18 81 42 17 61 6 76 62 21 29 28 21 7 80 22 41 83 85 40 24 79 69 34 24 92 66 23 55 94 25 9 1 38 13 73 18 66 26 92 41 12 92 38 92 12 80 84 87 6 1 17 37 49 20 35 61 15 58 61 86 99 4 45 59 34 13 72 50 84 19 69 57 62 38 7 15 27 76 12 3 97 35 68 46 52 17 29 25 40 32 15 81 85 5 28 26 93 81 55 40 56 33 70 87 60 65 49 15 92 21 66 64 46 89 9 74 27 12 78 90 58 87 98 67 90 79 21 76 5 21 32 15 19 22 59 8 94 75 77 17 46 63 12 47 41 64 51 50 12 56 47 34 56 27 25 67 52 78 85 85 55 31 18 97 10 34 99 92 54 69 5 
28 78 80 24 41 88 34 39 49 60 3 62 41 19 68 36 2 54 71 80 36 50 43 24 7 14 34 38 62 11 47 64 67 95 69 51 38 40 2 78 68 66 91 94 66 81 61 44 79 1 44 1 31 87 12 97 49 79 7 59 99 21 73 33 15 93 90 19 24 49 98 2 90 40 38 84 37 49 72 15 77 24 26 20 53 5 13 37 58 58 65 46 73 8 70 96 97 64 96 43 78 59 29 75 44 71 96 48 33 65 5 14 28 15 71 54 84 42 48 11 63 40 62 16 62 13 40 23 46 99 43 42 79 9 95 65 57 52 20 2 33 69 63 9 57 66 32 21 1 41 23 83 91 18 52 82 44 77 87 77 88 89 83 30 7 42 5 37 59 73 63 62 17 5 51 65 95 68 64 35 83 43 40 22 74 81 87 65 98 43 17 28 55 27 70 25 39 98 57 58 
3 26 15 45 90 33 64 76 21 84 22 20 2 93 8 14 6 87 34 87 22 64 58 23 19 50 46 5 94 55 21 80 38 28 23 17 79 14 63 52 53 13 86 59 49 31 19 92 69 39 28 55 88 32 82 45 5 79 1 18 99 84 15 41 92 43 22 50 97 94 42 4 79 81 73 42 11 6 51 43 26 83 99 75 81 3 94 58 8 77 13 18 67 7 90 39 13 30 83 28 39 81 19 62 44 48 52 53 81 26 24 95 20 76 19 30 94 82 16 95 70 2 50 84 91 28 66 6 41 44 76 31 98 80 14 60 91 69 91 72 57 98 58 83 94 76 53 3 23 78 65 87 38 9 84 3 66 54 63 72 24 44 70 43 69 1 47 30 66 2 62 83 31 32 72 39 95 40 74 74 61 98 61 67 55 56 84 52 87 93 99 73 4 85 35 44 48 48 37 3 
37 46 99 97 28 95 54 38 1 75 48 89 83 60 22 5 23 3 73 2 63 7 38 45 30 17 73 28 5 96 36 52 15 7 66 11 11 89 69 66 45 52 92 36 58 42 12 71 55 32 10 38 91 1 58 97 50 17 99 91 27 14 25 20 8 75 59 22 51 19 44 59 73 71 12 96 21 53 73 81 63 61 96 28 63 48 87 96 65 1 74 75 74 29 83 61 37 38 27 43 23 18 77 78 6 17 55 80 46 31 5 94 69 78 80 81 52 82 24 1 96 55 46 87 20 77 12 37 26 79 15 82 97 21 65 83 66 75 68 98 5 11 4 71 97 65 10 10 30 39 64 71 68 64 63 39 35 95 6 5 97 84 72 52 48 64 7 35 78 32 1 61 69 26 67 71 68 10 32 23 71 53 7 68 1 14 72 40 92 18 63 28 74 39 46 61 47 83 99 92 
1 63 87 62 20 89 8 5 8 15 47 73 56 90 4 52 42 39 59 55 32 63 91 27 89 53 77 51 82 89 1 59 86 52 57 33 94 26 63 10 22 8 57 95 10 10 12 63 35 68 37 63 17 50 83 31 19 58 56 87 59 36 13 51 15 78 77 42 30 32 39 88 20 7 64 32 76 78 2 36 77 97 83 87 93 93 41 10 88 81 2 63 31 70 1 54 99 67 85 42 88 81 25 42 14 37 8 35 19 72 59 70 82 52 39 76 25 68 51 63 11 50 52 30 61 69 51 70 54 44 22 83 34 51 8 71 19 25 25 53 2 68 74 68 64 58 40 81 74 51 4 92 1 89 46 38 13 7 52 1 90 36 23 16 29 17 76 76 46 96 55 39 87 42 34 30 34 42 26 54 6 18 86 98 70 24 21 38 49 59 93 45 22 68 28 91 37 53 19 59 
76 98 49 68 84 26 32 45 72 34 51 44 26 24 63 95 53 64 61 62 14 22 8 74 56 93 65 55 42 39 29 56 80 10 56 86 60 80 99 46 79 82 35 53 78 32 97 81 68 64 9 85 63 63 11 35 15 91 95 45 39 26 35 10 49 82 18 28 87 54 73 42 56 38 8 62 49 66 36 3 81 42 7 10 22 63 41 93 25 61 60 62 61 27 16 49 48 46 24 48 81 25 94 39 68 28 62 26 54 6 19 62 59 24 45 87 7 99 39 54 54 30 52 59 27 23 13 79 46 29 68 98 60 72 6 39 81 83 89 95 10 28 90 64 67 40 17 74 34 52 48 20 69 28 61 91 52 91 68 5 8 60 40 35 40 74 47 47 63 31 79 28 32 13 89 13 73 19 13 24 20 99 8 96 35 83 80 12 52 12 22 27 99 69 33 11 36 11 60 67 
85 59 97 23 20 63 67 18 55 11 29 27 51 62 42 10 80 17 56 92 82 69 64 26 21 63 64 38 40 51 14 93 23 48 82 47 44 88 14 3 26 83 75 67 99 75 23 8 55 95 48 9 3 20 41 27 26 26 44 47 39 46 8 42 43 28 47 23 82 88 98 99 99 71 77 38 95 99 32 12 78 38 98 61 30 44 61 50 51 25 8 23 27 98 83 56 78 44 47 20 18 59 31 30 9 19 92 10 21 30 76 40 83 88 63 19 44 34 32 17 28 7 14 34 85 6 48 55 59 41 40 7 32 93 16 13 85 70 77 52 58 61 63 14 99 92 98 52 29 86 58 45 86 16 17 50 97 60 10 58 20 62 83 53 7 86 61 67 60 71 89 35 88 87 99 52 61 93 64 31 64 94 49 55 61 94 76 41 43 56 73 85 90 54 35 30 25 34 74 13 
21 2 37 93 24 6 5 32 61 38 83 79 97 92 81 77 55 54 57 1 97 79 98 36 10 82 8 65 78 10 78 48 77 28 81 2 42 98 40 79 57 65 19 57 34 30 97 11 92 38 58 1 46 59 60 48 74 63 29 22 15 11 32 16 36 26 60 30 23 82 12 56 56 81 73 55 96 38 96 36 62 56 85 45 11 15 75 40 24 46 12 73 82 20 34 73 56 19 58 28 75 29 54 61 21 11 30 21 98 89 12 51 24 30 26 82 5 20 78 9 18 53 40 66 94 8 22 20 98 29 61 42 12 11 3 92 10 75 76 3 47 58 80 53 38 82 63 60 36 47 6 51 17 7 99 48 58 49 29 52 24 79 55 20 41 2 92 46 83 98 95 47 54 15 36 40 64 36 83 25 15 69 92 65 80 30 75 67 85 15 91 68 91 91 23 9 72 73 59 20 
52 71 83 23 20 16 25 30 32 85 91 26 28 90 95 11 45 99 96 50 18 48 10 77 93 43 12 98 30 71 46 6 7 3 29 73 30 95 59 74 40 11 18 79 14 8 81 65 75 56 23 22 1 43 21 58 22 77 65 9 38 93 62 38 15 63 43 50 98 97 67 89 16 56 31 55 82 50 73 98 12 49 80 37 17 92 94 54 19 87 19 10 54 22 23 45 78 67 51 89 75 85 26 63 59 36 57 91 84 80 47 2 53 92 94 35 17 59 7 53 84 88 98 41 30 21 4 15 98 28 78 30 11 21 10 84 71 62 21 27 71 63 77 60 2 98 91 54 51 6 32 43 19 93 29 40 16 54 78 36 75 57 50 12 57 69 95 41 53 49 49 98 93 62 41 64 57 80 96 32 71 95 47 14 23 16 37 45 62 83 24 95 10 70 93 71 64 91 58 21 
43 61 71 81 85 97 12 46 39 86 52 82 4 5 5 73 59 26 23 18 92 55 33 57 29 54 70 9 67 77 3 96 6 2 67 82 77 57 1 96 79 59 68 71 4 37 98 71 71 71 11 21 60 19 49 43 38 46 13 81 94 60 88 40 68 43 79 10 84 78 37 2 82 85 95 74 45 49 96 71 35 51 29 47 21 3 51 3 12 74 31 12 89 30 69 56 34 52 36 57 62 78 1 2 53 34 61 80 82 55 79 15 53 30 7 87 28 23 20 79 55 8 53 91 7 3 23 87 7 93 67 14 62 73 69 39 93 69 96 82 68 73 24 43 32 75 72 34 35 95 34 14 70 12 9 14 1 94 30 74 90 35 1 72 39 79 23 56 9 58 29 71 58 19 12 97 72 54 55 77 95 38 72 47 61 53 25 67 24 22 67 57 89 42 66 24 48 13 40 91 
55 64 59 87 71 34 1 97 4 34 51 37 68 81 23 11 67 85 43 88 41 91 9 63 30 50 43 3 28 63 48 9 40 48 69 75 36 87 42 41 10 88 56 47 33 41 8 92 14 69 54 92 52 93 74 33 94 78 23 28 91 99 87 74 54 91 41 9 11 8 5 65 62 74 98 28 37 50 99 93 51 80 99 19 59 53 58 86 16 54 63 54 29 28 81 12 18 28 22 43 66 77 84 74 82 23 22 37 51 92 94 20 96 50 25 26 30 53 56 30 14 10 6 36 12 30 26 29 50 88 53 36 71 79 74 78 88 66 71 32 45 49 86 78 70 10 75 68 36 76 62 70 8 74 97 32 9 86 14 32 71 6 82 44 94 93 69 82 99 37 90 68 87 3 69 78 93 92 93 6 45 4 70 15 17 83 80 97 89 81 41 29 1 11 52 24 7 5 64 94 
97 92 50 87 67 31 2 90 71 92 48 30 24 36 49 48 68 53 26 10 55 54 51 86 23 42 26 37 79 2 62 88 86 72 62 18 35 38 5 32 31 2 19 52 77 70 72 89 51 33 50 35 86 48 32 31 58 16 79 58 60 67 16 18 87 43 4 9 18 71 30 12 91 54 86 68 96 45 50 65 45 34 64 13 58 23 21 29 43 12 42 17 80 80 59 48 99 64 96 46 64 41 51 62 50 10 74 64 29 72 53 9 49 15 91 30 17 88 92 17 74 91 36 96 86 49 65 14 20 95 64 14 22 56 41 21 4 29 5 25 22 61 55 55 60 37 55 70 10 57 18 30 49 15 84 84 28 84 7 51 46 98 30 97 38 29 70 22 49 70 2 35 23 21 29 41 76 60 77 19 86 37 70 3 66 41 9 64 51 96 55 94 76 32 15 82 61 68 14 1 
58 71 96 62 53 6 60 28 78 46 7 71 12 7 62 64 60 73 91 6 69 7 97 23 28 51 32 78 74 41 97 78 5 6 57 77 75 75 42 84 16 89 51 68 25 99 65 68 88 81 47 93 75 32 51 35 52 86 29 69 81 16 36 66 36 37 35 92 98 21 8 21 72 92 54 34 85 44 6 33 95 37 26 42 1 10 20 15 40 82 41 41 5 67 93 53 41 68 43 32 60 92 21 13 38 57 28 92 31 90 46 35 71 42 41 78 82 89 67 38 80 41 80 19 81 46 34 15 9 97 94 22 97 43 44 37 1 84 86 71 99 89 51 51 3 97 7 28 59 22 58 81 61 62 60 28 51 3 20 28 27 28 3 87 49 22 42 68 48 74 42 93 30 92 83 55 79 4 36 16 70 59 54 20 72 46 94 96 51 89 15 67 83 59 81 54 54 79 77 82 
29 23 72 44 51 63 25 66 78 15 11 40 68 51 96 88 34 98 25 50 77 68 41 14 21 83 24 48 35 15 21 32 72 10 73 88 99 24 54 15 28 53 95 12 43 62 21 18 37 19 73 39 41 26 54 78 54 48 46 73 78 48 49 19 45 14 11 4 49 92 56 41 80 21 21 98 53 55 83 32 40 7 91 12 99 67 98 60 11 45 91 78 4 91 25 79 88 37 50 18 90 21 46 23 76 22 53 30 90 86 2 9 84 67 45 98 45 47 89 37 32 76 27 92 2 98 65 92 45 84 58 59 15 65 42 39 57 60 58 33 47 9 91 28 13 4 1 28 70 20 44 88 59 48 18 43 64 24 84 37 54 60 3 59 13 78 59 70 65 40 3 39 13 75 70 68 64 19 24 29 66 38 78 93 33 62 32 60 81 21 1 92 59 67 48 44 78 15 15 93 
95 2 27 92 82 21 97 38 56 26 65 20 83 96 9 6 18 74 68 50 50 16 2 51 69 52 40 9 14 41 46 82 35 29 71 41 45 1 7 25 80 39 44 1 53 83 31 17 10 80 27 59 85 46 60 10 65 16 81 1 32 7 23 70 30 70 53 23 18 49 35 80 25 34 80 39 9 20 6 32 10 61 90 75 10 30 30 34 84 70 96 72 64 56 92 11 87 45 5 84 56 36 67 97 95 29 9 80 7 74 17 45 26 35 89 43 77 38 93 19 34 36 20 69 68 59 39 97 15 72 59 69 19 32 82 73 1 45 58 69 7 18 44 53 65 21 56 7 48 40 32 58 21 32 80 36 2 85 43 24 18 72 47 23 62 7 64 99 46 99 63 49 63 19 71 48 35 39 24 11 78 4 28 47 52 76 12 16 21 4 87 86 6 63 2 88 43 28 94 73 
21 80 46 33 39 31 70 83 11 98 1 18 92 27 91 56 57 58 6 63 77 20 96 21 6 2 88 22 60 37 59 40 99 88 21 18 8 25 99 45 74 3 20 43 78 50 82 42 64 46 49 62 29 1 19 2 96 41 16 10 9 84 64 71 94 30 73 88 63 30 19 63 76 77 21 74 35 84 29 62 56 65 2 11 59 17 87 25 43 98 6 14 69 17 30 74 42 2 66 69 90 93 38 8 52 19 64 32 47 75 41 91 68 14 24 29 55 15 11 61 80 73 17 57 29 80 65 23 76 2 58 81 75 62 67 54 35 25 10 41 99 73 28 2 34 89 76 41 1 43 98 84 44 62 11 61 71 23 80 88 33 28 10 49 3 85 18 73 62 94 17 22 79 24 99 66 89 90 18 69 80 48 62 67 69 62 47 50 83 92 86 44 47 77 81 93 57 11 97 38 
22 22 93 22 4 18 72 90 96 87 94 99 45 35 49 96 83 74 70 37 48 33 46 93 77 53 20 60 22 7 99 59 50 94 64 46 52 54 69 20 50 70 53 25 2 73 43 57 5 54 62 75 8 64 34 2 14 23 93 31 87 27 84 37 57 53 76 75 31 65 61 96 90 23 65 44 7 83 56 67 43 13 44 24 60 88 92 87 25 6 21 53 14 87 15 45 21 84 30 22 64 88 97 82 91 34 33 72 86 4 41 90 74 40 20 96 32 45 70 15 85 91 4 40 28 26 41 49 15 78 26 99 78 63 31 41 30 90 56 22 66 71 46 89 75 22 87 7 46 71 21 46 71 67 42 5 54 82 14 10 16 22 66 20 1 26 10 36 82 82 36 6 71 26 24 29 21 49 50 66 31 7 92 45 58 22 37 61 20 94 83 92 99 4 51 97 55 17 87 30 
66 24 13 27 40 61 60 54 80 99 1 1 57 49 81 28 4 53 78 43 45 18 23 34 30 44 38 96 61 57 68 69 31 40 7 62 46 62 34 88 64 15 43 96 23 38 72 3 70 52 38 17 97 94 64 82 70 42 16 97 58 52 27 54 69 83 34 67 77 37 8 5 56 81 82 19 9 85 88 77 1 50 82 96 89 40 82 71 56 12 91 7 39 51 38 47 61 95 97 12 62 76 34 21 32 40 21 32 42 83 82 67 73 88 17 47 49 46 30 19 68 94 70 91 33 45 54 64 84 19 3 60 29 72 66 53 73 31 65 5 53 23 10 90 67 7 43 35 6 4 62 40 82 30 55 18 68 28 31 23 19 93 51 79 8 15 60 18 57 97 17 2 70 95 25 62 61 48 66 27 87 5 31 51 80 62 50 53 74 88 22 38 43 62 49 36 26 97 69 31 
35 24 71 65 74 96 59 45 33 98 16 29 21 70 84 55 57 9 48 96 26 29 78 21 27 14 96 44 40 76 26 87 74 11 53 34 29 54 76 86 45 37 72 20 68 44 43 42 98 67 75 44 51 66 1 64 11 19 46 37 84 80 92 54 67 43 32 19 88 85 23 2 72 35 45 97 95 19 59 84 41 26 61 73 56 57 37 71 6 86 21 32 31 16 52 18 8 29 29 50 98 50 66 70 9 1 52 93 47 53 4 64 79 90 24 16 83 58 55 24 7 26 40 61 24 38 74 60 91 74 62 62 4 3 76 77 49 40 14 40 67 3 46 65 7 68 83 5 77 27 26 5 10 42 24 57 8 5 28 64 13 86 52 85 48 2 25 3 87 60 48 68 2 25 54 67 19 66 58 71 83 20 19 94 8 44 90 51 28 71 83 11 64 72 18 53 77 3 78 29 
48 74 36 37 24 56 16 16 43 53 67 79 56 76 59 77 46 31 37 43 13 99 3 74 57 16 97 15 56 54 82 39 49 8 20 27 17 66 55 51 64 3 95 55 99 53 95 35 16 94 35 22 76 30 2 60 87 69 71 93 89 7 90 42 32 9 57 84 55 89 99 41 73 92 64 51 55 77 87 61 5 92 85 98 44 66 30 55 92 78 34 73 47 48 28 19 69 14 44 70 59 10 98 93 42 56 69 29 45 33 81 66 84 62 84 33 41 93 36 69 43 80 82 13 51 65 41 79 34 56 79 44 53 15 97 21 44 30 11 46 93 6 26 60 28 37 31 85 88 96 66 12 14 10 16 73 25 41 79 34 99 72 61 66 60 87 46 31 51 48 84 64 22 80 69 53 8 54 22 17 9 60 69 93 76 1 30 15 88 61 89 92 36 97 86 96 1 14 90 36 
73 51 19 3 14 39 85 94 67 55 15 45 23 30 47 17 43 63 99 95 80 27 79 89 73 70 87 45 61 33 25 44 81 44 96 16 87 32 25 38 43 31 47 51 37 83 27 56 84 52 59 26 36 22 77 9 83 8 56 38 64 60 23 34 70 72 60 14 52 86 15 95 27 98 98 5 82 66 4 83 86 15 98 91 89 41 42 16 33 25 87 78 56 30 86 37 3 13 96 96 22 27 90 16 83 34 58 7 74 5 14 49 14 26 5 92 53 10 15 62 85 97 71 66 50 67 53 4 41 39 94 66 10 79 92 50 73 13 13 57 24 23 96 5 30 61 66 31 42 53 31 98 5 2 94 5 60 99 62 85 49 28 42 23 28 70 58 50 62 11 52 58 46 49 90 2 96 98 71 6 68 96 31 74 54 13 47 92 97 50 51 33 91 56 28 67 89 24 27 66 
98 91 28 28 70 7 41 58 96 70 6 47 38 89 89 15 46 6 64 85 97 30 41 13 20 72 98 20 27 72 17 21 48 29 9 60 61 39 48 40 21 17 5 51 92 38 72 6 82 60 3 67 70 60 35 83 39 64 29 18 4 78 91 75 50 21 15 43 59 49 2 13 38 99 2 19 58 11 36 62 79 57 37 51 84 83 71 23 9 32 77 80 75 74 93 24 21 44 87 79 30 68 93 31 66 96 38 53 2 36 73 41 52 76 9 41 5 30 42 82 48 53 87 13 8 86 14 20 76 78 69 73 41 23 15 47 20 86 56 59 89 42 75 93 19 96 60 40 97 27 37 19 71 8 99 18 67 44 45 18 33 4 1 28 58 44 56 17 17 50 97 39 87 59 34 74 94 95 32 52 31 4 48 84 95 73 55 99 21 77 77 71 7 97 23 49 49 59 10 92 
66 19 88 33 95 45 67 98 37 68 8 28 29 78 22 32 68 47 53 32 62 85 37 16 86 97 54 94 41 38 88 57 8 70 81 30 4 22 89 27 38 36 43 15 72 36 95 60 71 75 87 91 62 95 96 54 89 83 1 66 75 28 26 73 67 72 10 8 4 75 52 43 65 65 78 51 29 94 86 56 33 99 11 93 22 55 76 65 11 29 51 96 39 42 9 91 27 19 80 87 30 52 12 17 99 50 21 56 33 98 51 88 35 17 31 56 72 10 30 18 29 28 13 6 64 23 94 80 67 5 2 88 14 94 26 16 24 85 77 49 14 93 46 27 60 20 55 99 47 2 18 81 29 73 91 13 84 17 39 12 72 24 80 29 87 49 50 12 19 65 55 50 6 23 30 42 89 4 90 43 77 78 94 26 91 61 95 38 31 67 1 52 23 71 23 30 82 58 43 72 
22 25 57 5 47 20 31 80 67 99 25 52 48 2 8 17 32 71 18 19 23 50 42 37 63 51 1 64 18 39 24 87 54 19 35 70 24 10 34 33 43 29 76 36 76 73 53 59 15 2 76 83 57 14 55 72 96 31 81 53 93 81 8 98 64 78 33 8 57 2 77 86 37 78 68 29 64 66 23 2 79 33 22 19 79 39 99 32 3 17 19 1 9 54 58 84 61 74 84 17 7 17 44 88 57 20 37 30 71 1 99 91 36 37 88 25 47 50 60 63 90 82 50 4 23 81 58 91 56 80 26 92 33 79 21 86 16 27 15 36 58 1 70 77 95 87 13 96 23 69 24 14 71 99 11 61 96 84 94 67 58 68 92 35 96 12 91 28 21 72 40 44 84 87 19 6 68 57 30 34 64 20 74 33 54 41 34 70 90 86 52 60 78 12 18 41 58 36 43 60 
33 86 65 47 5 66 21 43 75 79 50 47 94 55 69 27 2 77 40 7 29 89 71 76 14 99 26 89 97 88 29 79 40 16 73 59 17 24 23 28 34 48 24 81 30 19 8 14 79 70 97 26 6 47 16 30 82 8 89 60 41 35 56 72 77 37 72 56 57 60 16 37 25 87 95 85 6 51 55 22 14 37 83 23 60 89 14 28 57 19 38 44 25 7 7 55 96 15 39 26 27 87 26 8 97 60 40 46 23 65 39 88 56 41 73 86 94 30 92 6 90 94 48 29 51 18 6 65 48 11 48 56 26 19 78 77 4 30 34 53 82 76 85 53 55 44 45 6 9 81 76 4 31 98 95 4 20 80 80 43 83 88 75 36 55 69 1 86 92 60 53 93 85 95 19 52 64 12 73 68 4 58 92 58 31 95 55 57 31 9 54 25 53 12 97 53 16 50 17 72 
6 91 19 26 6 70 18 41 64 89 79 19 30 27 47 81 95 27 73 28 34 32 54 75 22 12 59 80 78 96 64 79 93 8 81 12 59 89 88 58 98 39 64 67 3 38 17 85 56 85 16 95 70 27 25 41 16 86 29 59 53 97 70 13 64 37 75 22 79 52 92 95 17 92 14 61 6 46 15 95 25 65 81 58 25 97 44 23 70 23 3 5 61 79 67 96 69 95 82 97 70 23 58 44 70 67 7 43 43 18 69 2 55 81 48 56 3 11 39 11 38 39 60 58 4 7 86 22 64 98 78 79 35 69 15 94 16 78 23 55 18 19 10 94 3 51 95 32 7 33 40 96 73 49 80 63 86 48 56 81 3 64 45 9 78 58 92 39 5 42 41 37 35 16 65 67 21 90 1 26 41 29 75 71 30 71 41 58 14 67 5 65 39 8 60 27 5 55 18 68 
11 72 23 10 79 59 67 59 74 58 53 90 43 93 47 88 62 20 73 44 93 79 69 13 39 57 44 71 2 36 30 76 34 56 42 16 3 69 35 67 38 95 56 55 96 78 7 9 10 41 91 12 47 46 80 66 68 48 64 43 81 50 8 43 97 60 8 47 91 51 51 80 49 12 67 60 33 5 88 60 33 24 4 59 26 51 14 4 28 9 89 59 54 21 31 69 73 67 15 13 65 36 61 56 75 87 80 14 71 5 38 1 3 50 4 93 49 24 12 81 87 21 15 25 39 82 43 14 29 58 57 18 44 56 9 51 86 6 90 21 33 10 99 87 86 1 87 22 38 98 20 58 18 66 34 50 56 66 89 32 34 15 30 70 47 43 39 22 53 49 92 89 36 54 17 77 56 60 48 51 11 7 83 88 88 27 41 40 25 3 14 82 59 21 28 77 93 30 96 27 
11 58 43 66 50 82 46 78 8 51 94 61 57 50 14 41 20 18 14 88 43 26 73 97 81 64 21 70 78 16 9 95 47 43 6 30 52 67 69 78 91 51 31 79 76 78 77 83 11 34 28 32 79 88 24 44 20 78 98 93 13 84 70 89 55 18 16 63 47 97 51 43 72 32 20 40 75 4 68 25 47 46 26 15 7 26 93 49 78 28 17 74 75 32 71 25 81 94 45 3 33 33 15 59 95 5 34 76 51 87 9 51 76 64 79 69 24 99 7 96 4 25 45 50 64 17 33 87 75 81 66 82 6 34 83 10 10 77 46 26 3 89 22 46 46 98 62 33 28 68 85 72 44 76 58 56 77 99 78 62 82 90 52 39 65 60 77 82 62 61 29 22 26 69 30 96 4 59 45 40 17 92 52 62 46 95 28 26 12 41 30 34 52 31 75 6 8 72 23 60 
74 93 13 49 28 33 99 30 9 39 39 55 92 62 6 30 77 15 99 74 94 80 58 37 13 18 59 92 44 71 26 53 51 73 35 72 52 51 25 53 30 34 97 52 33 58 27 89 87 76 66 50 99 59 52 92 65 6 13 56 70 47 73 67 4 53 62 42 61 41 16 97 48 77 88 52 91 87 55 40 43 62 19 10 83 60 18 33 34 18 32 12 59 56 84 86 71 83 56 36 42 3 85 89 4 22 75 32 58 52 3 9 81 24 21 30 34 83 69 83 60 7 77 35 98 2 72 35 91 14 81 28 83 38 47 56 33 17 22 67 19 52 82 19 43 12 35 87 39 30 19 71 78 22 15 1 78 82 48 39 3 96 2 93 73 47 13 22 76 14 89 33 63 89 9 97 63 76 26 57 86 1 80 22 30 14 6 84 85 99 28 24 43 81 78 11 2 30 98 13 
94 99 78 78 26 9 20 70 40 11 94 73 85 50 99 65 38 94 70 10 27 62 15 88 72 55 46 31 12 90 11 50 34 31 22 65 10 16 90 43 22 92 55 22 99 49 16 45 44 43 61 92 66 35 5 14 14 18 12 54 5 51 34 91 55 86 39 64 15 7 40 4 97 50 31 64 8 45 14 57 78 43 33 77 98 44 6 41 45 33 50 12 13 10 24 31 50 19 45 55 84 84 34 80 56 35 37 80 51 42 60 30 32 47 3 43 64 91 84 99 55 52 78 80 78 70 44 95 10 83 57 15 57 53 39 3 90 3 90 48 73 44 22 92 95 9 86 67 6 82 7 18 36 31 12 42 41 39 64 15 26 32 91 24 76 17 22 99 91 7 8 47 14 54 65 75 62 83 1 30 63 20 40 25 79 24 67 73 44 17 48 17 90 21 64 60 83 80 48 99 
70 69 77 92 31 28 23 33 58 48 20 21 79 67 77 3 48 25 10 54 3 26 91 42 20 85 18 76 74 96 56 67 91 79 5 84 8 39 50 8 23 22 20 89 56 72 42 7 9 90 1 19 12 83 89 22 86 28 73 11 4 21 39 26 32 41 55 19 2 98 27 4 57 99 51 13 15 94 76 55 17 40 55 72 90 50 3 94 4 59 51 95 17 71 8 50 47 22 11 91 19 28 84 64 20 53 95 84 60 54 13 92 30 44 56 12 47 47 62 5 26 51 33 27 22 69 93 86 95 91 53 95 66 46 55 34 66 50 35 98 2 69 81 62 4 73 86 30 87 91 2 96 11 71 1 98 25 32 30 77 34 22 65 27 51 73 70 59 55 61 52 51 44 60 17 11 95 95 26 23 20 5 52 15 17 91 37 6 34 81 47 68 19 79 28 79 81 27 63 81 
27 50 22 33 24 62 75 51 41 6 18 95 23 8 56 79 55 14 23 77 40 73 60 7 80 18 2 8 60 41 51 25 25 81 67 88 63 8 39 94 89 90 75 88 23 92 79 46 71 48 31 51 10 38 71 80 64 79 80 84 89 2 60 69 55 30 17 73 23 64 38 54 29 65 78 67 65 28 39 47 63 71 49 89 69 13 46 31 32 54 58 33 79 60 85 59 5 41 80 59 40 32 30 52 45 78 35 3 86 11 95 6 15 33 87 67 52 97 45 82 68 91 47 25 65 16 87 17 56 64 69 21 48 8 76 13 24 76 57 69 21 38 9 45 13 79 55 55 94 88 29 57 60 39 55 33 81 64 27 66 96 46 93 29 84 89 37 57 49 9 54 38 3 8 38 85 42 58 62 27 32 84 57 77 90 43 92 31 63 5 63 30 10 35 62 57 81 74 72 9 
89 13 63 4 14 9 45 56 71 22 40 83 70 84 94 3 3 26 97 33 52 82 80 6 4 5 30 64 43 59 88 77 70 41 61 41 2 73 26 84 77 19 38 79 65 84 32 43 72 25 35 46 46 54 69 21 82 46 55 61 33 45 27 37 11 70 27 94 93 22 22 65 36 88 4 69 69 52 96 26 14 93 66 57 79 3 22 94 77 78 25 84 21 42 92 97 35 38 11 29 64 43 33 11 73 69 87 17 59 76 90 65 53 70 42 30 31 17 41 41 14 42 87 97 81 40 88 70 70 83 65 6 88 24 60 36 16 99 42 86 10 45 12 75 16 94 12 27 73 86 27 73 18 73 95 64 90 28 13 69 43 45 39 88 44 53 5 54 87 18 16 40 96 48 64 67 29 3 27 12 84 97 80 5 16 12 98 46 24 91 67 9 76 59 83 41 6 19 66 76 
67 13 9 10 23 61 28 36 87 40 55 99 44 77 34 12 5 99 5 99 45 70 34 40 32 10 47 85 55 38 58 1 63 95 4 90 86 84 70 32 76 91 30 7 32 23 66 30 33 37 13 83 69 73 75 47 75 82 73 28 58 62 60 94 30 84 63 6 41 28 13 42 7 8 70 38 44 12 63 16 97 25 13 9 74 66 70 1 75 16 42 53 24 50 27 39 98 69 43 70 66 32 60 31 9 81 32 12 58 84 27 36 27 55 59 91 39 91 21 67 60 3 9 78 31 43 64 1 97 43 95 1 40 38 15 67 10 4 67 43 53 82 62 56 51 19 7 50 42 89 31 15 59 33 26 21 59 82 74 47 54 95 74 15 42 88 81 17 39 65 31 49 10 47 73 44 98 9 7 98 63 3 5 8 2 98 49 94 87 9 61 43 99 19 35 28 51 25 63 45 
91 34 46 29 99 22 23 76 55 79 8 55 31 30 30 58 48 99 95 57 38 71 46 64 93 46 17 79 28 92 87 56 29 10 44 51 19 78 32 85 6 20 14 95 44 53 24 92 89 47 26 20 52 80 69 8 59 97 45 26 5 62 41 47 10 19 1 99 77 41 74 21 48 96 83 19 59 97 68 25 96 57 51 50 54 50 86 43 89 63 23 47 80 57 56 52 78 19 85 56 69 19 70 16 27 66 86 9 68 69 83 85 13 86 39 28 37 86 17 5 29 1 20 26 48 83 52 3 79 67 69 2 90 16 39 1 87 85 93 46 68 76 89 8 84 92 61 37 94 96 78 22 21 66 5 43 3 48 47 30 58 21 22 20 35 42 99 9 72 12 73 14 51 26 5 24 55 33 85 59 24 88 93 29 11 17 47 81 39 59 62 67 57 36 11 91 97 2 73 72 
68 52 18 50 50 78 55 81 9 82 9 42 94 93 55 59 10 52 70 59 92 95 1 55 98 32 55 26 81 29 78 94 74 88 37 15 72 32 98 46 9 82 11 42 44 40 88 24 41 70 89 68 49 81 97 86 82 5 7 3 6 80 96 40 13 34 18 97 6 59 74 34 82 99 98 49 12 31 40 64 16 40 43 2 53 7 26 70 2 88 67 43 34 94 82 40 4 73 8 9 25 93 79 4 53 20 20 75 68 1 10 39 54 46 79 68 78 9 84 67 78 66 85 57 38 5 35 56 70 92 53 57 99 70 14 17 43 28 21 29 88 84 93 10 80 73 46 78 97 21 68 37 36 26 8 55 91 46 50 47 36 75 3 55 5 26 73 33 74 9 51 23 43 19 90 36 16 9 90 42 81 78 77 40 96 51 82 46 66 55 27 73 23 9 4 13 12 94 55 13 
68 62 32 30 32 94 60 25 5 73 49 52 75 18 83 60 4 6 26 12 29 84 19 89 74 75 92 2 52 76 71 91 75 74 78 40 57 49 44 74 20 75 13 72 5 36 46 71 71 23 30 71 11 46 83 43 45 40 63 34 40 67 68 75 7 28 49 86 11 62 12 82 75 61 24 79 90 69 26 3 20 92 28 91 2 5 26 5 62 52 1 28 16 62 28 79 74 46 83 19 55 10 50 48 82 56 22 23 96 93 12 56 61 41 59 25 66 36 33 75 38 37 42 34 43 35 38 7 93 56 21 89 55 67 49 74 56 86 43 55 86 84 91 32 10 94 60 21 68 15 94 57 87 21 27 4 85 63 85 56 75 83 97 48 74 12 95 61 10 78 26 25 23 19 55 30 78 77 72 30 69 18 98 49 23 28 93 87 6 22 61 29 34 54 52 47 74 18 78 9 
31 10 49 77 59 33 92 75 64 18 69 79 17 8 89 32 44 51 33 47 65 34 91 38 25 8 91 53 17 24 31 7 22 64 6 5 38 73 46 85 8 85 43 41 55 61 84 56 12 16 79 34 52 50 99 31 22 82 98 87 70 81 53 57 83 95 90 40 11 84 18 13 99 50 56 61 29 68 69 10 33 21 1 54 40 26 95 93 1 68 39 56 19 32 87 40 81 33 95 35 93 45 49 60 8 39 98 92 55 7 87 97 74 96 86 63 48 41 21 28 30 93 6 15 77 53 74 59 82 4 11 46 5 35 80 34 98 82 62 90 49 56 78 25 2 70 29 14 90 74 19 40 73 86 89 16 62 25 55 19 53 37 29 25 58 31 54 35 37 9 39 8 29 95 85 93 81 71 21 61 84 4 29 32 98 77 82 13 90 26 72 23 59 63 41 28 71 14 11 69 
33 84 56 68 98 40 77 31 37 74 60 64 25 65 25 86 40 11 68 70 13 94 22 98 87 38 5 18 76 56 84 2 14 16 31 1 18 90 71 99 42 18 48 75 32 54 77 55 83 31 98 66 98 15 38 98 41 57 61 58 90 57 29 23 4 12 54 2 66 78 61 85 51 25 37 11 75 89 90 9 52 39 6 64 55 18 5 76 64 13 96 6 33 2 37 38 34 17 84 40 25 95 56 10 97 39 84 38 37 67 71 66 78 78 48 36 62 98 30 50 90 48 69 31 84 85 18 68 38 76 78 85 76 39 62 89 12 7 46 28 98 81 28 48 92 93 82 49 3 52 19 41 51 8 35 3 28 4 77 32 46 34 92 9 3 2 86 46 27 70 80 50 44 26 67 73 28 29 65 74 59 72 79 68 78 37 52 91 45 49 23 49 92 35 83 78 84 77 35 98 
