200 60
55 17 71 76 21 92 47 70 77 23 96 27 33 80 42 68 5 35 22 65 26 63 90 48 51 50 29 13 63 1 49 22 80 42 2 18 62 30 79 24 12 58 27 55 88 62 43 20 11 27 90 27 62 89 2 97 98 50 82 62 53 75 21 74 46 7 92 14 84 63 67 92 76 53 14 64 30 73 8 23 63 22 39 20 13 99 13 61 34 22 62 18 11 16 52 30 64 38 82 16 53 70 98 77 85 33 96 4 19 87 27 80 76 46 5 94 40 71 12 41 69 91 8 30 99 98 31 88 49 61 9 75 31 25 63 78 51 24 14 26 21 82 87 92 61 25 27 2 9 79 87 38 19 84 56 49 81 99 46 53 14 3 11 43 80 5 47 96 87 52 3 81 98 33 78 58 34 84 43 91 80 98 28 53 96 28 45 28 20 93 85 22 72 87 26 68 65 83 41 33 
29 94 29 40 29 30 83 10 75 78 92 49 36 52 54 61 21 55 29 10 24 17 70 46 45 21 61 43 28 36 37 27 86 52 24 5 39 4 66 99 39 9 59 81 7 96 78 94 58 37 15 94 38 74 2 73 53 60 48 95 98 80 70 29 94 88 23 72 12 39 30 90 8 14 14 43 57 59 31 18 79 12 99 59 73 32 32 4 50 38 68 6 57 31 2 73 20 34 17 98 63 14 15 86 49 22 48 88 3 19 52 34 51 9 74 59 46 69 6 41 1 82 15 26 20 69 73 63 30 16 95 36 11 8 62 91 28 61 54 72 61 55 84 48 40 58 31 48 72 64 63 89 74 24 77 11 4 73 27 3 90 64 52 39 70 99 14 10 11 62 22 47 48 46 69 63 14 87 60 79 69 97 45 52 35 91 49 14 23 21 3 94 68 7 77 61 58 68 12 44 
74 25 97 86 68 80 74 49 80 21 9 41 72 62 72 90 41 86 52 21 77 93 6 1 19 60 19 1 13 94 59 56 64 93 37 16 99 98 57 3 18 52 77 67 49 53 63 46 10 15 46 18 59 19 79 58 57 75 92 96 19 73 48 74 68 42 1 96 4 5 49 94 40 36 95 74 80 18 2 81 58 93 43 50 4 30 65 64 96 65 44 9 20 73 38 33 20 14 43 98 60 93 56 44 79 18 21 34 47 51 94 18 19 69 97 89 93 20 70 38 68 75 32 7 98 88 36 52 48 54 24 92 52 59 85 71 67 42 11 14 33 48 50 74 24 86 68 4 9 85 2 98 6 49 13 61 36 16 50 50 87 8 99 45 61 97 44 96 36 53 21 83 19 3 74 70 6 88 12 63 33 19 65 67 39 33 43 39 16 47 85 48 69 20 26 29 70 1 40 38 
92 90 3 22 98 99 17 92 36 48 74 59 70 12 47 9 52 83 83 85 95 54 85 72 62 96 95 73 44 39 71 92 38 56 72 17 33 45 39 97 90 5 71 31 25 23 17 38 82 52 45 49 26 92 31 81 16 77 39 25 89 47 1 19 43 34 97 36 13 45 42 60 58 41 58 74 39 20 64 36 3 92 54 59 57 72 75 96 62 50 14 23 1 76 75 14 68 45 62 24 48 72 61 77 97 80 19 39 25 74 25 1 73 29 96 63 99 66 54 15 60 36 6 15 88 99 30 73 74 13 53 32 50 99 33 47 70 44 38 70 91 60 33 30 54 83 56 10 63 46 2 35 72 57 99 48 61 90 1 95 20 59 54 5 28 1 90 66 36 55 3 17 49 50 25 21 6 79 20 46 58 84 54 53 57 38 80 70 32 22 23 79 67 9 52 90 92 46 71 33 
34 26 83 57 47 23 5 20 21 27 42 33 2 65 29 29 62 48 74 23 98 77 64 28 39 50 73 55 55 69 67 23 59 45 11 61 17 4 71 20 54 95 31 74 57 95 86 29 85 17 58 28 73 10 97 58 39 75 91 57 90 65 69 20 30 90 9 1 60 29 41 26 95 31 60 96 61 23 27 93 4 18 76 85 97 19 22 37 48 25 63 10 1 40 93 74 47 76 4 13 29 62 88 26 46 48 55 40 65 12 29 12 20 67 55 37 22 67 13 54 66 13 15 52 36 58 16 77 11 16 22 37 71 66 90 8 7 59 43 41 20 25 65 71 33 76 20 18 96 18 45 97 94 51 69 23 47 81 12 16 23 23 88 11 41 5 23 59 78 78 48 39 75 25 14 60 44 58 95 68 73 34 96 54 34 54 56 59 85 74 57 78 84 10 30 72 87 40 61 69 
34 79 58 69 69 9 31 73 42 62 17 20 4 97 36 36 7 93 80 87 36 83 39 8 43 86 30 31 72 37 35 25 98 15 26 19 52 81 3 37 54 7 15 27 46 3 4 96 23 51 24 39 60 41 82 67 50 93 64 45 31 97 66 18 17 37 28 45 30 28 64 28 33 43 92 46 60 48 68 82 45 30 16 62 56 30 56 75 28 75 41 16 88 6 84 8 93 13 92 39 58 63 94 89 84 36 76 67 98 49 11 36 77 94 84 48 79 67 39 74 79 96 89 36 98 79 68 36 33 8 48 90 89 6 73 61 12 53 97 83 18 23 8 98 24 12 59 89 82 68 9 5 9 25 39 95 14 33 97 43 38 89 24 93 77 69 79 85 19 59 82 84 69 86 39 12 88 49 69 76 20 50 45 9 19 27 18 86 90 84 51 71 14 23 49 38 77 72 91 4 
58 8 76 97 29 18 66 21 36 98 4 12 41 71 59 88 12 65 41 58 86 81 52 77 23 41 46 1 60 50 85 45 71 49 93 41 20 72 16 88 20 2 70 19 87 28 12 43 99 99 78 14 50 87 56 81 4 34 32 46 56 13 49 18 88 83 62 72 22 51 99 6 76 17 12 90 25 41 34 35 52 92 39 36 9 10 93 37 66 55 15 84 78 72 30 82 31 42 27 50 5 36 13 78 25 76 72 85 23 93 23 72 89 74 67 82 32 28 56 53 31 37 39 74 94 13 24 45 18 56 30 30 37 9 49 14 85 13 96 58 51 66 70 62 31 78 8 10 90 26 40 35 17 11 49 71 75 15 25 13 68 58 19 69 88 52 5 19 76 58 29 68 77 43 73 11 95 37 6 75 53 84 40 89 43 9 90 33 90 61 27 93 3 80 37 25 29 47 72 1 
16 67 71 26 26 89 83 76 77 49 95 64 7 6 47 93 3 79 68 20 85 31 65 29 90 42 97 18 45 97 59 79 57 65 61 80 88 80 16 41 41 23 12 22 38 1 97 1 3 32 66 54 39 26 32 42 18 59 16 85 54 66 22 47 88 13 21 16 69 80 35 87 33 47 14 44 87 70 16 36 90 64 93 63 34 84 72 56 22 8 32 60 54 15 88 10 8 68 72 19 15 99 15 53 48 84 25 18 1 25 74 36 65 35 73 31 18 17 59 6 99 47 70 28 93 52 32 6 13 93 37 72 74 49 27 70 86 91 69 26 27 73 46 35 24 5 29 43 39 35 64 26 47 39 51 73 19 89 25 67 99 48 39 64 94 38 43 76 44 32 68 55 14 27 4 68 64 33 82 84 45 48 61 52 64 42 98 82 78 37 41 31 68 91 1 77 23 77 38 6 
11 17 79 13 44 79 56 45 79 47 59 79 96 45 32 15 32 93 79 94 82 14 71 18 18 35 49 47 78 99 33 9 89 73 26 5 62 46 25 16 3 41 21 10 14 22 9 47 10 94 94 83 14 21 97 84 69 18 61 22 45 66 56 88 39 19 86 98 90 6 99 95 79 37 86 61 38 15 95 19 52 35 30 39 73 95 62 47 20 2 35 32 86 75 71 47 47 54 75 20 66 9 44 60 1 36 71 60 7 76 54 7 48 16 99 84 99 88 28 82 58 89 84 1 42 77 41 58 3 80 4 95 29 5 22 84 53 38 87 32 58 57 50 86 84 37 16 46 32 50 58 65 71 80 21 56 50 24 28 99 92 97 86 51 15 45 95 45 25 43 49 2 32 8 45 33 50 99 93 51 8 32 17 72 49 76 59 22 48 65 97 46 7 7 37 12 64 81 29 18 
76 9 92 42 76 20 22 3 90 99 59 6 92 70 54 86 40 32 53 20 2 94 32 55 91 7 25 47 98 85 58 87 18 54 79 34 84 66 92 46 1 40 82 12 69 91 54 78 28 62 56 89 72 52 18 12 96 51 78 65 19 70 19 57 13 70 89 15 41 98 47 10 86 16 83 98 81 27 54 47 40 16 14 62 88 74 46 27 99 33 92 30 20 94 87 93 2 62 87 12 39 73 3 72 90 30 27 98 19 29 71 71 17 96 93 65 41 15 32 80 40 56 32 70 91 14 81 75 28 33 41 54 68 43 74 12 54 86 79 38 74 53 21 30 2 9 62 29 21 27 93 51 61 23 64 17 27 80 17 81 31 86 16 71 22 61 78 9 17 89 8 47 38 52 21 3 34 55 85 82 20 65 45 18 3 38 55 96 17 49 11 90 53 27 79 91 89 83 33 40 
55 35 11 61 42 75 9 57 40 69 69 29 5 42 71 97 1 4 79 99 57 7 3 43 26 98 48 57 34 83 78 57 45 74 69 95 10 52 62 18 27 20 27 23 95 59 9 16 77 85 94 64 44 10 60 57 43 87 34 57 46 78 48 60 10 4 97 51 31 99 93 59 2 77 24 14 67 75 7 2 81 17 44 24 63 68 85 49 52 92 76 74 66 8 19 77 56 41 27 74 62 86 83 76 72 61 93 45 76 60 46 50 22 16 62 22 71 50 60 15 61 34 7 56 53 41 72 5 91 7 90 10 61 81 14 64 46 89 68 61 79 84 9 54 4 4 79 5 27 26 67 48 77 31 57 44 62 48 90 35 22 20 20 1 85 55 67 16 31 84 78 8 34 17 77 9 35 97 29 15 84 65 88 43 7 3 60 84 52 97 55 63 55 2 47 91 91 76 26 27 
71 38 53 85 44 34 73 85 98 97 31 65 29 91 82 28 72 7 17 44 91 38 39 32 54 71 52 39 17 63 35 24 4 21 26 38 86 82 4 5 71 2 70 1 74 26 27 42 6 81 63 57 52 49 31 75 52 49 29 6 85 23 85 16 48 13 36 17 36 43 8 42 27 2 99 31 61 23 60 6 20 65 77 58 12 96 50 26 51 72 75 78 37 19 29 94 40 13 44 45 78 64 95 73 3 97 78 77 74 30 92 92 49 56 20 68 58 29 8 55 86 39 53 80 58 98 76 33 15 19 10 44 98 94 76 68 32 84 68 64 99 93 32 74 29 50 49 12 74 92 14 35 93 47 20 32 33 9 37 3 8 27 93 38 82 79 60 2 50 62 28 13 21 62 90 26 94 46 27 12 46 36 78 39 8 92 38 58 48 98 21 77 54 35 55 48 14 68 58 45 
60 12 55 34 84 47 97 34 85 36 70 78 4 89 71 33 98 48 70 92 51 91 14 95 73 43 30 29 13 77 37 28 60 22 49 92 53 70 81 86 86 84 57 43 13 98 12 77 55 33 6 87 9 89 21 62 47 70 76 87 33 72 28 51 19 3 76 53 56 78 76 8 3 37 39 50 25 40 39 45 9 81 24 91 62 91 15 29 24 46 19 45 67 68 29 78 11 42 36 29 18 9 32 60 9 82 16 12 64 51 3 96 33 82 26 16 37 35 45 59 78 58 57 15 43 4 91 71 12 27 30 31 63 99 99 9 80 9 90 42 57 69 53 97 6 25 12 75 60 58 63 17 86 95 91 10 85 15 68 95 98 48 58 75 20 89 31 16 94 5 62 55 30 33 42 10 2 95 82 82 57 99 20 63 25 47 25 43 20 42 8 13 47 91 22 73 13 17 75 44 
31 38 48 63 44 27 25 29 10 80 82 96 82 26 17 5 8 49 76 69 46 25 92 5 8 44 12 65 83 53 27 66 73 74 7 25 24 47 29 83 52 53 10 47 82 52 38 10 74 6 4 88 56 19 29 55 53 62 2 63 23 9 7 87 83 62 53 44 46 89 12 33 45 51 39 60 69 36 15 75 97 85 70 99 22 32 21 57 86 26 95 8 14 68 68 76 39 43 92 87 39 45 27 92 64 15 72 2 72 68 99 19 55 28 81 68 74 53 24 28 87 75 96 63 85 23 66 52 19 58 27 23 32 6 30 79 91 85 16 38 20 42 48 55 28 75 41 60 40 76 89 84 35 52 9 96 66 63 54 30 3 49 61 14 54 63 73 10 4 5 73 36 41 47 14 3 92 69 51 43 50 91 74 43 7 98 36 75 85 80 85 25 68 56 98 29 33 9 12 99 
74 3 8 50 69 21 88 51 87 65 54 45 71 64 94 70 97 30 60 25 29 12 18 27 75 58 6 67 45 69 93 68 6 53 35 39 37 82 26 32 88 52 58 96 36 35 79 41 37 36 47 84 87 51 85 12 78 22 40 36 51 92 36 48 53 67 36 76 98 62 91 41 18 68 3 16 19 1 73 74 41 60 67 56 13 87 66 18 7 18 24 88 96 41 23 31 12 54 30 91 98 19 56 63 69 21 7 35 63 20 44 52 4 11 40 74 49 78 31 26 54 53 78 57 26 70 22 99 76 19 36 20 81 9 87 78 37 17 90 85 15 48 63 57 19 93 84 69 40 80 48 19 16 36 22 73 84 37 4 35 41 70 73 90 91 88 57 69 16 62 73 1 17 44 99 70 80 16 20 74 31 51 86 77 86 72 74 70 17 99 37 21 99 16 62 37 74 15 33 18 
65 65 94 81 82 99 55 99 72 43 80 51 43 47 59 88 60 80 83 69 34 14 24 45 94 98 19 36 81 46 49 19 15 14 24 99 84 82 57 5 27 39 55 52 11 57 90 42 12 81 89 31 99 3 11 17 16 44 26 20 59 42 3 60 60 26 82 45 69 98 67 46 34 19 95 82 79 86 28 97 95 14 25 49 10 18 30 81 76 92 50 11 50 98 37 8 75 37 68 76 61 33 32 35 64 20 1 1 73 17 21 66 84 13 86 83 88 44 28 47 47 79 86 71 77 1 99 73 32 82 80 54 81 72 99 81 93 76 68 68 14 36 16 55 52 13 72 94 57 66 53 26 2 39 34 60 62 33 38 65 4 96 15 38 54 1 19 94 91 23 95 44 25 28 61 77 70 50 80 42 38 71 52 26 12 6 90 39 29 80 2 94 61 15 69 89 1 3 36 84 
63 11 45 5 33 3 7 54 92 25 25 34 18 6 39 18 91 65 99 24 5 23 65 23 62 3 15 44 94 38 53 80 56 83 16 93 40 13 76 24 76 32 51 95 45 82 8 18 77 48 69 1 65 61 22 51 66 10 20 86 10 40 94 38 2 69 56 58 34 85 5 23 91 58 32 44 51 41 32 72 97 82 3 3 22 27 56 83 33 25 24 18 60 38 61 76 62 46 55 98 31 49 30 1 99 81 55 82 50 10 50 32 15 44 87 32 86 44 7 70 25 24 14 38 60 58 90 44 2 87 98 17 42 28 90 10 66 76 10 11 54 12 99 46 92 10 13 89 73 41 12 63 6 83 78 49 23 25 21 93 83 70 77 13 81 48 25 99 52 19 82 29 78 74 21 67 93 54 67 74 93 41 10 13 39 78 7 51 61 64 92 74 70 70 79 87 62 36 71 21 
83 44 5 41 9 87 24 42 19 44 15 19 30 7 59 40 75 30 72 3 34 58 33 61 65 64 13 61 38 73 10 67 61 98 78 95 18 68 60 48 92 62 18 39 6 40 63 30 45 72 90 58 93 71 6 71 64 24 60 53 29 24 80 61 52 98 1 55 20 45 91 25 70 59 94 28 29 65 48 18 36 50 28 71 79 94 68 29 26 2 1 16 51 30 78 80 73 24 15 23 82 48 10 27 70 13 83 89 66 10 6 56 66 43 28 45 59 58 15 87 67 75 75 52 71 20 93 76 41 53 60 4 70 5 7 7 8 2 29 27 84 4 27 98 49 29 31 83 98 90 34 3 5 25 26 66 54 25 18 5 70 65 80 1 51 45 72 20 99 7 70 45 49 75 3 1 4 86 77 90 63 21 19 28 54 29 93 63 66 71 42 18 78 39 15 18 91 96 98 20 
3 18 70 19 18 16 45 55 80 15 52 22 6 35 90 72 90 5 20 98 68 17 11 81 64 81 8 51 54 87 81 41 19 52 87 46 2 84 21 76 64 37 73 15 40 62 86 74 96 71 14 52 85 87 72 86 4 5 99 16 44 41 13 30 59 99 60 30 11 19 82 84 30 34 63 82 70 29 92 92 67 98 17 22 94 96 96 64 16 98 65 65 46 57 83 71 7 54 94 91 77 62 83 49 59 98 30 43 28 79 67 99 85 79 35 29 26 86 40 84 83 58 11 19 92 78 50 35 41 11 98 49 33 61 84 42 36 27 80 19 45 58 66 62 33 11 75 91 14 4 61 17 88 78 43 95 14 50 71 89 47 64 79 22 10 58 40 30 41 13 22 27 53 9 47 51 92 84 47 30 87 92 15 29 14 54 69 15 43 16 3 6 5 9 42 30 40 99 8 84 
56 40 3 97 9 36 59 22 44 38 95 78 5 40 22 81 36 73 40 23 69 85 29 52 97 23 19 58 64 11 82 47 37 35 8 29 94 24 83 96 7 27 78 4 14 1 26 51 8 86 98 67 18 90 97 84 85 71 29 27 49 12 85 87 27 10 28 11 95 52 68 72 70 2 49 65 90 71 23 73 95 15 39 59 11 98 20 42 28 89 42 81 81 33 24 53 38 35 97 39 71 45 98 99 45 33 40 61 94 74 99 95 8 31 97 97 10 31 78 74 36 51 94 19 22 97 84 92 80 85 53 12 82 24 58 24 40 93 87 89 85 31 39 64 56 8 8 80 72 12 61 29 20 30 22 37 30 28 51 53 63 32 29 28 88 12 34 94 65 57 27 47 25 65 29 28 51 18 7 5 61 62 51 52 89 96 57 33 65 46 10 82 96 48 59 85 50 31 10 58 
44 67 18 84 49 46 97 88 27 94 87 4 11 32 3 1 50 59 27 33 14 60 16 43 95 9 5 66 24 77 16 36 67 41 63 93 38 84 60 95 1 7 24 12 76 32 83 42 53 8 85 16 87 22 97 98 12 97 20 3 44 9 87 88 88 80 78 72 47 97 18 35 22 13 87 25 25 47 29 65 79 3 51 62 31 65 37 8 51 11 49 87 45 12 36 90 56 47 38 8 75 99 95 46 42 74 52 29 55 92 63 7 77 7 99 59 44 5 60 7 63 12 68 9 29 3 87 80 24 5 20 89 24 5 21 67 10 55 94 14 68 80 13 5 1 83 9 96 29 52 92 34 1 63 53 55 97 91 66 96 40 16 99 6 94 24 17 37 77 19 91 67 66 25 3 98 98 96 52 62 84 22 60 30 12 29 79 13 50 93 99 77 56 46 51 43 86 72 12 92 
32 19 23 37 2 73 20 94 53 3 24 89 57 41 64 57 58 14 5 44 99 66 78 30 59 99 16 68 79 99 78 10 99 67 89 39 83 52 64 2 56 80 43 40 29 89 20 20 38 59 74 64 67 39 8 84 86 83 66 11 81 81 77 25 79 89 81 87 87 59 60 76 22 73 69 11 36 71 70 85 55 86 59 3 8 73 3 3 54 40 63 94 19 79 37 88 24 2 78 26 17 63 36 12 4 98 82 43 81 53 45 46 66 13 37 1 27 37 91 76 16 87 86 61 98 61 85 93 88 21 58 94 75 28 21 97 57 71 61 79 70 99 73 93 24 54 88 99 27 95 3 97 24 41 15 51 23 90 51 31 27 63 99 35 68 22 42 26 35 10 83 59 6 79 84 19 81 26 90 42 12 15 66 56 34 17 27 8 95 37 63 91 92 44 82 88 97 10 30 87 
8 74 1 51 37 30 40 53 87 56 23 82 27 55 46 10 74 80 91 40 61 99 79 66 84 48 22 29 64 85 85 71 99 51 42 94 25 23 28 15 65 69 95 21 94 12 78 26 91 72 39 30 91 40 29 70 51 19 44 83 96 87 80 55 83 55 94 83 53 19 51 27 89 18 89 68 71 91 72 68 35 33 44 19 24 50 88 3 50 15 83 51 47 28 58 94 29 67 50 24 43 50 57 44 29 83 98 33 76 27 70 93 74 44 99 13 75 60 1 21 49 20 35 39 36 41 63 45 5 71 4 24 13 47 88 26 55 47 18 21 28 49 19 58 79 86 1 21 68 4 12 80 19 15 94 54 81 56 41 65 81 48 51 91 81 44 90 28 37 92 40 40 47 91 60 22 20 43 42 48 20 12 65 38 29 81 54 4 4 8 34 10 28 80 86 32 70 72 7 7 
81 76 51 57 88 17 45 12 93 7 97 64 67 10 91 81 52 65 22 98 40 73 74 1 57 73 9 2 42 29 40 31 29 2 17 9 28 41 6 32 8 62 71 51 74 23 58 56 54 13 71 54 76 29 56 53 51 59 82 40 52 62 25 67 98 50 44 27 37 69 64 38 19 80 63 25 87 42 43 99 54 90 19 43 81 19 97 84 66 64 59 83 18 82 39 16 39 34 5 45 13 61 45 15 75 74 44 22 5 28 66 99 98 7 36 1 53 3 22 79 51 98 12 67 37 49 3 61 98 61 72 1 54 76 68 49 25 51 86 75 25 40 51 38 35 72 96 62 88 40 51 23 52 72 14 26 6 22 39 90 24 43 19 28 57 75 59 24 15 24 64 23 44 38 21 3 11 97 72 63 85 90 8 1 18 95 36 95 24 60 72 87 63 89 18 61 22 19 38 26 
33 3 55 43 27 95 67 23 83 15 28 21 57 94 4 38 49 57 11 19 21 21 28 58 92 6 97 2 56 39 35 61 76 64 33 11 3 42 71 2 67 62 16 63 1 47 34 11 32 57 94 53 94 98 74 95 38 30 67 51 28 67 90 41 57 90 88 5 47 51 38 6 59 76 59 38 98 75 19 29 19 48 36 50 32 88 89 23 11 94 24 20 97 70 57 77 11 34 82 99 48 24 80 61 97 6 21 20 38 78 70 17 49 80 98 86 20 92 87 63 49 52 31 84 53 50 47 98 77 43 80 71 95 59 13 94 20 3 63 85 7 59 2 1 62 5 47 39 48 12 81 45 90 51 51 21 83 7 73 28 94 71 44 96 76 60 47 30 65 18 51 11 93 17 26 8 93 72 43 81 4 45 84 91 74 44 47 4 75 41 49 92 2 67 38 51 78 27 96 94 
60 15 6 72 18 67 24 14 92 64 17 89 27 76 35 65 13 18 94 14 22 81 9 54 43 68 20 78 6 19 31 83 17 45 34 3 89 60 45 37 73 10 34 85 90 6 54 80 61 55 76 12 37 91 17 64 34 9 73 46 61 86 51 20 55 29 97 37 7 90 32 64 96 9 77 19 23 37 92 95 36 73 1 4 67 93 23 92 61 80 11 88 6 58 73 21 65 21 12 56 11 63 49 27 51 17 63 67 64 74 16 39 29 27 83 68 55 89 93 70 17 38 49 87 80 37 64 16 39 73 93 37 44 83 64 52 31 87 8 10 58 22 89 41 32 67 42 84 43 83 94 25 92 35 4 20 27 29 88 32 69 41 58 59 46 52 43 69 26 74 27 27 44 82 82 29 36 51 92 32 71 79 92 86 79 25 92 65 87 35 15 98 45 78 23 2 60 76 51 7 
45 91 25 42 66 54 27 8 10 22 64 20 64 50 21 57 72 24 12 53 84 17 37 55 17 39 40 79 6 1 66 68 64 67 14 48 43 14 93 80 77 79 84 24 52 29 89 87 54 6 92 87 29 85 15 2 35 41 68 30 5 86 19 46 97 45 32 59 55 97 41 61 60 43 91 95 90 51 9 99 77 22 44 74 61 40 39 29 46 33 75 45 58 25 38 29 1 93 62 70 11 27 1 95 14 81 69 28 85 35 11 39 99 43 48 9 90 98 42 81 8 85 44 19 72 34 56 60 31 80 86 76 15 21 5 28 96 65 97 17 44 1 28 49 76 39 87 85 23 81 55 4 76 67 54 46 53 35 6 84 44 77 86 72 76 97 85 2 65 63 60 56 74 67 92 74 66 79 43 99 65 8 12 39 10 48 89 21 9 47 18 47 98 54 44 53 2 77 75 61 
75 63 23 3 25 31 13 34 74 52 14 95 84 50 10 60 80 92 36 85 29 73 62 97 21 94 73 69 56 46 49 4 19 88 51 14 63 33 96 4 91 24 44 53 40 19 74 94 52 70 69 96 71 9 97 43 10 20 91 19 39 29 29 85 66 82 17 67 19 26 73 30 22 88 3 61 83 64 83 54 71 90 46 86 98 33 55 6 3 61 91 3 27 37 32 3 2 90 31 38 27 5 2 35 49 93 98 90 50 84 96 60 21 1 74 30 46 42 95 8 85 66 85 95 56 68 21 78 12 63 3 97 22 69 43 40 59 85 43 15 76 75 75 35 86 47 66 98 48 36 77 72 44 82 82 69 62 20 54 34 80 46 43 19 40 17 56 70 37 14 45 7 95 37 78 3 53 79 32 65 41 11 62 23 62 59 92 97 80 89 93 92 92 88 61 74 16 43 3 46 
55 42 65 53 71 92 77 13 60 7 46 5 98 94 5 37 77 90 51 45 3 59 54 1 5 3 56 16 44 69 85 47 18 55 58 8 62 13 87 68 66 59 86 66 71 77 76 10 79 29 92 85 62 53 91 66 61 79 56 15 2 30 3 87 92 28 85 50 35 2 4 73 30 93 11 44 82 63 16 72 9 96 92 96 41 10 85 88 38 57 17 62 85 38 89 76 6 99 96 45 65 48 26 41 75 49 69 2 7 40 24 39 88 32 3 41 16 17 37 80 59 75 87 22 70 81 45 25 83 9 43 55 28 39 56 84 30 64 14 4 21 96 3 23 45 73 73 82 61 63 46 55 52 71 19 56 32 48 71 47 51 92 75 43 99 63 93 18 18 76 94 12 1 21 52 37 5 60 55 83 53 37 13 26 42 83 61 29 48 27 69 57 34 90 45 73 55 9 41 54 
27 37 85 66 22 56 3 54 67 94 10 25 9 73 75 43 44 38 86 19 60 91 85 31 59 25 95 64 95 48 55 37 99 23 48 36 16 89 38 42 32 5 91 66 8 66 20 80 9 52 3 46 37 42 22 47 62 55 93 23 55 82 96 93 12 13 7 1 94 66 28 30 55 28 20 45 72 76 34 23 76 16 41 77 86 6 66 97 39 96 15 75 20 54 8 38 92 97 14 77 36 29 76 84 68 58 48 77 82 45 20 35 77 21 56 28 89 26 21 48 19 38 13 40 69 4 94 36 71 70 25 81 19 17 88 71 97 85 30 78 16 12 82 84 41 58 2 15 23 43 91 63 31 73 43 32 82 73 60 53 76 21 92 30 23 73 67 58 72 1 21 65 53 20 26 38 94 20 30 53 66 99 80 12 3 92 57 67 38 5 8 58 37 41 71 38 26 39 18 10 
14 14 60 76 90 58 89 76 7 1 19 15 40 28 95 58 46 53 71 82 11 73 57 20 10 26 80 25 61 44 42 26 86 13 70 79 63 27 81 30 82 45 31 67 5 49 72 77 17 96 15 3 85 79 76 98 20 78 41 88 21 22 17 18 41 40 90 14 39 21 82 43 39 69 8 61 83 61 26 75 89 96 4 97 10 64 64 3 82 88 51 82 91 93 78 4 20 52 89 63 11 48 13 45 20 31 19 76 69 69 75 83 12 11 6 47 78 36 41 62 42 15 80 90 67 65 45 18 70 7 37 10 75 16 90 70 68 86 33 97 58 82 40 35 26 95 91 35 86 1 25 11 42 14 97 94 42 45 38 89 35 60 3 34 25 30 36 50 32 92 21 5 44 6 40 61 77 8 30 42 27 66 37 79 29 41 73 75 13 40 75 53 58 69 57 19 55 97 68 17 
44 94 2 9 26 28 13 27 50 87 6 15 97 17 52 75 31 96 48 38 70 26 88 43 80 7 50 21 48 17 74 71 64 1 48 49 6 43 84 42 17 55 4 54 89 54 15 86 46 44 95 16 17 95 77 79 26 33 24 55 71 8 10 41 4 86 8 40 12 27 66 38 96 62 89 85 63 82 23 80 91 14 30 49 25 2 75 26 46 90 9 36 63 7 40 75 87 37 28 93 16 14 55 75 13 92 11 19 91 35 75 19 92 91 97 50 68 78 79 43 63 64 52 73 95 47 64 32 36 37 56 19 91 39 48 14 87 31 14 63 46 48 69 60 69 61 48 27 20 62 86 92 1 40 3 77 41 65 78 73 72 73 41 26 12 39 44 13 43 63 48 29 1 55 3 65 46 9 29 90 51 86 95 32 80 2 7 58 73 96 80 58 20 29 29 24 48 47 40 33 
56 37 76 95 12 15 29 52 29 12 98 71 63 19 51 88 64 13 51 73 88 62 69 45 98 36 89 72 75 5 16 81 20 52 73 64 63 78 23 82 69 10 60 73 43 97 26 59 38 33 11 49 57 48 61 50 68 24 87 68 99 95 68 21 56 60 55 35 16 80 84 61 47 94 78 77 3 21 53 91 39 60 25 52 10 10 16 54 81 63 62 43 36 19 17 22 75 87 60 58 33 95 3 90 74 93 92 34 6 62 21 86 80 19 31 34 7 22 20 59 51 77 50 45 45 49 51 85 92 59 28 85 77 98 66 71 64 31 40 95 13 1 19 45 76 36 68 44 14 60 63 64 90 94 91 28 91 63 58 14 21 3 94 67 12 67 62 3 32 34 60 11 89 9 33 67 40 37 74 35 92 3 34 72 14 39 25 40 39 36 28 6 73 42 99 54 1 75 78 85 
16 28 47 64 51 24 85 96 83 4 4 46 12 71 99 80 21 63 74 61 9 73 61 76 25 91 53 73 92 32 42 88 50 61 41 79 72 34 23 55 10 23 46 10 15 49 89 48 74 14 83 26 44 30 38 71 72 52 78 24 42 10 71 60 90 38 62 32 49 8 1 86 71 56 75 11 64 23 44 51 19 73 65 54 42 39 28 89 89 40 86 88 96 23 86 70 4 87 2 74 98 23 62 93 36 32 84 4 77 70 5 93 18 71 11 1 21 80 71 36 42 85 68 23 72 49 28 22 57 39 52 63 35 59 48 80 68 79 63 42 70 70 13 79 41 34 12 19 95 31 10 15 96 17 17 80 86 69 38 18 16 22 3 50 77 94 99 51 36 27 4 81 59 4 9 13 52 92 60 63 83 72 85 29 19 63 23 15 55 60 56 63 46 63 46 89 40 10 59 10 
37 49 17 15 76 16 97 84 68 53 42 66 41 42 32 95 45 15 54 90 14 11 51 2 16 32 82 71 13 3 75 91 17 19 89 56 44 12 65 21 74 99 83 56 4 47 20 7 5 17 5 45 77 31 77 32 11 24 39 64 37 1 15 42 87 90 7 17 48 6 50 49 17 98 69 69 60 12 37 27 69 44 27 54 16 97 72 15 8 40 20 66 46 56 87 14 80 10 24 65 68 93 57 91 27 92 58 76 91 32 92 78 73 41 78 85 14 6 44 69 39 24 80 45 21 63 2 24 28 20 98 72 87 69 94 65 37 27 6 45 80 1 91 78 48 52 16 10 51 48 99 17 36 20 79 72 44 17 63 94 63 67 87 6 89 28 70 90 79 46 70 47 9 13 43 48 26 22 95 95 12 21 45 75 32 73 72 16 97 12 80 43 16 94 48 37 53 63 88 87 
46 23 8 92 70 75 15 50 16 68 18 87 85 98 44 27 99 16 32 90 83 6 15 73 48 70 97 30 67 11 44 52 62 7 54 53 81 97 46 47 83 68 39 30 18 23 31 62 4 72 83 49 14 12 2 23 55 3 15 20 51 58 58 71 20 17 56 72 57 30 97 73 21 39 24 55 6 62 8 15 30 67 32 40 14 62 75 99 62 68 89 17 45 7 82 55 79 77 98 96 9 42 4 27 87 4 59 11 59 87 11 80 39 25 65 11 94 30 72 4 29 87 7 67 60 28 49 3 2 11 67 74 46 9 98 5 44 84 29 44 87 73 75 58 89 65 66 8 65 88 26 30 16 84 51 20 6 94 94 10 46 40 48 53 78 3 20 5 50 4 20 2 2 90 36 45 43 14 22 79 37 10 72 78 81 81 8 21 90 80 54 75 73 87 25 80 17 94 1 26 
86 5 2 13 82 4 8 8 2 83 8 25 68 64 5 85 14 42 62 84 86 89 11 98 53 64 55 94 7 15 80 28 73 85 56 59 21 26 45 53 58 93 10 86 50 61 15 55 16 26 38 81 41 10 72 18 81 72 38 54 67 12 80 26 16 75 84 16 29 61 76 66 8 28 30 79 53 99 74 27 72 74 1 57 91 25 66 97 52 11 2 65 25 82 19 69 13 86 14 21 59 72 76 36 50 99 94 42 27 43 60 89 85 1 76 50 88 97 66 28 66 93 72 65 29 89 70 48 66 32 68 12 60 23 21 49 86 21 28 14 23 54 46 31 55 19 91 98 82 91 49 96 25 33 76 93 30 95 11 49 77 26 75 28 85 75 86 94 19 7 58 32 92 95 10 39 82 41 71 41 25 70 90 91 29 43 38 86 80 64 16 62 46 80 59 6 83 94 47 61 
36 93 97 81 95 35 60 66 61 54 71 46 56 91 96 2 44 48 6 87 61 16 7 64 43 9 74 31 59 93 80 58 46 24 29 13 33 68 86 97 77 42 9 75 94 40 79 5 91 66 33 70 92 68 94 10 77 61 5 54 7 69 53 49 56 47 9 94 48 18 55 68 81 1 15 65 63 46 86 21 41 60 73 48 31 44 14 66 53 19 18 33 60 59 89 74 70 28 66 18 96 98 45 21 79 97 17 7 17 26 97 90 96 95 54 14 29 60 45 75 73 46 42 60 75 82 69 74 93 34 29 73 32 30 35 95 73 97 46 91 7 95 90 55 62 38 6 58 40 34 65 76 42 12 7 26 5 54 71 89 29 31 27 54 9 25 5 35 68 69 29 11 89 72 45 57 42 56 57 72 19 80 54 13 64 79 41 22 4 90 73 63 79 85 88 50 79 3 33 78 
53 97 8 5 77 96 15 77 8 20 86 69 74 5 9 58 5 86 89 1 80 55 23 87 91 16 38 97 98 38 60 58 81 19 66 97 99 32 37 4 49 92 21 78 16 5 83 94 35 24 67 54 45 12 44 41 44 90 78 79 48 1 77 91 44 57 48 50 49 6 56 36 67 78 79 97 40 50 66 2 10 96 90 93 72 48 9 54 33 46 15 50 64 1 98 99 60 46 98 18 96 98 64 82 81 10 4 83 16 24 49 85 48 36 5 78 32 44 10 34 78 13 89 67 18 19 17 87 51 18 63 57 11 94 56 48 13 20 41 94 14 8 27 55 70 72 54 63 92 84 42 87 99 23 49 86 77 38 29 64 35 4 84 28 61 73 28 42 78 39 34 87 3 83 95 16 95 40 84 7 25 49 2 23 16 10 38 66 13 41 28 36 32 36 9 84 18 19 73 69 
85 5 35 68 55 71 30 55 82 62 86 55 55 25 14 77 51 1 51 17 14 11 47 40 43 33 42 59 67 87 51 21 32 16 42 82 74 62 21 93 10 54 8 81 12 84 21 27 90 94 61 49 78 52 86 84 8 33 98 70 93 6 22 25 15 8 85 28 95 32 3 3 86 4 56 98 44 63 74 68 17 49 18 55 19 77 54 67 21 22 45 64 20 97 26 38 33 40 85 90 67 90 48 18 10 71 56 91 2 70 47 38 27 25 43 21 84 96 21 23 79 58 4 27 95 73 36 96 84 73 66 55 38 48 30 74 78 17 29 45 33 17 13 69 18 81 59 31 22 21 60 87 81 4 96 44 68 43 24 34 65 68 50 8 54 15 21 7 88 2 97 45 83 13 42 97 88 78 90 72 78 58 45 96 25 18 48 98 83 17 62 87 75 83 59 33 63 1 93 50 
29 5 91 16 54 40 31 13 26 35 69 4 75 37 95 5 81 78 50 67 68 80 24 82 20 59 66 92 81 35 95 95 67 32 99 47 67 91 45 73 51 74 83 72 77 68 57 22 99 92 5 85 68 7 67 21 43 17 97 82 94 79 63 30 14 9 53 35 14 82 84 83 44 50 10 89 86 38 22 93 70 55 60 72 72 98 18 47 28 61 47 84 33 38 65 9 55 33 64 3 34 62 12 19 92 62 60 82 40 98 53 96 80 67 31 53 18 5 38 35 62 91 27 24 36 62 66 6 81 8 48 77 64 82 90 55 84 12 48 75 76 99 14 7 19 30 30 54 43 76 91 62 34 11 51 27 40 3 29 97 79 33 17 85 45 93 84 67 9 99 86 94 34 91 68 99 74 42 71 99 86 65 41 4 32 18 32 20 85 10 16 61 39 9 83 51 12 47 56 31 
61 40 66 70 55 50 17 33 80 36 34 42 77 46 1 24 3 41 33 84 66 30 15 41 59 97 27 54 85 36 79 57 91 78 41 89 3 28 72 27 49 90 56 12 96 6 30 87 85 75 13 26 52 99 43 61 66 5 7 19 60 74 65 50 62 83 93 60 24 27 5 42 54 51 85 4 50 87 27 5 29 78 53 84 56 17 57 91 81 69 26 20 65 12 78 37 15 60 89 13 10 1 29 57 39 22 87 47 29 44 9 55 74 55 22 88 70 36 72 13 46 95 52 87 90 3 33 95 88 13 96 76 51 4 63 53 45 6 29 70 24 31 91 18 63 8 83 67 87 10 5 3 3 87 51 49 28 98 48 6 28 43 79 78 40 88 23 8 12 6 76 2 27 1 91 70 37 42 6 50 96 94 71 40 91 49 89 34 68 56 38 46 71 56 7 48 68 10 26 98 
70 74 35 67 54 98 36 7 20 52 72 71 47 81 90 48 13 4 9 24 43 64 78 44 75 96 36 67 12 73 62 20 73 66 35 56 62 99 90 12 12 10 75 61 44 97 4 73 31 89 16 68 44 87 31 71 15 32 6 73 89 52 89 85 84 27 81 90 45 38 85 9 99 28 69 46 17 56 16 52 60 54 84 80 47 82 64 37 4 87 32 47 21 57 7 1 9 75 6 16 58 81 4 92 91 27 86 69 22 25 9 78 7 17 47 5 10 19 62 37 50 84 49 32 63 57 95 61 55 31 40 75 59 2 26 57 94 25 60 76 16 75 64 47 79 96 36 85 89 65 6 65 61 40 86 71 74 24 38 61 30 15 17 15 6 67 36 97 15 44 21 11 57 75 64 52 83 14 83 68 42 91 76 16 43 76 78 12 11 25 16 94 40 45 67 77 54 47 14 8 
27 19 50 64 55 36 99 95 48 73 72 29 17 93 60 87 51 25 25 97 5 40 81 73 75 37 79 93 83 22 82 85 58 89 53 9 14 6 29 29 34 86 9 7 51 80 31 76 29 50 54 23 44 52 43 71 67 22 44 61 41 51 68 30 66 67 74 95 81 23 51 36 41 69 91 70 2 39 83 44 99 31 83 3 35 86 3 79 48 76 85 76 7 75 90 39 84 51 76 47 41 36 75 88 5 19 81 43 55 18 29 63 99 65 72 58 61 90 69 70 54 95 63 60 68 45 61 86 49 36 17 87 79 91 13 60 61 33 39 45 95 63 77 7 62 51 80 13 9 11 54 16 20 79 39 37 9 5 89 45 94 23 57 37 82 39 72 23 45 10 23 2 8 25 38 48 25 86 68 88 62 95 67 89 80 24 72 29 15 4 86 86 56 7 58 21 33 24 65 49 
28 27 2 49 70 29 8 18 14 5 83 6 78 67 4 71 93 48 99 96 94 6 67 90 38 28 73 99 4 42 59 6 98 17 52 43 68 73 66 96 98 88 13 10 27 1 4 93 41 19 58 30 94 25 11 79 4 84 17 88 63 49 56 90 43 64 44 20 2 77 33 12 88 39 22 12 54 16 60 80 50 90 58 3 43 72 87 87 13 2 89 81 65 56 85 72 36 57 77 91 96 78 56 27 59 45 10 25 87 50 26 97 96 52 2 27 66 86 47 77 39 68 93 93 36 2 99 14 54 84 54 72 79 14 89 7 86 94 78 63 52 42 50 6 56 91 87 17 89 5 40 12 60 72 28 37 2 24 47 79 73 34 75 75 75 24 81 13 46 75 30 40 74 29 83 69 5 97 18 86 40 66 19 55 52 3 94 24 87 61 79 32 69 93 41 14 11 46 84 10 
58 38 87 89 8 9 21 22 72 39 84 18 15 72 49 99 22 47 73 4 34 27 39 3 79 32 79 47 5 69 10 85 5 66 61 6 52 2 11 60 34 35 11 96 79 37 24 95 91 26 51 93 77 94 66 20 82 40 41 27 17 1 85 19 93 82 69 85 53 91 62 35 96 66 59 19 21 9 13 69 45 14 65 30 43 4 82 81 75 55 77 81 21 35 51 88 6 27 16 95 39 68 31 63 40 75 34 49 68 78 69 39 61 52 20 78 58 46 42 6 37 19 92 78 43 62 61 11 20 43 4 1 41 25 70 61 41 3 39 54 50 37 46 20 18 81 18 7 53 14 98 8 48 71 88 84 16 75 69 4 15 71 37 68 85 51 34 46 80 90 78 2 94 77 99 29 94 43 63 81 55 97 7 4 86 54 72 64 65 65 30 82 68 53 21 65 3 40 75 33 
96 55 34 26 28 64 51 16 39 66 36 92 97 63 48 9 94 27 96 68 94 57 92 81 95 36 8 19 83 86 32 68 87 29 26 94 41 34 80 91 32 82 70 39 61 19 14 62 1 11 25 83 48 2 73 80 83 69 38 46 24 80 64 37 81 49 21 38 21 92 55 10 13 84 50 55 89 15 79 67 6 45 65 87 90 63 34 64 7 42 71 9 2 93 81 49 72 25 37 86 13 97 45 54 76 80 93 73 29 9 15 6 5 38 38 14 67 1 45 15 59 63 30 39 62 82 53 84 54 61 95 73 60 6 20 7 18 77 22 24 23 58 90 59 92 95 62 93 23 68 76 14 37 38 33 69 51 5 49 27 22 67 15 29 10 73 48 47 31 82 53 41 16 19 75 11 64 26 57 59 1 26 95 43 34 74 98 30 11 18 40 58 69 48 16 87 4 58 2 60 
67 91 52 75 22 71 6 67 2 16 12 77 44 42 9 40 85 24 76 39 42 72 14 83 90 17 19 93 48 86 74 77 58 90 28 16 65 3 69 44 3 38 17 30 66 37 94 55 6 46 17 2 94 97 67 25 22 96 81 43 64 91 25 14 74 67 81 15 58 19 26 27 58 33 11 18 32 74 47 17 37 61 83 2 9 50 88 77 45 16 32 59 84 33 67 52 88 56 10 31 24 4 23 27 42 37 92 1 63 40 15 34 52 7 73 99 7 15 23 51 34 12 68 1 32 94 47 1 73 91 12 26 84 44 8 52 28 83 58 40 82 20 45 18 24 17 85 55 11 76 20 56 59 19 87 28 29 62 14 71 2 10 82 59 63 23 28 14 87 9 7 95 13 97 84 77 26 27 16 30 44 20 26 3 95 71 88 1 97 22 14 74 45 45 22 90 82 28 31 23 
55 63 40 49 33 84 90 48 14 23 91 7 36 37 39 22 27 67 21 25 11 37 25 87 16 65 46 26 80 66 90 6 58 62 86 53 23 84 82 59 78 82 62 81 64 27 46 58 57 22 96 9 83 6 29 42 22 57 14 62 12 9 82 74 56 41 39 92 32 2 58 44 92 2 98 79 76 27 8 71 15 44 23 28 32 3 86 97 59 49 42 71 35 24 49 93 14 75 86 66 73 61 55 56 19 58 90 99 88 64 63 10 63 9 89 83 70 56 34 4 90 15 19 54 63 39 29 15 94 40 18 77 61 89 14 46 20 27 26 45 12 63 51 27 65 92 83 74 11 90 11 14 78 30 33 11 10 79 60 88 60 12 21 25 9 13 69 63 61 83 91 15 60 51 10 71 85 70 92 4 67 33 55 76 88 72 73 44 88 70 80 66 75 65 83 12 28 55 62 59 
42 49 85 29 43 93 7 29 99 32 73 95 22 12 35 22 77 80 8 66 17 14 9 82 7 52 88 52 62 25 59 14 75 88 27 96 50 52 24 49 30 13 39 74 32 85 49 57 74 33 49 95 15 98 87 36 71 38 91 1 64 48 2 20 40 99 5 64 6 71 61 74 58 74 38 93 19 90 42 97 61 98 48 28 44 10 31 21 42 94 98 41 78 17 20 9 52 64 60 37 76 80 9 58 1 94 13 56 50 55 8 97 53 56 45 67 72 74 31 91 35 98 51 76 69 59 5 34 29 59 34 19 28 9 59 53 73 54 5 64 92 8 35 12 67 83 81 17 64 23 78 1 67 32 91 10 4 5 47 49 84 64 68 13 28 84 3 15 92 30 54 25 12 78 16 91 20 60 98 80 88 84 65 4 53 70 60 47 49 82 39 8 38 57 4 23 42 38 31 96 
43 95 29 88 74 20 61 35 84 82 88 1 70 80 32 61 93 7 59 15 43 4 43 39 86 23 13 44 28 76 11 37 67 98 55 67 51 98 87 90 33 17 36 24 26 83 66 98 64 72 41 22 54 59 77 25 34 75 97 29 29 68 91 95 6 51 69 81 30 66 18 1 27 36 60 75 29 24 7 96 39 84 14 74 83 25 43 1 70 60 13 3 42 68 56 98 38 46 77 52 43 66 10 35 49 35 68 76 11 46 10 22 99 36 85 92 62 46 99 36 74 72 66 84 1 23 62 15 48 79 88 98 21 45 20 63 81 8 68 44 4 94 33 47 29 24 62 96 23 68 3 99 31 5 63 94 37 76 67 15 17 44 8 40 96 46 6 54 7 49 66 1 40 14 34 40 9 41 51 6 96 34 10 61 20 53 13 52 81 73 28 68 27 37 43 96 2 13 23 78 
54 54 95 61 1 46 46 60 14 5 5 13 34 6 98 36 41 2 82 58 39 95 25 6 31 28 87 78 8 56 8 35 22 35 78 73 75 99 27 11 96 46 4 65 24 10 56 38 84 52 12 94 79 38 63 44 60 17 45 24 15 7 15 75 43 73 39 33 46 11 69 99 98 25 27 27 38 14 82 3 37 46 37 27 96 48 6 94 14 80 93 76 75 20 82 2 30 42 13 38 74 2 57 73 32 16 10 95 36 40 63 77 11 57 93 53 50 50 35 4 3 90 68 35 51 17 98 61 91 13 35 85 19 95 75 79 5 89 86 69 78 13 84 10 13 57 16 71 1 66 38 20 37 21 6 97 1 21 46 2 39 60 40 72 41 15 10 67 27 20 93 44 26 54 30 46 56 19 38 77 9 18 1 90 26 44 41 60 85 54 11 71 80 55 64 97 99 80 45 82 
36 87 82 54 42 24 98 16 52 94 75 58 85 30 9 58 66 25 50 58 24 49 12 79 6 49 73 20 75 55 86 69 26 88 86 9 81 68 89 21 8 18 9 93 13 65 53 28 59 60 37 43 65 71 85 84 14 94 43 28 60 63 73 86 34 48 74 20 49 70 78 35 7 2 59 95 6 73 39 28 46 85 96 28 34 6 70 66 91 83 67 94 62 50 65 54 13 29 25 76 45 41 90 94 1 10 2 51 66 67 92 95 77 63 5 2 33 67 91 64 90 77 21 11 80 29 86 9 11 94 11 65 71 95 52 40 41 7 12 49 93 60 39 71 6 57 38 52 61 67 75 16 59 42 81 64 17 14 64 88 80 8 10 75 28 46 88 8 76 54 66 78 88 65 5 91 79 31 72 69 21 22 46 59 49 39 24 42 72 18 25 33 72 33 96 94 16 7 26 37 
43 45 92 24 42 35 40 39 19 24 91 44 81 91 81 92 47 45 17 79 71 53 11 77 80 74 12 65 5 90 36 59 6 35 1 46 10 29 50 10 40 8 92 71 47 53 28 10 37 30 78 2 10 7 26 47 80 98 33 4 22 88 84 17 87 67 11 52 45 57 27 24 8 49 53 30 68 29 59 79 25 14 82 28 17 77 70 4 54 87 3 43 48 34 31 22 44 57 3 83 51 86 96 71 75 65 53 62 50 84 5 93 63 14 7 99 98 32 73 40 55 60 2 28 85 91 7 67 29 22 55 82 33 83 90 44 97 73 70 9 94 86 92 43 8 47 31 60 57 37 64 47 36 32 7 97 39 29 40 44 94 77 46 88 94 14 36 34 27 88 83 12 8 1 53 20 10 29 34 49 96 58 72 16 52 20 97 93 13 12 59 43 96 40 55 45 39 43 63 31 
98 78 16 97 19 10 93 96 74 15 32 79 16 22 58 89 33 6 67 91 14 36 79 28 2 40 96 74 48 57 62 97 73 95 12 10 19 84 31 25 5 37 14 17 88 2 19 73 17 20 23 54 84 83 78 46 92 89 70 20 99 95 71 85 82 78 2 50 89 88 77 72 98 8 77 21 73 6 88 28 19 91 71 48 36 77 10 12 82 29 71 85 24 24 62 22 94 9 81 25 51 54 79 96 26 11 16 99 91 66 11 12 9 2 7 81 86 48 19 83 39 39 96 78 41 74 78 66 80 69 45 42 22 13 81 54 56 26 25 60 61 16 32 80 56 33 23 59 57 28 48 17 34 5 39 7 69 80 64 74 8 41 88 9 21 96 26 3 58 36 99 9 3 85 94 91 31 67 16 90 66 49 44 69 36 5 93 77 29 73 65 3 47 8 5 31 70 38 59 98 
21 19 40 73 49 68 96 31 19 99 82 87 16 23 13 75 31 63 52 35 46 42 93 89 12 61 41 35 30 77 90 15 36 91 10 5 78 24 23 90 1 97 89 53 21 22 84 49 19 68 82 87 10 57 37 19 28 37 62 9 14 62 13 25 84 82 69 14 25 14 14 86 64 29 17 94 56 33 14 17 64 47 89 38 39 87 56 28 2 51 39 26 25 90 54 23 14 2 90 38 86 99 92 4 58 4 38 46 18 18 24 66 14 9 45 20 32 93 74 1 78 14 47 22 61 22 38 94 70 59 48 12 60 41 80 29 30 32 25 44 4 35 37 80 16 65 22 68 85 35 14 23 7 36 56 30 21 16 86 24 4 66 14 69 45 97 2 45 27 25 50 23 12 46 76 46 17 25 93 20 98 72 96 80 35 26 41 87 2 33 22 96 61 32 59 47 37 30 77 40 
94 65 63 60 79 1 28 81 9 32 59 33 2 28 79 48 14 38 54 91 45 91 94 60 46 9 65 97 22 5 90 93 43 95 61 92 46 7 38 1 43 76 62 90 30 64 58 10 87 56 41 85 91 70 24 28 18 66 22 45 48 45 59 38 76 63 78 16 19 34 41 98 11 34 39 21 24 10 96 44 66 86 80 57 87 71 4 87 90 61 34 3 33 45 95 18 35 20 79 7 85 83 51 1 49 54 52 99 72 65 8 76 87 80 35 84 23 95 48 64 5 44 64 46 66 7 10 59 55 14 28 40 35 56 82 33 97 87 65 2 63 31 5 33 90 88 67 43 84 42 68 84 96 66 76 51 36 28 18 87 75 97 85 91 56 53 46 21 92 86 42 4 83 9 1 39 14 61 41 7 61 14 79 72 5 78 33 94 30 12 31 29 35 22 17 37 36 74 57 91 
1 26 45 56 98 27 93 81 21 61 94 55 35 82 93 96 97 32 40 74 85 63 20 35 24 77 82 38 21 50 75 87 96 66 77 59 19 52 24 33 25 3 41 28 64 16 81 29 23 22 47 21 53 18 26 17 12 93 24 95 85 69 92 23 23 19 62 93 69 12 73 54 94 33 8 39 24 22 18 99 72 2 63 38 73 9 36 34 11 26 93 80 50 13 91 13 70 38 16 39 94 9 10 73 21 5 9 68 55 5 70 40 40 24 8 6 88 39 15 14 13 26 6 73 57 85 39 84 31 76 54 73 34 49 97 21 95 72 61 93 98 68 5 76 16 42 94 3 38 14 30 86 8 49 77 52 48 90 2 68 95 89 93 77 31 35 6 25 10 89 81 95 96 16 87 40 91 12 41 8 65 37 47 79 88 49 26 96 63 33 45 93 55 29 51 28 24 70 98 15 
78 14 75 91 93 29 85 26 46 19 3 11 59 73 90 97 1 98 30 85 29 74 76 72 61 7 17 14 17 88 23 79 85 54 11 9 74 37 96 64 71 22 51 93 94 7 57 82 54 52 65 11 6 45 50 8 9 50 68 12 79 67 12 25 50 87 65 66 24 50 65 34 32 98 52 55 86 36 27 49 44 82 10 75 55 31 96 97 21 2 13 36 54 3 68 23 31 83 21 61 49 87 23 79 83 18 85 89 44 82 30 39 28 60 46 73 82 50 48 85 52 30 31 78 45 15 27 17 82 11 59 85 55 69 2 46 84 48 35 89 72 65 99 98 63 54 56 98 95 23 37 17 61 5 7 36 62 23 17 53 63 39 61 36 52 13 33 77 91 60 82 52 79 4 69 72 5 35 22 47 2 68 94 35 5 96 21 2 12 46 72 75 31 39 11 7 44 40 50 19 
61 40 75 91 86 42 49 60 6 29 15 42 61 84 52 89 90 78 31 81 16 42 93 98 20 52 36 10 31 14 85 49 97 36 86 98 79 20 80 71 21 33 86 88 34 98 80 66 81 69 82 90 57 13 30 5 68 89 67 86 12 40 20 30 64 60 80 29 53 83 86 54 48 65 5 39 33 62 11 58 93 13 70 9 97 20 20 94 71 29 50 3 87 16 85 88 44 60 65 54 43 33 26 31 73 73 80 64 94 73 3 87 14 56 6 9 69 60 24 90 15 17 96 31 93 36 44 45 24 83 53 46 82 64 60 26 81 4 24 38 52 28 17 77 25 46 98 62 11 32 3 16 84 1 15 44 63 98 53 25 88 77 54 79 9 75 48 61 58 4 44 34 42 25 12 51 13 31 59 43 55 32 16 91 64 30 16 15 32 4 75 48 22 89 77 26 55 64 51 59 
