10 20
84 77 92 44 95 39 32 28 99 28 
38 9 47 68 45 40 1 39 41 82 
69 94 55 60 79 64 67 78 20 66 
12 8 25 99 5 72 11 99 85 4 
42 50 53 61 40 93 49 39 63 87 
86 80 98 53 1 74 33 74 88 35 
44 26 82 20 6 88 94 34 93 97 
54 1 38 32 31 96 78 86 54 86 
4 11 66 74 44 93 79 90 1 76 
13 41 76 8 34 64 10 39 6 59 
6 26 72 13 9 37 87 2 35 73 
51 10 96 16 44 83 60 25 98 63 
93 90 39 27 7 33 78 6 6 33 
65 82 87 24 50 78 22 33 62 89 
87 85 14 23 28 58 22 44 12 71 
22 53 36 78 49 96 47 32 40 97 
95 7 81 67 15 90 46 62 90 51 
47 38 48 73 16 89 45 57 2 18 
63 90 14 31 46 13 31 3 83 10 
20 92 61 25 97 86 70 88 44 44 
