10 20
94 66 32 56 96 20 3 33 55 99 
63 27 64 98 96 32 97 11 7 1 
78 14 40 46 13 14 37 93 27 30 
23 58 55 64 18 81 95 88 36 6 
4 11 34 31 87 83 44 96 15 24 
19 94 20 64 41 28 96 17 63 26 
93 48 65 92 80 54 12 44 98 39 
49 41 52 22 96 37 45 7 64 49 
34 44 29 81 82 66 80 12 49 11 
88 3 97 59 25 2 76 16 95 12 
9 35 61 78 13 80 92 51 51 1 
65 22 82 3 64 3 95 41 62 8 
58 14 57 8 29 70 41 14 71 14 
18 93 12 58 83 80 69 9 99 50 
44 15 17 30 10 63 34 37 33 25 
11 58 86 76 18 29 22 37 42 70 
54 61 32 28 19 91 68 39 54 22 
78 93 37 25 71 25 45 66 40 49 
98 61 12 65 86 46 56 83 7 64 
33 21 32 8 30 39 95 36 44 25 
