10 20
76 74 50 29 26 4 67 85 55 31 
35 93 53 11 45 95 35 75 70 66 
82 97 9 20 14 95 47 34 44 55 
98 11 87 96 35 89 43 59 19 6 
26 95 3 27 42 50 12 98 5 67 
78 5 16 93 57 95 32 89 18 12 
1 16 43 5 68 73 37 32 18 53 
91 8 99 12 18 80 53 85 36 88 
49 96 95 2 12 81 50 98 1 61 
64 20 98 34 25 40 21 62 77 70 
38 85 67 70 67 5 81 25 77 49 
91 63 13 89 25 30 44 40 12 65 
90 7 35 11 36 52 16 63 30 53 
58 33 65 81 45 86 1 40 28 47 
97 5 17 11 27 29 98 61 22 55 
53 50 51 21 61 83 95 13 44 15 
91 76 38 24 50 88 2 34 49 69 
69 9 79 18 24 69 85 94 8 83 
18 5 75 22 7 37 22 53 85 12 
18 65 80 60 46 62 30 21 97 44 
