10 20
61 41 8 68 82 61 57 42 19 17 
99 38 68 78 54 96 48 82 50 69 
89 92 66 37 88 7 75 17 61 77 
89 13 7 27 39 48 43 28 22 54 
77 56 17 8 14 32 17 42 28 33 
86 99 84 89 20 95 94 31 13 64 
49 20 36 48 37 97 77 96 43 13 
15 79 56 7 21 52 93 79 37 25 
47 50 4 37 64 82 52 35 66 85 
49 4 37 97 65 9 92 55 79 9 
95 66 77 4 40 25 74 24 48 20 
66 21 13 1 65 98 88 99 2 17 
85 97 19 5 95 98 7 38 98 22 
34 12 37 49 17 55 1 92 10 39 
67 69 30 29 53 14 16 29 31 23 
9 92 57 35 4 9 61 28 95 94 
4 87 18 22 60 94 66 79 37 84 
76 36 95 58 6 55 29 74 38 77 
56 91 78 2 63 55 52 16 3 94 
75 4 44 2 62 57 7 66 11 45 
