10 20
87 62 93 70 39 65 28 75 38 4 
14 29 10 26 9 57 43 79 58 79 
10 2 9 75 65 53 83 68 14 99 
13 83 80 27 75 61 30 33 1 37 
86 32 52 85 1 87 46 10 56 99 
13 98 62 54 51 4 98 5 50 63 
98 98 30 40 79 23 90 47 18 37 
8 15 76 30 82 50 68 28 43 42 
54 72 64 53 44 93 42 22 60 39 
9 7 84 83 23 17 13 90 53 97 
12 98 93 74 77 9 4 36 44 15 
95 94 96 44 75 5 26 9 7 26 
32 7 88 14 27 92 79 52 20 31 
93 73 72 57 19 78 83 22 58 60 
52 73 73 46 37 23 8 86 23 53 
11 66 49 6 82 53 30 69 3 67 
49 21 30 60 39 72 3 22 38 94 
18 67 29 15 10 35 71 23 14 41 
27 65 65 27 15 11 88 63 23 42 
31 69 15 36 11 26 52 25 2 76 
