10 20
2 63 76 54 77 58 92 8 30 43 
36 87 53 32 41 97 40 37 19 7 
79 12 12 37 14 54 38 87 65 65 
35 14 40 28 31 54 99 35 10 32 
64 74 52 30 84 68 32 87 44 27 
43 73 5 5 46 4 58 49 69 77 
24 20 18 3 26 21 59 80 86 67 
9 41 63 31 1 7 45 77 91 70 
31 86 99 39 26 15 12 88 60 48 
5 37 13 82 22 4 60 4 14 96 
72 43 60 11 3 73 41 64 94 54 
94 72 14 91 72 87 4 31 26 81 
47 33 13 9 72 43 97 84 31 75 
83 73 9 21 54 6 54 83 22 39 
25 43 7 85 75 38 7 41 56 76 
48 63 89 70 20 43 65 43 36 59 
32 43 19 26 86 54 62 67 15 70 
49 39 28 2 89 71 22 91 83 3 
80 88 80 71 3 68 48 67 40 33 
25 43 4 1 54 40 79 78 17 32 
