10 20
9 38 28 99 44 48 26 88 80 41 
65 58 46 95 48 98 78 86 63 95 
14 61 15 43 96 75 1 56 8 15 
1 41 58 41 29 8 99 28 42 22 
51 73 10 80 16 28 2 24 35 58 
85 59 63 78 59 90 18 15 96 9 
93 30 53 81 75 35 5 80 38 49 
99 52 7 14 58 87 71 77 84 68 
3 66 22 25 74 96 54 45 79 41 
33 36 29 21 93 93 74 86 54 80 
50 86 45 58 10 79 11 41 42 31 
31 73 41 64 39 55 1 54 13 21 
73 36 9 12 29 70 97 18 36 19 
48 12 4 59 2 25 42 23 65 94 
42 72 18 49 47 20 99 85 92 15 
43 2 40 93 17 88 57 90 68 31 
14 74 37 3 42 34 37 18 62 28 
76 5 5 63 1 38 72 96 37 45 
22 36 1 63 2 71 25 67 61 92 
68 35 8 17 69 27 43 98 58 37 
