10 20
56 13 30 16 92 85 66 34 79 53 
33 13 82 3 97 51 43 34 85 95 
73 76 23 95 60 61 36 20 16 49 
9 45 50 25 99 1 32 72 37 24 
14 33 94 12 20 69 4 39 95 45 
24 22 59 24 60 98 89 34 81 35 
61 78 82 57 62 27 8 96 92 68 
83 1 88 26 9 5 40 31 34 89 
10 18 82 75 26 67 11 1 28 96 
14 85 40 28 30 13 45 32 15 48 
32 53 86 46 53 13 46 46 25 98 
59 66 66 24 63 4 56 42 3 16 
3 12 69 80 6 8 14 56 12 32 
28 20 61 49 62 34 95 53 86 88 
88 48 53 51 76 57 47 19 82 2 
14 51 41 69 19 9 43 82 1 1 
65 17 34 39 99 71 51 48 92 39 
50 58 64 22 91 77 41 9 61 81 
96 71 34 63 22 31 92 6 80 44 
85 20 68 70 76 21 11 16 18 45 
