10 20
59 92 16 62 57 93 9 4 47 73 
52 96 77 37 43 69 80 92 24 45 
86 92 74 5 20 15 29 29 2 8 
79 85 13 55 89 95 41 21 67 81 
15 26 16 73 39 30 75 31 64 4 
29 17 33 4 7 77 90 36 11 88 
24 73 91 84 79 96 43 54 26 20 
55 41 11 89 45 89 95 39 18 5 
6 44 26 36 45 45 49 33 31 28 
8 52 23 76 4 12 5 83 34 65 
72 51 27 19 57 68 31 69 36 95 
99 50 12 43 57 85 31 51 27 25 
3 2 24 14 8 85 50 45 40 59 
47 82 6 70 11 99 42 46 66 14 
64 38 29 5 75 59 92 74 47 11 
40 53 95 5 23 35 83 39 13 29 
77 7 62 45 58 95 54 94 23 72 
32 59 19 84 77 21 75 60 36 9 
63 99 83 77 19 38 32 10 12 62 
88 66 57 37 89 43 9 15 68 62 
