20 15
89 78 19 49 63 81 17 37 84 40 97 90 7 70 1 35 28 96 7 54 
54 35 70 55 29 41 36 2 80 90 20 76 75 73 27 57 79 69 18 95 
29 81 66 19 21 50 88 20 54 20 48 54 93 79 60 4 70 15 28 25 
53 42 31 70 56 97 34 3 38 54 61 21 98 71 67 98 54 38 57 42 
9 66 70 91 29 69 99 94 15 60 22 26 70 8 99 63 3 86 75 51 
99 95 13 2 21 13 24 24 14 84 42 56 19 50 54 70 23 71 83 55 
63 54 35 35 67 15 72 77 85 3 87 41 81 2 95 44 29 2 72 21 
31 64 42 97 7 90 77 33 5 69 77 19 37 88 56 22 39 17 21 44 
91 16 23 93 9 53 29 86 90 10 69 25 78 48 80 55 17 74 10 40 
6 91 87 61 14 45 65 14 64 2 50 34 70 67 53 18 32 32 75 69 
88 43 31 91 72 50 23 25 2 46 81 52 10 48 83 9 58 49 80 79 
78 43 34 20 23 60 62 95 16 12 49 91 32 82 69 14 68 4 65 28 
80 22 76 29 11 42 86 87 46 49 74 42 41 13 27 90 28 99 41 7 
5 21 50 41 85 88 96 15 17 80 78 67 11 74 43 43 83 72 6 90 
25 19 93 95 10 32 67 38 53 53 22 20 71 32 70 18 6 3 63 41 
