20 20
25 75 94 94 52 85 93 65 17 26 70 77 50 30 8 96 11 42 14 47 
76 94 31 42 63 51 7 73 70 11 19 42 12 19 93 7 42 90 77 30 
39 6 76 78 30 99 7 56 97 73 83 86 18 85 87 45 62 39 17 24 
15 74 69 39 96 33 27 81 55 46 57 56 94 53 39 37 97 19 42 80 
76 87 98 45 94 45 35 5 94 67 83 80 17 2 9 37 97 6 14 43 
72 54 30 61 93 99 67 63 55 70 25 41 45 23 58 82 28 44 30 90 
42 93 17 81 34 28 72 84 8 40 61 84 37 67 38 26 66 99 3 26 
82 87 79 18 96 5 26 34 52 98 29 46 52 37 51 6 76 32 95 16 
96 59 93 34 44 91 24 92 41 79 89 28 48 30 5 11 11 73 71 78 
16 26 57 36 30 88 27 14 60 24 74 78 13 3 42 63 32 8 92 48 
8 27 35 23 79 23 27 85 71 81 69 14 76 27 72 90 62 65 53 51 
31 50 37 18 88 49 37 39 87 68 94 28 52 32 96 53 10 55 37 34 
98 98 23 57 81 21 79 73 70 99 95 70 57 47 18 31 39 37 44 99 
79 69 64 12 18 12 81 64 10 53 81 58 54 9 81 12 78 18 55 55 
80 80 60 87 41 84 52 18 23 81 94 41 15 44 5 6 20 80 79 14 
49 11 47 73 58 70 17 68 97 99 61 87 20 89 2 39 25 96 72 8 
13 93 56 65 88 24 40 66 79 54 83 81 33 53 48 20 46 20 38 70 
86 35 67 99 11 96 35 80 30 27 96 29 48 48 64 26 4 45 69 52 
68 25 13 67 19 79 89 12 78 31 11 95 74 19 94 9 97 95 44 30 
98 52 11 83 57 36 63 80 56 85 39 20 60 50 99 56 54 43 34 66 
