20 20
16 10 67 97 45 19 76 19 82 68 24 62 8 77 50 86 91 33 72 54 
89 47 13 69 91 29 26 5 80 89 35 6 5 93 51 87 72 67 68 95 
28 16 82 30 94 83 59 55 39 37 86 89 74 98 38 49 16 89 3 15 
27 77 34 37 98 24 3 78 8 68 84 61 70 17 63 26 39 67 8 7 
99 5 20 35 95 42 27 87 1 57 26 99 34 31 28 85 92 29 57 27 
72 66 56 22 74 92 7 91 60 53 77 45 4 63 58 10 69 51 1 52 
26 17 12 19 11 9 94 74 21 35 27 9 25 92 6 39 48 49 39 65 
63 13 62 48 16 78 71 34 69 54 92 42 60 39 39 32 2 96 99 69 
74 1 46 66 40 79 52 45 4 16 29 29 7 95 55 43 80 22 81 62 
8 30 66 76 45 38 54 51 57 10 73 32 58 5 67 18 6 73 47 75 
59 19 1 89 18 59 69 10 10 38 2 88 23 93 87 23 73 34 52 38 
25 93 72 56 53 12 93 64 59 33 98 35 1 85 95 39 80 55 81 1 
35 30 51 39 38 47 68 80 18 44 31 96 53 79 9 3 47 91 31 79 
44 44 70 26 86 79 21 23 7 75 43 26 26 83 65 15 88 52 12 93 
1 1 31 12 69 37 34 94 15 31 46 77 86 7 3 94 60 87 25 83 
1 53 55 83 9 50 67 54 58 17 89 33 41 53 93 5 83 32 86 77 
17 4 17 78 89 36 78 99 3 75 63 18 15 53 87 53 70 69 43 26 
51 39 25 11 97 21 17 84 97 40 88 77 2 43 40 23 92 10 22 53 
53 87 48 98 91 87 28 23 88 37 81 47 79 78 28 87 48 1 49 58 
59 50 9 40 50 11 72 12 51 83 91 41 98 84 80 42 82 45 54 37 
