20 15
48 97 67 87 54 53 49 51 16 87 24 73 6 5 94 87 7 36 96 56 
38 58 10 17 55 17 71 46 67 77 92 36 82 51 95 45 31 78 42 29 
22 42 32 87 48 51 93 32 81 33 91 91 28 92 16 44 65 16 43 15 
44 2 30 34 5 71 7 65 36 14 72 93 81 81 5 86 11 61 42 8 
34 21 32 74 47 65 92 66 18 85 89 63 26 63 89 31 92 85 92 10 
45 94 36 54 43 89 40 82 81 54 34 13 26 60 89 21 96 22 35 42 
87 32 20 72 75 87 37 18 41 1 18 23 17 23 15 4 95 29 45 45 
33 73 75 73 24 29 40 41 44 69 69 9 31 30 46 72 87 45 50 29 
30 30 1 70 56 35 50 7 45 69 39 20 5 15 43 17 99 3 89 77 
99 56 1 57 94 20 42 41 59 4 87 57 65 76 54 82 76 67 35 1 
48 55 74 69 22 95 92 23 39 33 4 84 41 94 10 96 77 80 67 40 
13 88 48 80 20 31 86 92 35 87 16 83 79 79 64 23 98 26 89 31 
39 5 18 60 48 35 52 40 49 65 6 46 46 67 9 94 85 70 65 70 
13 29 7 77 65 47 38 48 83 22 65 51 3 84 66 76 61 36 20 44 
12 36 4 40 54 18 63 41 51 90 16 4 97 2 97 59 12 92 3 97 
