20 20
91 12 36 91 37 54 15 7 40 64 53 49 76 57 98 19 51 30 52 70 
88 13 13 92 4 90 4 54 19 20 47 75 22 25 51 58 70 37 99 71 
93 35 52 86 58 6 82 36 63 28 67 38 77 61 16 90 99 11 18 28 
2 12 75 30 82 68 52 90 35 72 99 3 82 36 99 5 9 88 31 36 
87 3 52 62 90 75 28 75 6 59 58 90 73 70 35 99 45 13 33 4 
26 11 43 93 1 93 45 13 21 28 69 63 34 74 68 33 53 24 19 47 
62 33 25 81 70 5 69 68 48 58 73 59 76 59 95 98 63 33 16 41 
71 23 9 96 46 10 66 38 10 37 11 32 88 63 97 91 32 52 86 70 
98 39 54 60 73 44 23 94 58 19 9 82 36 37 84 28 6 90 62 22 
82 27 89 93 5 60 1 61 27 3 22 2 31 31 35 77 82 98 23 91 
53 9 18 49 62 71 36 93 25 39 18 41 4 78 97 48 4 58 1 67 
44 12 27 23 96 73 30 55 72 63 64 22 26 71 94 10 23 97 28 5 
93 77 83 64 74 28 16 31 4 41 18 80 37 61 37 98 72 6 37 67 
98 19 56 83 20 23 50 5 75 51 67 97 29 54 86 76 82 37 85 15 
64 51 89 73 19 99 31 47 97 66 73 24 19 20 61 33 80 99 24 22 
90 86 16 38 28 64 16 51 97 34 92 10 41 25 88 99 20 20 51 87 
93 3 76 78 79 21 71 74 81 19 43 73 11 81 63 79 82 43 25 19 
98 78 22 62 22 23 81 19 30 13 36 96 11 18 11 14 58 56 52 97 
98 61 83 59 17 43 29 74 36 97 14 49 2 6 35 57 12 12 88 34 
57 38 17 83 35 69 45 56 98 96 30 96 65 36 96 42 9 19 60 31 
