20 20
36 62 87 49 51 20 78 6 77 20 20 59 88 40 52 61 69 5 28 58 
66 1 90 54 32 26 5 42 76 17 29 70 74 93 35 81 64 14 41 94 
77 16 27 12 67 16 44 11 73 26 48 17 28 18 6 75 66 68 12 6 
30 93 35 44 81 81 63 62 54 28 43 67 81 96 31 29 23 69 20 95 
36 84 46 12 92 69 60 3 81 36 32 98 43 95 64 93 43 51 39 70 
38 57 18 74 48 20 10 42 8 61 29 20 45 2 80 92 32 12 49 84 
44 3 6 1 94 47 96 97 38 66 45 7 87 63 2 16 92 97 23 95 
43 27 41 17 85 14 47 73 25 84 58 50 28 75 78 64 35 17 40 36 
28 45 77 65 90 22 18 97 27 99 15 59 62 79 15 4 93 18 37 88 
16 34 92 63 49 80 56 36 32 58 42 3 47 51 7 71 41 32 49 71 
81 5 96 23 65 55 82 84 9 95 38 6 43 76 97 2 90 85 7 94 
94 59 91 67 60 78 35 62 26 35 33 8 77 32 29 72 46 59 22 74 
45 88 98 90 93 39 48 83 4 58 21 15 13 93 99 21 99 41 54 81 
93 60 16 61 67 65 45 10 49 21 68 2 21 72 46 71 60 11 64 85 
26 73 41 32 20 20 12 21 98 69 7 86 9 92 99 5 61 7 3 16 
82 59 71 75 14 58 9 7 35 17 37 45 16 75 23 96 70 84 36 89 
75 51 56 77 62 7 24 71 27 45 38 54 58 26 14 67 73 73 96 68 
95 46 98 64 31 46 11 43 17 80 7 36 4 76 30 43 97 99 63 33 
71 85 70 40 65 6 83 44 50 5 12 8 32 11 78 61 88 22 6 82 
71 5 87 82 72 18 38 85 21 23 82 60 19 51 68 17 38 93 22 84 
