20 20
16 64 40 41 57 25 85 28 60 67 19 44 4 9 65 53 70 90 20 53 
30 7 44 81 69 51 87 60 9 54 31 32 27 21 58 85 32 70 74 69 
71 70 49 62 4 18 89 14 92 30 11 84 93 20 30 51 2 67 87 92 
86 26 49 56 30 52 38 20 51 89 17 75 36 33 26 81 67 21 28 17 
88 35 6 61 31 35 14 82 79 72 38 47 93 67 64 59 11 63 63 4 
94 76 7 12 16 41 5 82 91 14 61 49 35 42 63 26 56 79 41 29 
41 13 2 81 65 15 96 19 17 85 70 61 53 76 95 38 5 65 54 94 
86 1 50 46 43 19 55 45 49 66 15 11 9 43 67 98 6 96 98 36 
61 33 65 4 61 8 80 99 50 43 75 65 11 11 47 6 3 27 24 79 
70 23 11 62 23 30 73 19 90 35 22 45 30 67 20 82 87 81 17 43 
70 39 89 92 10 2 76 53 12 72 24 84 76 38 13 83 38 1 50 97 
43 88 46 13 24 21 26 47 85 19 82 78 78 92 39 29 35 33 23 67 
88 91 10 83 4 65 22 14 82 98 54 4 54 44 47 1 51 49 51 5 
58 50 66 35 90 13 56 76 65 52 42 82 98 30 44 33 13 70 34 71 
62 57 72 54 48 32 21 30 97 37 61 87 31 30 76 39 89 92 8 4 
40 90 99 1 46 22 74 30 59 31 68 81 55 3 31 64 21 55 95 39 
15 60 78 96 22 6 1 3 13 72 52 99 69 7 37 99 22 18 66 91 
66 19 80 54 75 28 79 71 90 19 43 60 10 34 30 51 76 45 42 57 
90 54 35 19 89 49 57 86 66 48 15 27 68 41 14 40 75 77 76 22 
1 25 29 67 67 51 35 59 84 72 22 45 92 65 68 2 94 19 38 90 
