20 20
17 71 5 50 74 7 97 98 79 99 23 32 75 75 52 61 46 45 16 60 
93 50 79 89 65 96 77 7 42 83 7 56 65 81 92 1 78 4 71 6 
69 78 87 1 45 91 9 36 13 92 49 26 4 83 10 85 40 65 30 26 
35 28 84 26 15 60 74 36 21 98 3 26 1 64 19 33 45 76 50 76 
26 52 96 89 10 99 83 2 81 34 29 87 12 16 54 36 85 97 73 49 
3 61 43 31 76 70 36 67 17 31 53 61 15 14 4 77 56 55 55 52 
47 29 64 16 6 76 80 78 40 70 11 94 43 37 4 1 89 19 81 95 
40 44 16 30 35 97 1 72 30 59 75 19 4 1 35 34 37 74 67 3 
57 22 85 24 52 55 14 55 95 62 3 7 29 69 37 36 21 23 50 92 
40 55 3 32 36 97 6 10 33 65 91 33 16 83 15 33 90 89 62 10 
3 54 36 14 10 97 33 22 39 63 84 96 85 73 83 28 41 11 70 62 
60 22 5 47 13 15 4 49 90 43 90 75 1 82 22 91 44 3 82 39 
3 14 37 83 32 19 39 25 75 53 95 82 53 95 26 29 43 3 74 38 
35 40 80 70 15 69 44 65 37 27 92 16 10 29 68 64 13 75 41 49 
79 40 7 85 69 78 66 15 67 72 40 29 16 19 79 14 97 41 72 29 
13 9 28 50 6 19 72 37 75 10 42 31 90 52 99 96 28 45 96 62 
28 62 97 81 63 26 63 1 63 29 31 89 92 46 76 47 25 11 5 97 
20 72 48 56 9 57 79 75 97 23 44 37 31 92 94 29 96 73 32 80 
52 53 67 99 98 72 37 25 36 36 16 59 8 99 25 31 64 35 41 81 
59 88 71 21 39 68 46 99 60 81 77 29 23 10 12 7 63 31 70 3 
