20 10
88 33 5 7 3 27 97 15 54 49 2 3 60 20 89 66 75 72 98 38 
49 39 68 97 16 92 20 24 22 14 90 59 12 43 64 60 95 32 32 17 
50 58 92 89 56 12 90 88 65 9 28 42 91 68 34 65 80 53 86 4 
61 44 97 5 18 77 14 97 82 17 79 99 74 27 22 77 83 71 36 10 
60 58 92 2 69 48 76 84 83 52 53 42 8 34 54 17 46 45 17 25 
19 67 77 25 21 22 98 29 4 29 83 95 94 80 9 2 12 32 70 23 
82 24 41 89 79 51 91 95 64 14 67 36 31 51 92 17 26 71 82 3 
83 40 90 30 41 36 9 66 30 91 67 66 79 74 51 7 28 76 27 18 
90 72 72 58 11 63 51 74 6 8 7 25 62 91 55 74 78 37 80 54 
67 19 53 99 27 54 81 25 60 85 55 65 20 93 35 37 95 83 6 13 
