20 10
14 29 64 75 51 48 61 16 46 13 76 81 51 95 17 56 96 58 24 34 
71 88 37 35 37 4 87 14 72 59 4 24 54 65 68 40 78 53 79 63 
21 94 93 50 38 34 29 46 82 85 21 37 11 16 75 93 46 92 12 8 
91 22 27 39 24 86 40 79 3 31 19 70 82 47 95 94 54 53 53 90 
70 74 25 65 52 28 75 2 7 83 7 13 34 42 85 23 26 1 45 80 
32 22 88 66 71 9 84 33 35 7 13 23 59 53 38 68 84 75 89 98 
39 79 44 9 26 99 3 67 97 97 23 12 59 91 10 53 85 35 28 9 
99 54 73 7 53 3 96 68 73 2 70 68 74 63 65 37 96 28 49 47 
96 8 24 61 52 69 69 79 86 75 99 21 13 28 35 72 89 18 96 6 
21 77 3 83 9 66 8 27 67 30 43 36 92 91 62 61 23 79 69 57 
