20 10
91 57 47 65 32 98 29 67 50 92 26 28 23 7 48 3 51 3 99 21 
26 68 28 46 34 32 76 20 89 45 20 50 95 97 18 30 4 7 2 51 
34 93 16 79 35 47 83 91 7 4 77 43 12 50 35 99 80 4 70 17 
69 99 80 41 6 61 96 19 56 19 94 84 50 44 27 17 14 49 90 51 
56 69 19 26 88 36 48 77 85 77 26 54 82 72 76 22 85 42 16 58 
94 97 75 64 95 29 47 88 28 61 9 58 19 34 53 46 40 52 33 41 
79 70 29 38 43 81 48 2 71 61 86 94 21 10 84 4 11 24 95 57 
17 55 65 80 66 60 52 36 62 66 9 89 95 63 41 45 28 35 89 25 
75 76 98 45 82 30 13 98 33 33 31 59 40 3 37 2 21 31 78 18 
2 25 4 43 87 71 82 36 23 94 92 61 73 54 39 27 53 55 51 82 
