20 15
23 11 53 7 84 68 72 58 38 97 43 78 92 43 47 23 99 38 74 30 
28 1 38 19 68 6 61 26 18 94 51 33 76 7 73 51 12 18 97 7 
74 26 63 31 76 39 89 60 33 79 82 70 55 91 89 57 45 32 35 24 
13 28 36 57 79 23 18 66 14 65 78 72 57 58 5 78 41 74 57 52 
59 2 91 47 43 20 97 82 61 92 27 72 36 40 42 80 46 23 86 37 
66 35 18 82 8 11 76 42 86 12 34 22 32 69 12 30 61 20 96 91 
53 61 62 12 21 23 97 10 75 54 89 83 29 35 7 80 35 64 98 92 
20 39 91 24 59 3 46 15 56 62 71 17 45 64 62 44 8 31 67 76 
31 54 5 47 31 4 67 72 55 74 77 78 86 15 52 88 51 55 22 14 
65 40 61 9 67 44 4 63 32 21 86 78 68 80 36 93 79 97 28 7 
12 41 92 22 44 33 89 74 21 86 39 25 75 76 85 32 38 83 67 17 
53 2 81 63 94 7 56 80 33 19 22 77 73 94 76 18 59 46 23 78 
30 73 85 67 98 54 66 81 33 39 52 38 68 12 52 73 38 45 62 94 
64 73 62 99 40 38 38 32 71 87 43 6 48 24 62 21 95 69 34 86 
50 44 72 13 67 91 26 88 25 8 27 25 17 71 58 27 97 94 18 29 
