20 20
66 88 97 41 34 49 42 27 84 65 25 2 19 79 82 78 43 37 76 46 
60 76 38 85 54 42 8 69 5 1 87 45 89 60 77 29 13 47 14 12 
51 7 45 16 88 78 91 79 40 6 86 80 65 20 53 33 48 41 89 38 
47 35 69 95 27 23 38 64 68 62 90 11 90 66 27 15 61 99 26 94 
82 40 62 29 19 78 21 39 2 49 24 5 14 23 90 81 70 31 48 8 
12 7 33 88 67 64 3 68 84 95 17 79 75 81 21 83 24 93 92 44 
3 22 99 6 23 78 13 27 48 83 69 34 22 57 40 99 59 75 59 2 
56 50 57 90 72 12 19 74 90 44 53 38 89 25 10 83 7 19 79 32 
42 61 2 20 4 77 89 73 89 77 94 15 98 80 22 27 23 43 84 3 
28 64 38 80 87 41 44 12 69 26 46 36 1 63 33 63 58 87 47 57 
88 49 56 1 34 38 90 78 43 43 59 1 76 29 67 21 28 12 3 40 
18 63 59 70 91 8 73 37 92 34 49 75 97 80 40 13 78 32 25 10 
12 27 51 9 88 81 83 49 51 93 75 6 13 4 67 23 55 96 43 11 
46 36 7 34 23 29 34 29 89 57 26 27 61 2 90 77 94 59 42 52 
97 7 2 64 61 10 21 1 5 65 46 5 36 50 15 37 91 11 89 73 
62 4 91 2 22 8 48 9 45 92 96 25 74 82 75 43 11 34 61 28 
99 2 72 59 28 73 65 89 8 64 19 53 13 72 27 51 91 63 76 30 
16 36 10 57 38 86 66 19 13 33 44 28 86 49 34 38 73 71 5 22 
2 36 54 49 39 11 63 17 44 54 5 46 15 26 49 42 92 96 60 14 
4 95 57 72 93 23 25 63 78 50 10 95 72 44 48 99 27 16 51 35 
