20 15
32 72 39 41 75 33 35 67 56 5 71 43 75 14 36 83 32 80 18 26 
48 23 96 15 76 73 96 76 33 95 91 36 52 57 20 3 67 14 32 63 
75 38 79 97 22 85 3 71 89 5 3 68 51 97 20 98 94 76 30 33 
83 61 39 53 71 94 50 4 8 57 99 88 99 87 68 14 7 49 70 37 
8 14 16 40 96 63 91 94 73 75 2 64 94 64 92 85 24 39 47 77 
70 15 13 79 40 7 38 86 5 2 32 77 87 35 26 85 26 7 91 3 
88 2 31 82 14 58 67 45 68 47 20 91 61 23 38 99 47 37 37 32 
38 62 31 60 35 98 56 97 89 27 90 44 96 50 7 95 19 20 55 52 
67 76 27 40 55 62 22 56 88 2 51 19 16 78 55 75 2 10 93 28 
50 13 60 82 52 62 1 73 60 55 1 24 55 48 36 91 87 97 55 8 
58 59 81 13 60 60 63 6 43 67 71 72 13 78 71 97 76 38 17 66 
98 56 64 7 24 22 37 23 16 9 94 23 29 66 41 70 92 19 80 29 
2 46 86 22 44 13 46 63 27 25 34 94 42 83 5 91 36 20 17 46 
77 97 19 52 99 17 4 28 36 33 46 60 74 57 15 17 87 4 17 49 
90 25 72 79 23 97 58 89 68 96 9 87 1 14 38 40 53 19 98 27 
