20 10
62 45 57 92 6 64 70 87 16 94 69 58 35 5 58 63 16 85 85 48 
48 33 7 48 26 38 32 5 61 3 34 85 35 2 16 98 64 54 1 47 
14 94 51 16 84 47 69 14 66 83 32 10 37 56 2 94 51 13 37 68 
79 36 21 28 89 28 45 56 57 65 49 94 92 37 67 85 39 98 49 18 
28 65 72 29 96 74 96 50 20 51 84 29 1 7 29 67 65 81 36 9 
84 61 53 35 38 94 68 14 97 26 70 79 45 22 62 2 80 36 7 80 
78 44 41 92 86 31 46 12 99 81 66 39 9 2 27 9 5 97 54 48 
13 73 61 29 49 42 98 83 50 83 62 64 79 16 28 46 26 33 10 51 
98 1 69 12 88 80 2 82 69 31 11 45 16 65 10 95 66 96 89 51 
32 85 49 51 43 92 9 5 78 36 56 20 43 31 98 14 43 15 18 30 
