20 10
72 91 55 87 62 63 10 15 92 88 45 65 4 52 30 53 59 10 82 7 
44 60 41 44 81 84 38 57 23 1 16 94 27 27 45 52 41 62 11 35 
58 35 96 38 37 29 32 3 93 3 24 1 72 98 95 72 80 15 76 45 
54 66 38 78 88 4 14 29 48 30 51 5 37 20 97 87 98 13 49 75 
89 17 70 76 76 73 96 27 31 71 27 55 1 90 25 52 74 33 53 88 
79 86 16 82 82 20 5 44 63 2 14 95 52 50 83 94 92 28 29 43 
52 97 79 73 48 28 75 62 40 98 15 68 1 84 98 29 75 53 11 57 
70 70 11 98 35 6 32 78 64 10 29 97 29 27 14 78 5 40 35 91 
50 48 64 7 57 97 51 33 80 81 91 72 39 36 69 74 21 8 87 50 
59 79 54 54 87 36 27 37 67 70 75 89 9 58 86 8 33 56 34 7 
