20 15
38 64 59 63 49 19 52 32 23 37 74 64 35 86 41 16 4 61 97 68 
26 29 82 85 92 48 94 1 63 77 83 40 45 26 83 1 93 15 36 68 
88 40 39 99 62 61 5 76 99 82 67 50 18 93 36 12 44 41 70 23 
81 76 72 46 21 35 72 9 87 32 69 92 30 60 59 14 42 20 85 62 
12 92 1 42 88 45 14 72 71 79 69 90 62 94 58 49 39 7 95 12 
95 84 52 77 58 55 76 13 13 20 43 15 70 91 15 89 94 6 21 96 
85 26 50 26 71 89 79 50 96 29 88 29 47 53 92 81 56 24 22 2 
88 56 19 72 20 37 29 36 46 21 99 20 71 65 79 71 22 34 25 3 
60 12 48 39 8 96 64 68 30 9 80 22 48 96 31 49 19 20 11 20 
18 88 92 22 20 2 95 24 62 94 69 50 77 2 53 14 92 7 32 35 
55 45 94 50 86 31 78 51 9 99 83 59 27 1 91 23 34 40 80 11 
89 58 39 27 33 39 51 41 11 77 70 65 34 78 48 10 41 6 87 50 
68 5 93 7 85 40 10 34 57 55 97 35 13 86 83 69 16 19 82 68 
4 15 76 57 28 20 39 9 76 61 17 94 95 6 72 75 72 38 56 99 
53 43 47 24 17 25 23 84 65 89 41 96 88 60 15 21 87 93 64 67 
