20 10
72 70 38 29 42 36 48 67 17 62 44 54 55 80 19 66 56 74 65 46 
15 39 36 75 84 8 22 43 24 52 73 24 37 80 10 46 65 30 75 72 
68 39 93 75 6 35 63 11 83 40 4 70 1 95 96 76 91 9 4 42 
96 6 66 84 42 10 38 17 50 46 6 97 7 76 89 88 48 6 74 21 
3 63 80 62 81 12 58 6 23 29 81 28 88 78 59 49 96 87 30 75 
54 37 77 98 22 75 91 62 26 15 17 26 15 19 37 4 52 53 8 21 
3 63 3 77 58 16 39 1 79 7 48 6 22 86 19 15 76 3 62 19 
80 40 51 98 39 9 6 83 27 2 30 44 21 86 12 69 39 67 53 9 
73 10 1 31 65 1 24 48 60 16 33 85 89 32 46 32 90 71 47 26 
80 76 43 2 4 36 24 50 80 42 96 11 94 74 14 50 90 33 90 48 
