20 15
68 32 63 60 48 90 21 64 96 39 94 24 24 64 56 82 34 53 9 50 
50 99 62 27 67 29 68 40 84 78 5 7 39 46 69 96 22 29 63 96 
86 45 30 65 82 99 36 54 54 42 43 92 65 20 84 15 25 18 67 70 
53 20 56 91 95 28 80 64 1 6 2 70 44 80 16 98 14 62 4 53 
72 44 78 84 41 54 17 83 34 10 15 37 98 76 85 79 64 8 22 24 
12 16 32 16 28 69 34 33 19 14 74 50 25 48 25 8 52 98 8 79 
2 3 79 11 80 83 28 63 53 30 36 27 94 40 35 89 33 64 71 41 
44 25 31 57 81 94 33 43 49 20 88 19 78 18 47 93 76 82 24 27 
14 24 38 20 55 88 18 38 36 21 10 85 81 65 41 95 93 44 70 13 
90 62 83 30 54 11 66 13 39 44 76 2 25 65 91 10 12 58 44 82 
36 21 65 29 94 72 9 85 23 42 34 21 42 19 53 74 60 95 85 67 
97 65 51 2 97 98 61 6 90 31 17 25 16 20 84 86 84 88 13 64 
60 8 54 57 80 92 52 51 44 50 37 91 7 20 32 30 83 92 17 87 
74 22 36 83 63 60 31 76 8 70 96 20 40 57 33 52 55 59 13 69 
84 1 11 74 65 32 62 87 73 25 58 69 10 84 62 39 1 42 45 46 
