20 10
11 81 54 22 57 81 86 31 65 47 89 11 50 55 79 20 16 4 78 21 
9 26 15 65 97 44 40 76 42 18 88 49 61 14 45 84 86 22 7 50 
8 24 88 91 81 43 68 4 99 69 39 16 53 23 50 18 3 99 14 6 
58 24 4 18 80 92 37 13 29 40 61 58 19 12 47 79 61 24 89 90 
21 78 15 16 11 18 96 24 95 88 23 94 16 70 9 76 42 81 45 62 
4 58 46 92 81 71 1 35 81 9 36 3 99 68 37 35 57 81 45 24 
64 31 4 68 25 83 77 9 62 58 78 16 7 71 56 75 41 66 67 79 
17 47 87 67 88 52 91 77 14 63 64 40 38 3 52 98 11 27 53 12 
17 82 90 39 80 91 35 78 16 8 85 1 57 93 29 4 5 7 66 73 
37 24 74 40 70 60 2 23 18 71 89 62 40 58 28 73 19 28 68 42 
