20 10
43 21 66 57 51 11 53 87 90 66 46 72 70 39 1 41 79 51 60 53 
34 90 55 88 54 69 45 41 58 94 14 56 14 39 85 4 83 84 32 48 
75 90 95 85 20 91 20 25 77 19 34 46 75 9 1 86 57 17 44 38 
51 86 36 50 10 91 12 30 65 15 2 86 41 6 13 55 93 15 99 41 
36 72 31 36 81 65 76 7 83 40 32 68 70 76 77 21 25 94 87 34 
36 34 84 60 67 47 25 22 63 19 72 48 48 98 76 42 35 9 87 18 
94 68 50 63 99 95 73 8 98 66 39 23 35 1 5 57 36 76 72 3 
33 59 84 83 59 80 86 70 95 99 8 51 77 11 6 78 25 79 31 27 
58 12 77 55 44 38 33 83 70 36 14 31 32 91 87 8 35 69 80 73 
2 89 63 19 77 39 43 27 37 61 17 58 49 21 42 2 53 45 96 71 
