20 20
64 99 8 72 51 36 17 40 17 28 25 25 42 20 39 22 72 96 1 86 
38 5 16 88 14 60 62 27 54 76 36 58 15 58 70 89 66 89 77 17 
94 40 96 35 8 43 32 49 28 7 91 13 75 18 41 68 41 75 24 18 
96 19 99 22 7 74 73 54 92 50 39 55 55 16 3 28 69 98 27 61 
80 1 24 46 15 20 73 23 30 37 6 72 83 95 46 41 6 3 10 9 
93 41 50 26 35 76 81 32 7 60 29 98 82 1 46 93 74 34 34 76 
8 22 67 25 90 81 26 22 9 78 23 90 99 39 42 21 90 41 7 52 
77 99 60 2 66 71 79 64 85 19 99 88 52 28 23 36 43 54 43 19 
43 83 69 3 88 4 82 55 50 50 47 60 98 70 1 86 99 36 50 41 
43 25 59 38 89 49 51 50 91 1 60 80 96 51 24 34 39 74 26 32 
8 32 8 33 82 36 3 87 32 15 9 8 81 36 57 94 93 84 12 19 
7 91 16 18 33 31 13 64 26 33 27 52 77 16 28 30 51 1 39 80 
33 41 69 90 86 76 90 79 68 85 34 92 44 93 1 48 33 27 62 40 
20 10 76 65 14 97 96 38 44 84 27 21 65 46 38 11 92 59 69 71 
94 37 91 18 39 15 73 60 70 68 11 39 84 14 25 40 75 82 84 58 
44 23 81 90 97 23 76 36 60 25 3 24 87 23 97 44 42 71 39 34 
86 34 15 99 32 15 8 40 98 26 34 29 94 92 61 26 57 46 60 19 
79 10 87 73 84 5 47 57 4 88 89 95 17 64 46 15 63 61 68 75 
45 52 69 52 44 51 69 26 42 28 68 73 83 64 23 42 8 71 78 55 
52 22 72 65 8 94 85 54 31 39 66 50 62 1 53 78 5 71 36 41 
