20 15
5 18 24 8 35 91 34 82 26 96 16 74 20 34 85 54 17 92 18 72 
44 43 88 72 3 25 63 18 69 5 53 4 25 76 55 45 2 26 99 52 
12 71 69 11 8 94 14 84 69 50 67 31 78 16 20 90 39 32 41 15 
86 12 76 63 14 68 92 86 42 20 2 35 82 48 72 26 90 81 67 10 
79 87 16 87 40 64 53 37 19 27 72 12 95 66 31 38 40 27 67 86 
28 81 15 51 28 99 35 17 17 21 11 99 1 46 7 57 97 19 65 60 
26 99 5 14 8 30 67 70 62 89 79 6 37 43 38 71 57 96 74 28 
42 91 43 66 26 27 54 38 58 34 3 3 38 76 78 20 35 56 55 18 
84 17 55 96 67 59 97 12 20 99 15 5 62 16 60 41 81 49 68 93 
74 45 4 13 32 40 58 49 80 78 73 15 73 41 96 74 67 1 11 91 
77 55 33 17 34 76 92 68 47 20 79 8 68 28 73 58 42 24 80 33 
42 86 21 30 20 51 26 50 8 82 99 35 50 28 50 89 67 19 19 99 
28 57 63 57 75 98 53 67 1 38 69 9 42 33 56 3 59 46 83 29 
15 94 67 70 51 13 27 83 99 35 29 39 79 34 44 22 46 36 41 34 
88 13 4 19 71 11 35 40 29 44 96 29 30 4 16 95 88 63 3 95 
