20 20
54 54 44 52 46 73 17 2 5 61 83 11 70 23 14 48 76 53 90 45 
3 9 73 96 92 93 23 7 27 59 29 84 84 23 60 25 8 59 59 33 
53 58 51 16 92 93 25 11 48 33 37 30 78 56 55 79 56 20 12 39 
40 81 15 1 95 79 4 66 13 21 27 91 16 56 4 13 14 29 74 44 
34 49 59 33 11 49 1 81 16 71 9 24 58 85 22 9 64 3 70 52 
66 89 36 74 57 56 49 55 49 21 38 40 75 46 40 42 79 24 61 11 
41 89 60 55 88 43 60 89 43 31 77 37 57 77 33 19 46 53 4 54 
84 38 78 68 19 17 14 17 12 81 23 75 92 45 27 98 87 47 26 1 
46 19 23 23 63 95 82 51 17 18 6 94 67 83 46 11 51 20 60 54 
68 42 51 27 67 63 94 7 29 19 30 38 74 57 9 8 14 53 74 86 
92 53 82 93 15 19 42 41 67 43 75 48 76 8 99 29 97 31 4 32 
99 49 73 14 29 95 56 49 6 85 90 78 56 38 96 31 37 61 60 7 
39 15 72 2 73 42 94 37 80 63 10 34 18 35 98 46 96 44 68 80 
32 64 41 74 53 64 6 48 25 56 34 26 73 94 19 1 12 89 96 27 
9 82 57 69 30 88 73 68 33 85 2 99 4 27 2 44 46 21 46 85 
41 96 27 80 98 95 81 2 75 65 3 56 13 9 43 36 40 1 30 41 
11 98 84 19 42 98 72 86 40 51 27 95 58 49 13 39 10 47 78 43 
92 37 89 37 37 44 87 82 88 23 11 33 78 42 8 6 49 74 41 77 
31 33 2 86 75 82 14 95 15 84 42 58 82 82 39 6 49 22 39 64 
60 45 42 65 11 46 68 18 82 13 28 10 80 36 70 17 88 91 54 80 
