20 15
95 16 54 17 9 86 25 19 64 6 34 81 33 61 40 10 57 2 63 83 
35 78 68 62 34 17 84 94 51 20 17 30 56 48 69 41 86 12 10 69 
46 67 47 34 49 91 33 68 9 80 56 25 64 71 41 2 68 61 55 65 
65 29 49 17 21 74 56 1 48 68 57 89 33 44 42 64 90 68 83 50 
38 48 84 45 29 97 6 21 41 79 41 13 81 5 27 36 6 71 47 58 
7 10 61 97 63 26 85 41 46 14 64 83 94 7 63 43 20 64 74 87 
76 72 55 29 69 96 13 54 25 8 93 38 58 21 22 79 9 2 15 20 
90 67 79 27 53 31 71 31 12 72 39 32 66 53 13 33 69 48 73 79 
74 48 47 8 61 8 70 87 27 3 80 73 33 37 96 48 67 85 13 58 
2 79 85 4 54 46 30 46 61 17 99 52 87 15 59 83 99 39 13 98 
47 13 7 78 10 78 90 14 5 73 60 94 14 49 84 49 85 78 17 60 
22 22 86 88 17 38 39 92 8 6 7 24 99 34 56 4 29 76 82 99 
44 77 8 30 21 96 82 47 10 2 33 97 57 32 39 82 57 20 47 34 
4 91 92 45 63 31 14 73 4 25 28 19 72 52 15 40 23 23 36 29 
60 55 68 21 48 66 46 57 3 43 18 51 61 94 21 68 40 35 41 74 
