20 15
27 5 8 44 46 48 3 11 71 33 96 75 95 96 76 65 14 36 37 80 
4 50 17 12 89 56 65 55 56 81 14 91 34 50 79 46 28 41 8 59 
34 3 96 82 32 30 8 51 56 84 65 77 87 2 95 64 24 50 65 47 
40 4 48 22 38 1 75 26 46 40 50 80 24 18 78 29 34 32 97 72 
39 73 95 88 71 61 24 4 43 11 90 63 29 81 64 40 55 35 66 61 
51 33 91 24 37 80 82 19 21 90 43 80 64 52 23 4 11 82 92 46 
88 63 79 15 15 34 61 9 65 34 93 1 21 84 27 88 48 30 15 30 
63 93 3 56 97 41 20 2 39 41 21 66 17 99 25 55 3 90 25 50 
26 13 1 64 22 50 73 3 56 86 74 96 4 20 27 18 57 89 48 71 
44 11 1 67 31 5 56 20 28 39 94 81 81 74 50 82 95 70 97 8 
80 99 62 77 8 47 99 89 69 44 22 54 12 73 17 82 52 64 39 17 
5 5 94 45 75 35 86 62 37 38 76 21 29 92 14 33 43 78 68 9 
37 9 87 76 13 19 5 18 98 13 11 89 98 65 73 56 80 27 2 61 
87 18 44 81 38 3 50 60 78 63 80 87 62 52 19 67 37 66 19 2 
15 74 64 59 68 85 27 45 74 40 52 69 24 52 7 68 97 43 42 10 
