20 15
57 43 94 60 94 30 11 25 82 19 99 39 98 73 58 97 77 15 61 96 
59 80 38 23 75 53 59 64 76 20 79 64 2 22 80 28 46 62 88 68 
78 15 60 7 5 45 19 97 11 5 93 37 14 9 76 77 14 96 9 38 
56 46 30 34 21 89 48 74 77 4 23 78 21 92 52 37 15 64 7 80 
65 75 33 6 34 17 68 85 29 23 78 53 30 98 4 48 46 61 83 95 
1 85 34 70 95 96 36 40 71 30 86 28 25 2 23 74 29 28 44 92 
57 11 32 98 45 96 89 69 81 32 88 2 69 66 67 74 26 44 6 93 
4 68 14 20 26 72 47 27 98 20 96 92 17 13 96 36 3 44 47 25 
10 69 65 6 18 8 62 18 84 46 97 90 30 46 28 20 74 75 45 90 
66 88 88 77 71 74 16 91 5 27 12 39 30 5 11 15 22 24 17 45 
54 24 80 47 70 74 30 43 68 26 20 21 26 16 58 82 75 62 18 53 
48 91 61 17 20 18 56 42 51 3 13 49 66 61 27 82 27 75 67 4 
70 52 57 96 79 12 68 24 98 10 77 6 42 54 37 15 46 48 20 23 
31 63 36 2 91 19 11 15 50 39 44 12 44 85 44 8 96 9 34 18 
45 51 62 18 19 54 72 23 62 62 73 77 37 66 44 96 56 47 39 97 
