20 20
22 70 38 15 49 58 35 64 4 7 69 45 65 29 89 26 77 93 10 70 
81 62 50 97 52 67 64 71 75 56 93 71 8 88 1 66 32 82 59 15 
37 84 75 31 9 62 87 24 34 95 64 89 4 17 70 47 45 42 26 70 
4 43 15 94 19 92 93 83 6 28 43 63 49 66 67 29 97 34 44 43 
26 58 25 37 24 48 75 32 29 59 81 35 76 22 20 11 36 8 49 64 
70 99 77 92 1 56 87 35 31 11 68 4 29 22 46 79 21 61 43 46 
99 17 67 44 47 9 57 42 51 71 4 12 67 41 18 63 70 40 93 17 
58 62 71 85 49 58 86 94 1 9 35 84 54 65 63 34 17 15 44 65 
1 32 64 66 51 61 79 42 46 78 16 62 38 18 98 41 2 73 79 2 
75 72 2 73 60 73 67 40 18 46 26 61 17 94 75 97 51 23 20 42 
88 60 33 32 36 85 18 87 12 38 47 16 15 12 11 38 63 18 40 63 
90 39 88 17 97 13 52 84 88 89 55 16 36 39 73 67 1 9 82 34 
21 20 72 10 42 96 88 19 29 47 14 83 14 5 54 27 70 7 1 73 
48 52 17 80 89 43 85 41 18 98 20 95 30 52 29 73 36 48 63 4 
59 44 42 34 34 13 98 70 72 26 99 80 48 48 10 70 79 13 14 39 
80 87 14 87 16 48 22 72 59 45 24 87 69 21 94 38 42 74 4 94 
87 82 31 92 19 55 3 70 49 98 34 40 63 52 37 97 30 22 11 60 
79 25 12 43 60 3 70 9 41 37 95 57 6 5 72 18 61 28 94 4 
47 26 36 68 22 39 48 73 49 64 85 71 62 3 37 84 93 8 15 58 
29 61 52 64 58 76 16 7 65 90 13 20 30 65 62 16 41 15 4 15 
