20 10
73 64 28 53 71 25 39 92 88 24 76 41 42 26 65 24 22 67 68 64 
47 81 23 3 69 92 59 16 18 77 31 99 29 88 90 88 13 42 26 93 
89 76 73 33 93 97 19 82 72 76 26 29 19 12 24 5 69 16 79 18 
1 33 74 17 60 48 88 36 10 87 27 25 4 72 85 10 1 28 38 39 
36 42 61 44 21 58 53 52 73 55 62 14 13 90 53 4 80 78 67 58 
63 37 45 17 86 73 9 30 99 56 38 34 28 61 10 21 23 47 28 63 
41 63 41 80 87 13 98 20 32 9 40 72 25 28 60 75 78 55 42 57 
44 29 3 71 98 91 14 14 39 37 18 95 53 94 57 50 28 86 74 87 
20 5 57 16 92 55 36 36 77 22 97 84 35 48 43 60 3 69 73 5 
54 18 87 23 64 73 56 87 28 69 85 50 7 28 22 82 68 1 36 34 
