30 15
45 47 24 58 1 53 48 60 88 91 2 24 1 12 34 63 62 1 4 23 52 91 59 93 72 13 62 49 87 60 
2 22 11 44 23 48 11 40 72 12 95 97 99 52 79 77 68 26 74 31 50 21 55 85 7 95 57 97 62 94 
45 48 16 73 65 81 77 66 33 67 10 23 21 47 49 93 8 90 62 44 38 17 71 81 29 61 96 40 83 5 
64 75 85 10 72 76 11 20 19 50 70 28 85 23 40 57 9 94 80 7 99 97 90 3 62 44 1 73 86 29 
98 20 96 98 54 60 12 29 92 60 35 40 34 97 79 11 29 14 62 86 68 27 88 7 97 65 66 33 50 4 
71 12 27 98 9 58 18 95 58 83 94 97 38 11 97 32 12 92 55 25 28 22 20 33 40 26 51 55 99 69 
8 19 4 74 54 42 87 77 85 97 53 62 58 94 45 63 36 85 49 48 37 57 6 9 45 71 26 98 35 44 
47 90 94 98 61 62 98 57 40 17 90 23 52 93 81 31 29 4 37 65 3 37 35 13 68 71 56 11 14 39 
3 70 18 20 74 17 90 21 22 91 46 90 69 24 74 78 54 11 43 97 66 40 86 92 81 45 36 97 51 59 
80 2 68 91 82 55 19 22 64 74 27 95 38 22 26 15 40 89 19 9 96 34 8 19 7 94 73 84 7 78 
65 25 42 5 42 6 8 12 93 63 37 64 93 20 51 14 16 71 96 78 40 30 92 5 78 65 72 89 27 80 
52 29 50 51 97 75 16 32 23 45 99 54 64 24 43 68 69 3 86 10 51 7 28 11 93 68 34 63 58 84 
58 39 99 24 25 37 15 11 56 89 62 76 90 52 65 4 12 22 79 87 36 49 55 25 88 26 92 30 38 86 
73 57 12 40 38 13 2 47 31 30 66 18 80 18 31 36 53 48 60 61 25 45 57 46 28 57 56 99 86 86 
21 78 87 75 18 70 18 81 62 26 20 54 15 53 17 6 39 68 63 58 27 73 63 50 5 83 67 61 26 24 
