30 15
3 83 83 54 93 93 3 12 43 59 52 7 91 94 80 71 38 18 10 29 92 82 55 64 28 63 47 8 31 57 
84 8 13 73 18 43 48 65 97 55 35 34 55 30 36 92 61 94 72 96 88 45 31 20 24 16 27 59 26 44 
92 38 39 40 6 95 89 1 3 86 80 17 8 46 78 52 99 57 38 33 37 32 9 59 17 81 77 62 84 88 
9 20 45 45 47 64 61 83 77 18 61 77 83 25 63 28 23 97 30 27 71 33 89 77 68 85 5 18 85 5 
90 17 16 83 86 73 99 84 84 3 93 6 33 72 49 19 41 73 49 26 68 23 36 51 85 61 24 18 3 73 
77 37 28 89 98 6 7 53 79 28 85 7 47 31 73 70 93 22 71 3 15 79 75 68 1 73 38 11 42 27 
22 84 35 48 77 44 95 80 72 43 96 24 50 97 21 23 30 80 87 24 16 31 60 71 40 64 60 87 17 43 
52 13 80 97 11 57 26 66 64 32 2 86 85 52 3 89 99 32 32 36 63 68 17 63 94 71 54 12 79 33 
82 70 19 95 55 63 71 47 20 61 52 55 76 15 93 78 25 18 71 99 13 48 84 67 56 66 6 12 7 62 
26 66 66 38 53 26 65 40 48 13 96 15 20 99 16 25 62 88 16 42 80 81 55 50 74 98 41 33 49 8 
69 15 82 14 13 5 81 82 87 56 27 18 85 70 9 54 88 52 82 57 66 59 91 69 34 67 3 95 7 97 
98 1 36 14 2 44 80 19 77 51 24 38 80 32 88 45 43 36 52 19 21 5 54 48 81 3 63 11 27 63 
1 7 1 98 89 19 14 28 26 6 10 76 86 51 42 3 9 45 46 14 88 93 78 57 81 82 40 4 56 47 
5 12 83 63 45 56 52 2 60 53 8 96 53 43 94 40 31 29 59 45 85 30 68 91 82 12 53 70 3 36 
8 86 30 11 70 99 46 78 4 96 82 6 20 51 80 67 10 28 27 18 23 47 96 32 42 5 24 62 72 87 
