30 20
85 66 4 51 61 33 93 46 78 4 87 82 61 40 18 71 96 79 26 96 29 25 57 9 54 45 56 16 14 62 
63 98 39 68 65 4 77 12 14 64 55 36 11 98 64 65 78 1 49 80 25 7 75 87 17 63 1 91 45 95 
60 39 48 63 72 67 19 31 17 70 95 22 38 2 12 56 74 83 70 44 1 48 82 27 76 84 12 26 82 77 
97 67 35 61 3 63 42 13 14 63 29 90 97 12 70 16 93 89 71 59 29 34 87 56 42 59 44 29 95 74 
23 9 92 9 79 90 69 47 99 83 32 73 62 67 51 13 2 16 49 32 1 85 92 28 86 15 92 26 25 12 
47 56 93 99 36 89 24 25 40 30 74 87 58 14 50 8 74 38 25 1 17 26 2 42 32 98 88 41 54 45 
7 37 77 73 20 44 57 6 93 56 85 73 91 34 7 9 73 41 81 11 42 76 41 95 86 30 22 32 28 15 
50 25 37 37 72 93 94 85 81 55 97 72 57 24 83 2 76 3 93 29 28 99 95 69 33 47 95 27 64 21 
53 7 35 99 77 50 92 85 45 48 4 83 27 70 78 71 71 22 48 53 89 35 56 61 56 61 54 44 99 71 
76 86 67 33 37 29 70 7 91 39 30 8 41 27 82 24 51 75 66 98 24 5 88 97 63 43 93 79 46 96 
5 84 27 77 77 85 76 98 51 18 64 92 11 42 11 55 70 71 34 51 15 14 99 67 47 16 58 48 30 9 
74 57 5 52 85 19 22 55 91 39 64 24 20 40 77 99 35 8 6 89 68 6 18 91 29 93 20 11 27 49 
60 90 57 58 52 54 85 83 20 15 24 46 79 11 32 11 59 80 82 88 98 59 54 36 40 69 26 40 21 15 
7 3 74 78 67 48 56 38 12 52 5 37 73 89 35 32 63 39 20 20 37 58 63 8 62 46 67 79 92 13 
75 89 92 41 23 86 94 96 26 52 58 31 57 86 4 2 68 23 56 75 43 67 88 62 33 47 68 66 4 52 
78 66 19 57 38 91 1 45 70 64 35 32 53 32 92 20 82 4 71 28 88 65 14 13 54 97 25 86 36 98 
87 63 97 39 30 69 65 34 23 38 23 15 73 58 96 81 75 14 42 23 93 73 37 12 66 88 76 2 95 84 
70 96 83 70 49 6 45 33 31 6 43 96 46 54 42 17 35 75 52 3 21 30 2 83 77 81 2 78 96 70 
50 97 10 33 70 20 5 19 97 10 24 81 7 9 66 12 36 92 70 57 30 17 48 69 82 63 39 44 85 79 
47 93 24 70 53 61 12 33 62 58 49 92 1 57 41 24 6 13 65 91 51 81 92 71 60 38 8 68 31 96 
