30 15
8 56 91 1 91 82 44 38 15 37 87 17 20 36 44 14 56 23 81 29 88 20 75 98 50 62 83 43 83 30 
61 62 60 26 2 23 87 55 53 26 57 85 24 66 78 86 25 28 85 98 19 72 46 55 25 2 7 80 63 20 
35 46 16 28 97 89 42 62 91 96 41 75 79 5 52 65 14 32 56 61 28 49 72 23 42 12 48 16 8 12 
53 13 75 61 5 64 31 64 80 83 18 49 13 18 68 62 73 61 20 11 84 78 45 97 40 21 25 64 26 49 
18 85 80 40 4 99 86 8 28 86 82 46 96 87 20 89 92 26 5 55 52 15 91 49 56 12 30 19 59 22 
79 71 14 36 98 82 33 95 9 10 35 34 83 99 53 38 8 70 37 23 79 56 76 11 21 83 20 30 24 99 
97 63 79 75 22 72 86 81 63 26 45 37 40 96 66 46 32 13 73 52 75 2 33 4 50 25 50 60 71 41 
92 43 8 31 25 94 40 74 17 69 46 49 2 33 11 19 29 35 46 47 95 59 97 42 84 64 30 88 80 66 
64 88 37 7 19 85 92 28 96 52 68 45 33 83 43 6 6 35 22 89 24 15 91 94 13 8 14 98 8 30 
11 32 66 15 80 61 85 3 9 8 87 64 80 22 21 66 8 24 10 81 63 42 19 65 73 64 99 40 84 14 
10 60 22 64 59 75 20 8 33 91 90 51 73 88 76 84 32 84 38 55 79 15 66 28 27 56 23 73 26 21 
80 78 25 69 68 71 53 19 32 77 18 72 44 95 74 9 20 74 37 98 76 32 17 3 13 43 5 40 72 72 
5 32 51 54 31 51 39 89 62 76 89 53 43 83 82 9 6 89 1 96 60 20 74 58 21 41 64 11 15 12 
95 29 56 75 16 6 16 4 62 55 43 46 81 78 47 8 19 40 18 58 13 99 24 26 40 71 21 3 92 8 
67 39 37 95 81 84 54 44 34 48 21 63 20 1 50 17 34 83 97 34 5 54 36 56 62 67 3 44 91 85 
