30 10
48 17 95 4 52 14 14 82 36 70 42 68 72 72 64 86 42 7 84 97 83 54 7 8 50 43 17 13 74 60 
75 51 49 82 10 11 74 80 79 74 99 29 70 55 25 52 63 72 4 84 88 27 41 63 8 66 15 8 32 23 
14 24 7 88 1 87 20 67 39 66 97 3 76 37 19 68 21 32 26 18 3 32 84 53 97 72 15 11 5 53 
60 83 61 26 50 61 36 37 94 67 64 49 35 38 79 88 16 29 19 17 6 7 64 12 6 62 57 70 28 63 
25 20 54 57 12 45 79 63 29 86 12 80 86 56 65 86 38 48 3 21 96 82 31 68 54 88 2 10 14 62 
59 75 42 19 57 27 58 99 65 79 98 2 56 36 51 46 69 33 6 55 90 18 26 94 69 12 57 9 55 61 
13 2 56 8 55 82 63 62 77 20 49 15 14 77 34 7 13 96 38 2 46 15 38 26 67 76 84 19 29 67 
95 29 79 59 42 19 56 68 50 56 17 32 52 42 8 94 66 34 79 67 27 7 78 41 86 51 16 17 8 98 
62 83 59 5 34 58 8 10 64 90 87 6 48 31 59 13 44 75 27 77 9 93 99 4 32 13 53 41 87 55 
16 59 41 76 91 25 51 56 13 49 68 37 99 47 8 2 59 69 57 80 40 41 78 2 24 77 32 21 48 83 
