30 20
63 11 61 59 83 87 71 29 41 22 31 5 82 25 44 97 19 81 27 90 17 44 96 32 98 29 73 27 26 8 
15 76 87 73 19 37 70 59 69 49 39 80 87 74 54 54 12 48 26 52 68 47 88 74 41 62 66 16 35 60 
57 15 27 45 67 68 19 82 41 2 77 42 8 80 74 5 92 36 46 41 56 14 40 54 43 12 58 24 23 28 
56 45 53 13 93 88 73 1 16 90 4 32 21 48 1 35 77 96 50 82 43 30 85 16 84 15 12 61 95 17 
52 51 3 51 84 97 68 10 6 45 7 68 42 47 85 78 76 50 25 29 41 84 93 40 11 60 97 62 98 62 
76 58 29 68 31 30 50 66 48 82 47 96 70 20 19 97 21 6 29 1 73 30 75 98 15 83 55 18 22 19 
5 13 16 17 66 89 81 6 53 64 3 29 37 37 81 5 90 3 45 20 28 1 81 74 48 54 88 25 82 13 
63 5 91 32 30 1 39 3 25 85 88 34 84 54 82 62 38 87 67 70 30 75 15 6 36 28 35 99 83 2 
26 93 85 37 69 76 3 46 91 21 81 12 37 94 58 58 26 1 84 40 45 69 30 36 41 53 68 44 16 18 
78 56 14 19 28 17 65 96 70 3 45 43 75 17 6 89 76 34 5 20 41 66 64 42 43 34 47 57 25 36 
44 19 60 44 9 19 16 8 99 65 92 77 40 78 95 57 78 33 31 26 38 96 47 78 56 78 84 72 31 70 
73 30 33 40 93 27 97 56 69 77 27 24 7 11 93 39 52 15 72 63 15 58 61 51 83 8 97 59 47 45 
34 44 88 49 51 67 51 39 72 92 36 21 10 81 53 33 91 96 23 58 55 94 73 27 41 21 30 1 85 6 
75 30 94 11 61 4 2 88 91 83 69 1 90 62 52 70 61 36 68 61 51 79 61 48 22 7 78 81 17 49 
63 48 24 42 23 25 47 43 59 35 23 18 7 66 81 62 79 36 57 77 20 37 37 9 41 83 97 96 70 49 
84 31 84 16 17 49 49 87 56 65 42 62 86 59 86 21 7 68 37 64 53 7 89 27 13 87 4 1 47 37 
48 38 57 87 12 71 12 78 27 52 56 1 23 18 90 52 17 97 41 21 97 13 61 79 27 59 18 76 29 14 
19 10 39 82 11 94 5 20 30 15 28 11 24 70 39 3 51 28 17 99 51 88 57 20 16 61 36 76 53 27 
64 9 12 75 62 79 53 14 15 66 47 20 83 21 30 45 91 30 73 98 70 60 29 92 1 4 69 82 59 20 
31 39 12 30 89 2 63 68 19 56 33 82 71 32 5 51 17 38 36 45 57 84 78 44 46 3 95 58 11 59 
