30 10
88 46 44 22 18 50 23 51 24 23 61 32 13 8 97 76 60 56 82 13 2 31 49 49 27 79 88 95 89 59 
13 3 28 67 48 33 8 70 83 29 67 34 44 34 90 23 55 21 83 84 92 50 17 74 70 1 7 58 62 98 
95 47 58 43 28 35 29 3 64 5 22 49 91 97 24 11 58 20 5 63 53 37 47 47 43 61 40 90 64 58 
3 59 37 54 51 24 13 27 4 81 51 56 40 96 12 95 46 27 64 93 21 64 60 83 58 9 77 86 6 70 
97 57 81 12 17 71 2 9 39 78 70 92 63 4 76 2 65 26 99 47 7 80 53 19 48 15 17 42 70 7 
83 17 89 69 59 14 33 52 44 33 54 38 55 40 75 83 63 76 49 16 20 64 25 56 28 4 61 29 38 43 
42 56 16 57 19 73 2 47 94 53 58 27 15 23 25 23 57 4 52 33 1 66 71 55 55 90 30 34 43 32 
57 1 99 27 74 4 15 49 8 81 48 28 40 16 78 45 23 22 44 95 23 20 7 50 65 31 7 44 43 13 
82 10 31 60 17 96 78 67 85 53 80 72 1 49 58 60 24 7 51 68 45 44 58 85 58 75 5 7 47 67 
51 39 12 46 45 72 90 32 5 72 29 29 98 85 64 31 19 29 63 17 46 16 70 30 39 41 94 41 64 61 
