30 15
66 96 58 10 38 41 98 89 69 38 92 20 64 47 78 7 65 62 17 36 6 21 66 7 6 27 96 25 98 22 
22 75 49 36 31 37 70 65 98 19 23 70 76 79 64 57 91 72 84 96 87 28 5 26 10 45 87 3 91 79 
73 12 50 22 41 96 33 11 58 84 47 94 40 23 25 73 13 5 59 83 40 39 39 6 59 17 60 87 13 12 
47 87 70 62 12 92 13 92 96 67 85 83 38 46 32 76 73 8 46 54 77 51 12 41 10 9 54 66 74 68 
39 55 91 51 7 97 64 82 51 27 92 87 91 18 32 95 42 81 8 43 36 65 69 76 32 75 8 47 51 83 
54 86 59 17 23 69 30 4 47 78 62 68 63 47 74 54 76 34 28 98 86 7 28 88 1 80 28 3 70 38 
7 96 71 23 54 5 95 21 49 28 52 17 74 20 97 16 99 44 32 53 8 83 62 15 76 88 90 55 70 86 
88 89 44 39 7 74 18 59 48 52 74 21 55 62 45 36 14 10 24 58 99 22 93 54 43 93 26 70 98 39 
48 55 22 47 14 60 42 28 34 38 89 6 79 84 68 43 69 96 91 38 41 2 6 77 66 89 8 27 4 49 
33 89 20 39 39 65 15 37 83 56 66 89 52 31 45 37 87 82 42 46 50 88 85 20 38 76 83 20 73 16 
49 1 1 89 3 85 77 80 74 68 98 47 47 2 60 11 36 56 16 71 78 10 51 61 40 64 32 2 77 61 
9 1 38 66 5 21 23 17 35 23 36 38 32 40 46 1 76 77 82 26 45 20 95 96 13 76 77 12 60 93 
23 46 61 24 33 28 62 6 4 23 22 60 23 98 53 19 4 54 34 96 58 52 48 57 74 96 92 71 1 12 
79 88 65 40 22 68 43 82 46 78 45 99 78 43 47 94 42 7 69 62 65 15 10 5 64 87 32 23 60 56 
24 76 68 65 64 23 38 46 34 62 68 53 96 31 97 92 12 71 2 49 15 42 24 53 13 43 57 97 91 18 
