30 10
98 53 95 5 34 84 38 57 99 25 58 78 93 9 26 75 36 80 52 59 70 35 94 59 24 55 19 38 21 59 
31 15 17 65 36 29 69 70 72 91 94 13 65 55 8 12 60 90 37 63 29 62 49 7 62 39 55 23 43 23 
13 78 10 86 95 97 39 38 78 89 8 33 90 29 27 94 73 73 99 19 37 29 48 99 20 89 59 14 54 14 
65 97 94 81 16 79 96 75 97 1 67 78 3 29 19 77 48 33 71 17 50 51 14 46 21 45 92 24 98 30 
34 25 40 66 70 85 51 42 6 97 67 5 53 27 23 94 48 71 79 95 89 13 17 16 44 72 88 73 94 75 
74 48 41 32 7 79 88 19 71 27 91 18 31 42 9 3 70 94 31 33 8 31 55 38 88 51 49 49 65 32 
61 44 65 88 95 75 59 85 5 87 48 22 26 54 41 67 27 31 26 71 77 23 62 41 24 7 91 56 69 4 
58 76 78 45 9 78 55 88 85 13 89 94 64 40 70 30 39 53 32 92 61 89 42 45 22 47 19 39 58 60 
47 57 65 52 39 71 30 97 28 24 83 21 66 33 3 6 59 82 67 8 92 39 9 52 27 77 93 32 42 5 
51 97 76 52 79 50 52 53 65 88 25 63 94 12 10 11 13 11 74 49 85 50 25 34 51 80 67 24 49 78 
