30 10
84 44 17 82 5 77 83 95 18 26 74 71 90 49 10 95 21 14 24 1 17 63 54 1 43 90 78 47 11 12 
55 44 82 7 77 80 99 96 3 15 73 64 37 4 5 18 41 6 71 29 47 16 62 56 58 23 90 98 26 7 
17 7 65 75 16 52 14 64 91 85 86 94 20 14 74 43 82 38 87 91 50 13 21 32 76 52 24 36 91 4 
27 46 19 89 31 92 91 88 99 7 83 75 49 35 77 30 78 11 21 61 89 30 39 43 47 6 84 41 62 11 
89 54 9 59 61 99 73 31 84 68 13 13 13 80 24 84 79 14 2 85 28 86 24 25 90 45 74 98 21 56 
29 55 25 97 54 17 3 14 9 16 69 44 89 62 18 40 14 10 51 13 46 65 71 79 94 30 42 47 93 72 
43 94 60 62 73 23 5 91 70 75 20 89 85 24 34 9 19 43 62 74 24 58 37 29 11 49 38 40 57 3 
64 91 96 10 55 70 36 19 43 70 35 94 57 78 63 66 37 12 79 21 26 43 79 48 15 12 67 67 5 20 
36 43 11 3 80 77 57 56 30 72 43 36 8 28 43 90 49 11 73 85 19 8 5 31 79 77 41 13 24 6 
54 60 9 93 47 14 30 48 9 33 48 83 2 5 22 39 62 24 13 4 76 30 71 36 31 73 13 33 56 18 
