30 10
36 74 71 16 48 38 1 49 51 47 79 66 93 43 65 59 49 19 5 58 75 6 18 27 66 31 79 24 15 26 
6 36 4 34 85 62 27 85 56 39 95 42 71 69 70 71 92 92 28 34 39 66 51 79 68 29 59 21 99 37 
86 18 72 48 30 82 87 99 84 8 25 44 44 9 73 69 14 28 80 58 65 27 18 70 63 95 2 19 42 59 
83 4 68 54 5 20 94 73 98 38 40 74 47 86 83 42 69 71 91 5 44 65 59 15 15 29 28 54 74 58 
36 5 8 28 24 78 31 87 41 80 46 52 1 72 94 85 33 96 88 59 96 14 6 37 5 96 90 27 50 76 
66 4 47 57 92 10 35 92 70 50 71 40 90 77 78 50 68 61 90 7 28 65 27 73 14 14 94 26 32 38 
20 20 41 22 24 36 29 77 46 39 98 99 11 34 45 70 54 30 13 65 31 48 49 97 75 43 20 61 21 30 
17 38 61 15 49 27 45 92 6 12 45 11 70 9 91 19 98 97 52 95 44 84 19 54 63 3 90 78 9 35 
31 87 55 34 27 75 46 80 55 54 47 85 67 40 28 96 3 44 70 83 19 95 34 73 32 30 17 34 59 24 
26 7 40 72 89 57 10 81 58 52 35 94 46 41 64 36 58 44 80 61 54 88 93 3 35 28 79 11 67 39 
