30 10
82 38 50 93 94 45 39 57 76 8 22 31 80 46 56 45 61 74 4 35 56 81 40 13 74 58 72 14 90 92 
18 61 7 23 82 1 8 75 13 74 28 27 79 98 15 76 15 67 94 39 26 40 17 41 31 10 39 6 33 51 
49 63 31 43 50 72 47 17 82 1 29 92 22 85 8 80 45 97 78 82 69 65 51 3 61 12 51 61 88 96 
78 1 83 93 4 38 51 9 28 69 19 69 66 15 5 50 32 4 50 51 64 20 70 36 39 76 79 96 59 22 
58 13 1 58 35 28 96 77 79 14 3 87 32 8 7 6 47 76 57 71 40 38 90 16 40 36 60 91 52 68 
99 65 15 93 22 84 6 57 37 12 95 14 42 2 17 4 58 76 67 85 69 20 39 88 92 45 73 50 72 46 
83 72 7 80 66 77 41 21 85 22 93 68 3 65 25 7 86 49 99 41 99 47 29 65 43 12 69 45 54 34 
71 74 88 21 58 29 10 44 12 47 77 79 31 86 64 69 64 84 78 9 38 87 71 10 73 96 10 88 77 58 
66 40 92 6 20 97 88 37 65 94 49 20 90 51 2 73 53 84 10 57 36 19 62 90 21 50 68 16 62 64 
70 60 81 35 61 24 66 5 93 7 80 21 56 7 59 92 19 16 65 58 49 62 39 44 60 34 87 5 89 83 
