30 15
68 28 35 95 36 11 12 57 12 88 67 95 66 42 34 55 77 88 94 69 14 5 85 16 68 39 81 78 39 15 
15 52 59 36 71 90 34 94 39 17 61 80 86 22 16 59 29 58 19 70 88 75 82 53 66 36 3 53 25 29 
4 68 96 5 64 11 19 13 69 67 30 58 5 91 61 31 60 56 50 40 69 32 52 97 90 92 66 14 59 50 
64 56 78 99 7 19 86 51 96 22 63 58 90 67 58 6 34 3 58 26 24 41 4 96 54 19 63 8 42 23 
96 13 95 50 19 10 92 29 51 31 67 16 42 82 90 35 41 28 41 9 72 70 37 47 50 84 99 98 7 7 
96 62 47 99 81 14 27 65 43 61 26 52 95 5 46 88 83 60 49 6 58 37 80 1 60 90 17 26 80 44 
50 35 39 35 17 81 91 8 99 32 48 23 38 78 92 45 57 5 8 31 3 52 69 25 65 23 76 45 18 76 
46 5 74 38 83 53 94 48 10 33 10 44 68 5 60 23 68 72 51 20 76 5 44 63 12 43 5 87 92 18 
80 38 38 14 55 2 71 10 13 67 69 25 91 78 38 78 20 91 84 49 74 23 47 22 5 57 23 92 69 89 
68 71 6 20 61 10 74 81 87 92 56 78 75 87 8 28 28 68 54 4 19 30 15 18 23 12 52 63 4 79 
21 53 89 3 75 56 91 30 38 74 16 68 85 32 26 20 55 81 49 22 7 88 70 67 53 50 81 32 81 8 
91 18 70 7 53 76 83 6 6 29 23 76 73 63 51 42 56 94 12 87 59 17 18 51 44 35 97 31 43 56 
44 75 97 45 27 13 36 98 13 22 74 12 75 96 32 97 58 4 99 2 94 96 9 13 39 13 77 62 43 17 
19 51 1 87 53 27 43 1 39 72 45 15 61 68 76 48 65 25 62 5 72 13 97 96 48 58 28 26 68 9 
63 49 20 21 75 44 3 76 45 49 92 61 11 54 6 46 97 88 63 18 11 95 59 32 29 81 35 89 49 80 
