30 20
2 67 51 97 97 73 39 74 65 5 65 65 15 4 50 56 14 61 92 59 28 69 11 55 62 59 87 36 14 47 
54 5 66 22 49 53 56 57 31 36 43 2 29 50 52 35 48 58 96 60 85 13 91 29 56 69 77 58 4 8 
42 16 32 52 88 88 96 80 39 61 83 68 6 7 43 45 77 37 53 79 19 99 11 70 59 66 28 40 89 35 
44 10 52 49 82 32 20 67 13 18 22 58 28 85 99 85 14 58 29 96 23 27 81 96 42 25 1 11 63 90 
67 88 7 83 37 53 76 60 54 44 72 8 48 67 37 94 35 37 67 18 56 20 65 49 30 79 71 79 86 18 
6 28 68 88 43 88 60 10 38 75 91 34 38 44 19 73 16 92 85 89 88 77 35 17 32 37 34 74 6 5 
93 81 46 94 29 88 86 76 75 41 81 37 68 37 63 2 64 81 85 52 35 80 14 18 60 34 17 70 27 34 
19 41 18 14 3 21 10 60 9 41 3 34 71 72 79 8 35 27 13 23 22 21 40 61 97 44 23 17 42 33 
13 61 76 96 77 89 46 56 2 88 19 82 71 50 57 8 11 53 86 20 31 11 35 15 65 9 81 33 24 54 
72 29 81 30 75 92 71 61 68 85 68 68 3 17 61 3 31 32 44 14 22 40 39 70 79 24 11 75 59 63 
5 88 66 79 17 43 82 2 63 57 26 28 33 15 3 4 1 96 57 70 25 76 60 59 40 18 8 86 51 62 
20 37 95 90 54 54 45 24 57 67 1 14 49 94 35 45 96 55 96 86 77 34 85 56 49 52 12 95 21 35 
10 89 49 62 28 59 64 51 74 87 96 21 84 27 88 99 14 23 68 34 79 56 3 25 6 86 35 79 67 1 
39 46 34 78 13 47 3 97 74 83 22 26 53 87 89 41 69 56 57 88 60 68 52 8 98 2 94 47 6 56 
70 86 10 30 57 4 94 79 56 15 57 69 41 51 75 91 65 59 4 98 56 99 69 4 13 36 61 70 93 28 
31 89 71 59 22 51 62 9 22 85 89 23 8 84 97 41 60 25 21 21 34 37 50 8 26 73 5 3 43 77 
4 35 98 72 45 17 92 99 9 11 3 82 28 58 59 41 62 24 36 96 39 40 96 2 93 47 39 96 20 40 
48 90 66 2 34 93 65 89 13 31 59 14 31 16 12 43 55 72 19 11 89 53 25 46 95 64 39 84 11 75 
69 60 7 54 13 70 40 45 66 80 3 84 27 44 45 40 93 72 61 39 54 29 83 58 84 26 76 16 39 14 
13 60 17 98 85 28 43 71 40 49 63 97 9 45 9 39 15 35 37 39 40 4 96 87 94 64 2 91 86 35 
