30 10
43 39 60 75 25 77 24 64 17 65 95 21 93 96 78 92 81 95 42 72 69 17 60 5 18 3 53 50 81 1 
82 78 52 77 79 44 54 8 95 89 12 24 28 29 15 20 99 25 55 33 92 98 1 69 14 22 99 13 91 90 
75 79 37 21 91 96 38 84 35 39 75 37 44 72 20 79 67 31 30 58 28 73 18 2 56 45 89 50 67 38 
84 83 22 33 77 52 26 34 96 85 50 56 3 56 35 58 91 47 52 90 54 19 74 52 13 9 28 81 33 66 
14 11 99 7 97 73 58 43 57 32 58 72 66 10 24 71 26 62 67 48 38 15 41 35 85 64 93 48 16 33 
38 61 28 30 77 17 93 43 60 36 31 9 69 47 83 92 89 31 94 22 67 33 63 62 3 59 28 82 78 53 
27 27 38 84 32 11 62 4 64 6 76 86 49 77 13 73 92 75 94 35 92 12 99 78 2 25 81 41 60 73 
98 72 93 79 3 32 67 75 34 8 72 78 48 15 72 27 5 60 87 89 21 94 20 46 13 88 60 11 17 40 
85 7 68 54 54 61 83 72 96 97 19 54 4 48 91 31 11 3 39 49 81 38 42 6 6 12 41 45 98 7 
17 89 26 21 64 8 97 44 41 66 67 92 65 46 29 62 23 16 50 38 13 99 53 73 11 21 26 51 80 40 
