30 20
50 5 6 74 52 86 21 55 86 33 13 36 13 4 54 91 87 91 11 83 62 22 43 48 76 40 92 90 49 12 
59 68 48 24 63 62 31 52 96 27 10 27 63 92 1 20 62 67 5 18 63 6 76 86 69 78 86 44 89 41 
41 89 61 44 77 5 22 85 22 38 31 48 41 17 81 24 92 62 83 69 71 28 4 50 54 48 11 79 38 77 
37 49 66 71 56 23 59 49 29 17 79 98 59 75 22 37 13 95 54 97 39 49 35 45 87 2 34 99 26 30 
25 82 33 78 43 91 54 45 22 8 71 50 45 33 78 24 12 49 30 72 32 9 39 68 22 30 71 48 93 89 
7 9 10 50 11 37 94 34 1 14 98 44 26 17 69 45 21 12 72 74 75 24 59 10 98 5 41 43 91 2 
5 34 64 68 3 64 61 84 53 48 60 37 88 76 24 98 61 88 10 10 92 13 13 22 13 10 8 42 5 18 
3 32 99 75 9 62 94 3 32 37 44 43 30 45 9 35 69 1 21 52 52 67 3 27 28 74 83 67 12 39 
39 10 55 85 95 15 99 85 36 85 50 41 38 73 52 3 39 73 8 12 31 20 71 93 51 79 38 54 77 45 
52 94 58 55 90 85 72 82 68 24 4 43 39 49 98 18 56 25 80 47 34 10 25 98 22 24 21 38 69 19 
72 70 51 22 89 90 85 20 48 66 99 56 33 21 73 14 6 7 87 72 48 43 62 52 9 61 7 59 41 51 
40 54 33 27 48 97 56 64 41 28 55 69 65 19 7 52 53 71 79 9 41 30 55 41 88 8 50 75 95 99 
55 91 11 33 58 98 1 1 97 28 84 5 26 86 4 83 24 18 73 10 90 97 76 84 37 25 53 30 85 19 
38 11 18 14 22 23 8 9 90 95 50 76 95 75 88 74 18 93 34 27 38 35 31 97 10 12 29 59 18 24 
44 98 96 16 34 32 39 26 83 51 73 1 72 38 4 21 39 4 63 17 22 34 55 15 4 33 3 82 54 65 
31 45 88 13 40 83 63 62 25 71 90 39 40 91 90 59 24 76 24 2 16 29 14 23 75 41 63 78 6 10 
74 99 27 87 59 27 23 2 65 41 82 56 3 19 90 57 1 93 44 12 1 47 51 23 50 2 22 82 95 16 
14 55 46 20 47 18 58 75 94 25 92 2 19 6 27 16 77 59 14 42 88 27 53 79 99 59 58 72 56 82 
89 43 38 53 83 40 93 76 12 61 95 25 51 26 34 19 40 14 80 9 23 9 36 21 91 39 71 1 32 28 
65 6 40 12 32 99 84 36 38 30 52 92 42 92 15 24 11 81 60 33 34 11 13 98 49 30 50 95 54 46 
