30 20
55 84 54 79 6 46 26 76 25 60 87 92 68 97 78 41 88 66 38 26 45 26 27 66 26 6 42 11 69 28 
13 46 97 12 11 32 34 23 76 48 93 62 19 1 40 84 3 68 42 12 48 88 65 24 17 58 67 53 11 20 
68 63 12 83 21 62 23 73 81 3 53 90 81 39 57 74 38 65 11 92 27 86 80 7 49 89 90 45 96 10 
68 3 15 79 32 9 76 31 18 31 72 86 11 88 50 54 32 11 69 71 88 82 41 57 9 88 75 47 92 55 
6 49 49 7 92 6 71 50 29 1 64 98 86 99 71 8 29 25 79 97 28 75 49 74 81 44 23 47 34 36 
69 16 25 14 73 4 90 9 48 86 51 56 1 58 2 44 86 98 82 92 4 66 75 47 89 94 94 75 12 80 
80 15 23 58 12 4 17 63 55 3 86 73 50 17 65 12 86 82 16 64 69 27 4 49 92 50 66 83 3 80 
67 18 99 51 42 41 31 30 69 17 57 59 6 51 37 85 52 93 96 70 93 77 69 31 48 65 41 84 6 90 
59 19 71 19 64 99 7 43 30 59 85 74 17 34 35 1 98 67 6 72 81 25 87 27 22 17 33 3 44 15 
16 43 56 49 27 16 19 41 73 18 1 87 22 27 53 67 8 46 43 84 27 2 44 58 29 33 31 24 12 90 
59 37 4 29 61 4 69 7 4 27 54 82 61 49 4 59 45 49 35 63 68 15 2 10 19 12 63 79 21 49 
10 89 69 85 45 40 38 20 41 26 38 88 58 55 36 54 30 35 42 98 5 7 55 66 91 1 7 4 4 70 
86 70 46 74 7 48 23 36 71 72 85 84 83 11 15 14 6 12 13 6 83 21 21 48 59 98 39 57 94 45 
21 21 75 57 82 13 34 45 6 11 94 92 94 75 2 32 57 62 7 41 9 16 59 29 58 64 2 38 7 10 
22 57 58 97 70 16 69 52 43 11 73 35 11 31 3 53 86 41 22 21 98 51 90 34 61 81 38 33 35 35 
23 59 16 18 31 96 2 49 50 67 76 31 31 49 61 73 51 97 28 36 61 86 38 68 23 51 92 54 59 35 
82 23 81 74 58 34 69 55 52 10 65 49 44 93 52 10 48 6 54 27 32 61 63 47 38 91 51 91 98 62 
46 13 98 65 46 75 42 43 91 88 73 15 94 6 70 42 45 68 33 71 2 1 78 24 88 99 33 95 85 30 
13 68 91 11 83 52 91 94 66 24 4 30 14 67 46 84 59 2 57 47 83 51 58 95 88 15 22 65 63 33 
73 35 88 77 84 2 87 28 33 25 14 67 3 76 51 40 84 11 60 93 22 6 25 22 50 4 94 6 45 63 
