30 20
54 77 60 7 7 22 44 81 30 15 11 77 80 69 32 59 80 63 70 29 64 83 18 71 23 72 47 96 43 68 
43 53 53 88 87 27 49 84 94 74 46 50 15 52 24 59 38 51 9 72 10 7 94 58 51 28 62 15 78 7 
58 31 59 53 26 26 55 69 69 52 84 92 7 94 61 21 50 88 42 3 96 17 14 29 22 4 88 29 74 5 
5 60 74 66 81 14 34 15 60 87 36 80 72 61 47 63 10 77 26 13 91 9 93 98 35 35 6 72 23 1 
89 16 66 77 79 61 28 25 22 46 23 73 56 63 11 85 20 28 20 65 91 21 88 4 35 30 16 23 42 96 
51 25 18 94 54 5 68 97 66 51 26 32 86 61 33 81 99 35 72 43 97 95 96 46 94 9 40 69 48 97 
14 31 41 25 36 50 28 6 75 12 60 97 16 15 78 85 77 78 51 21 4 36 75 17 63 28 62 41 40 96 
40 59 46 90 32 51 23 29 79 14 64 13 65 31 78 4 41 85 27 98 96 31 97 97 32 55 69 72 23 56 
45 87 5 60 76 52 16 17 58 10 57 88 4 6 26 67 75 86 89 14 34 42 34 7 78 52 8 87 89 25 
25 90 3 65 55 70 8 9 14 20 42 97 83 18 52 80 6 42 55 70 2 92 57 60 90 10 69 41 9 92 
19 86 43 66 2 50 47 31 12 23 76 79 77 30 35 57 25 6 72 17 79 95 83 14 50 40 95 2 34 76 
29 59 1 51 71 35 96 30 1 51 44 72 34 42 95 58 98 99 42 12 94 49 86 74 66 14 8 68 72 83 
65 8 76 14 54 80 7 74 20 52 48 63 90 44 40 85 24 83 20 73 54 44 78 32 35 95 94 78 82 42 
77 63 63 38 72 76 68 74 32 3 21 40 39 21 5 85 34 37 21 1 35 99 10 27 56 25 65 78 28 6 
60 25 85 36 60 39 7 30 90 23 26 43 4 42 55 57 46 90 98 28 51 85 44 83 35 60 56 12 87 60 
14 77 27 37 42 37 4 23 69 7 13 24 74 44 79 28 1 57 83 4 29 67 25 67 45 82 91 58 8 62 
86 96 54 10 24 96 19 58 46 58 91 78 95 60 13 34 50 16 83 97 66 15 6 90 28 70 26 30 83 64 
35 23 61 43 82 5 63 65 18 8 88 41 23 18 68 42 59 96 26 72 92 98 95 90 4 89 39 25 15 66 
59 37 25 9 64 66 45 95 47 64 35 45 75 58 70 58 31 45 83 6 99 89 62 17 64 14 34 79 98 91 
10 11 87 66 15 31 76 46 93 49 8 65 32 59 49 37 70 13 54 18 70 86 34 74 84 55 26 54 24 55 
