30 15
71 51 46 27 72 41 70 71 26 62 59 81 69 71 96 86 15 29 58 67 28 56 47 2 55 12 14 57 32 69 
68 83 64 94 94 36 84 54 39 61 26 95 58 84 5 18 69 14 12 59 18 88 94 3 55 47 56 8 40 91 
3 57 75 68 5 95 57 6 25 44 35 5 11 56 29 52 90 82 79 29 70 30 77 27 33 7 18 20 5 54 
79 46 24 28 43 8 47 2 9 21 6 39 62 22 77 2 38 75 7 38 30 55 80 20 71 56 64 1 93 22 
26 59 96 46 95 62 39 37 26 76 62 9 92 45 25 9 91 1 39 52 97 40 35 45 36 3 25 30 66 37 
37 36 86 3 65 98 12 80 92 66 83 86 71 34 3 44 88 70 13 2 28 39 77 34 69 33 73 72 73 10 
92 38 79 44 52 63 20 7 2 44 35 21 5 15 18 6 69 79 88 5 75 11 9 74 23 37 98 31 52 92 
65 60 93 43 4 15 27 96 15 8 2 13 11 31 28 6 68 2 34 69 77 12 14 18 91 60 39 95 34 86 
77 65 59 36 74 51 86 14 16 70 80 17 44 29 40 42 59 58 98 65 3 24 44 56 28 41 40 40 58 76 
15 78 55 49 96 71 98 31 27 4 94 25 54 27 18 98 96 38 27 18 15 35 50 33 30 53 3 35 51 80 
1 34 42 99 77 73 81 8 29 79 25 16 8 60 12 10 20 8 89 17 58 22 68 88 8 70 47 44 37 94 
53 35 73 2 98 23 97 93 8 14 66 74 86 7 35 91 47 98 35 43 90 8 91 50 21 10 23 2 37 3 
84 70 14 12 55 4 38 5 27 13 24 30 68 3 51 92 98 94 60 55 8 42 83 63 71 96 39 15 35 80 
48 17 33 38 75 70 38 92 4 34 40 39 31 42 22 67 38 95 64 2 29 61 18 75 80 53 51 96 23 93 
83 73 90 27 69 16 69 17 21 43 85 32 30 16 40 84 20 34 70 33 39 67 43 38 95 60 49 21 27 39 
