30 10
89 53 51 66 66 28 80 93 48 69 86 5 77 71 83 39 15 59 56 19 40 26 30 30 39 4 16 32 60 72 
1 15 85 11 32 39 33 77 58 32 28 31 92 75 37 43 76 76 16 74 81 71 49 88 28 80 83 9 96 24 
96 33 12 79 4 81 54 23 93 76 43 70 70 68 92 32 21 41 25 95 53 21 50 51 56 67 67 2 2 51 
99 92 62 60 67 72 75 7 19 74 65 44 22 44 18 53 48 17 49 31 43 77 81 26 55 15 73 76 17 90 
77 73 58 38 40 18 64 51 88 7 15 45 21 14 18 73 57 32 49 37 95 41 19 48 51 9 25 16 66 21 
68 46 38 5 84 99 5 93 28 31 41 11 66 69 15 98 21 22 54 27 32 12 99 89 44 79 60 55 87 41 
99 35 75 9 2 95 72 35 98 57 27 64 54 71 2 90 42 74 22 50 4 4 26 6 50 88 51 4 76 32 
36 62 79 64 67 47 6 19 73 44 81 50 75 25 43 33 21 24 17 93 94 6 81 15 89 35 85 34 24 66 
23 76 39 44 26 22 45 54 18 27 46 38 31 56 35 2 32 25 46 87 82 54 81 63 77 38 14 37 64 65 
70 72 34 76 89 52 4 64 2 66 72 36 72 94 5 56 82 69 10 49 18 8 60 39 56 7 12 44 78 80 
