30 15
58 39 11 91 43 70 18 94 8 7 13 80 54 98 70 38 8 32 17 7 2 92 81 56 80 51 82 46 77 97 
50 84 2 64 87 66 45 39 53 34 78 4 7 64 89 46 34 87 26 45 5 55 52 22 18 41 49 97 20 35 
75 51 53 70 76 52 20 28 76 80 38 44 54 9 1 99 64 70 84 10 93 22 22 80 50 72 19 60 6 93 
98 67 11 31 94 33 82 74 6 53 58 87 3 68 41 94 23 65 15 28 43 23 18 26 69 43 98 3 65 17 
47 93 7 67 38 2 26 12 85 60 43 88 96 9 65 96 7 84 5 9 79 17 27 91 58 65 55 3 8 52 
87 73 10 3 21 64 36 17 1 15 24 34 92 39 10 55 98 39 80 23 67 53 95 4 79 95 19 93 13 94 
87 15 39 8 84 31 91 2 11 34 45 13 5 1 73 95 5 95 60 23 11 67 36 63 24 43 19 23 80 77 
92 90 16 25 49 71 9 9 12 20 8 3 77 85 51 55 39 5 55 20 84 79 44 3 64 98 66 33 59 25 
61 78 56 25 33 45 39 11 36 27 37 33 73 44 32 78 58 41 41 57 69 43 31 85 41 49 51 50 83 43 
81 93 92 8 76 3 98 92 30 37 99 3 20 24 58 93 10 94 70 62 87 80 24 25 25 63 17 80 6 76 
89 91 55 89 68 99 31 46 31 96 41 22 72 76 18 29 80 58 32 16 50 34 62 43 49 33 30 62 33 43 
67 84 37 39 29 30 11 92 6 20 65 63 64 85 2 35 72 31 16 13 22 85 76 84 51 85 15 66 14 74 
37 58 5 25 45 15 24 8 54 15 56 12 21 23 38 80 93 55 84 51 72 35 17 82 88 79 80 2 80 81 
19 19 56 61 24 8 41 85 63 1 80 39 23 52 61 45 74 62 39 48 97 59 50 35 2 15 82 17 46 87 
63 6 45 79 69 56 12 36 30 20 45 19 41 99 35 53 16 17 86 24 64 49 52 49 33 58 17 77 74 13 
