30 15
56 13 41 12 20 99 55 86 43 94 79 85 88 90 97 89 92 59 91 50 7 1 10 36 72 48 43 5 28 98 
88 84 38 43 85 30 39 65 16 93 66 6 98 60 7 94 55 87 12 97 23 65 98 72 71 32 50 20 63 44 
56 56 13 10 32 31 63 51 72 68 16 32 72 27 37 74 36 25 84 19 72 51 10 1 70 11 42 62 36 73 
78 81 62 45 31 34 54 44 23 15 49 41 60 14 43 17 40 58 34 73 98 76 91 16 77 28 22 31 87 45 
80 76 80 4 41 2 42 24 6 84 67 46 96 40 98 33 98 77 50 7 77 20 70 75 52 4 41 63 97 10 
42 46 23 49 52 32 58 88 74 17 56 13 21 23 31 97 2 5 26 24 43 74 45 79 1 99 1 45 72 41 
43 16 75 87 42 45 40 21 8 91 93 94 11 4 91 98 50 61 95 37 82 17 18 75 68 25 70 76 77 63 
81 4 16 71 39 44 79 1 36 9 13 19 30 61 87 27 66 38 24 92 18 89 66 50 96 4 64 25 75 56 
64 62 46 61 35 85 35 5 76 17 45 15 65 16 80 24 24 53 49 98 94 77 36 90 27 16 30 78 94 20 
23 45 60 2 57 81 28 62 17 78 93 80 12 12 72 65 11 64 19 49 81 96 63 11 39 31 14 30 74 95 
38 83 63 38 11 83 58 91 9 54 85 51 58 48 59 25 64 92 39 11 50 55 9 14 69 11 93 81 3 91 
48 12 92 12 29 3 92 69 80 59 88 62 75 70 90 55 53 42 51 64 3 78 75 75 94 1 45 15 71 23 
83 49 57 37 43 82 53 99 86 16 72 20 77 98 29 25 7 33 54 97 2 44 43 70 95 49 98 15 78 31 
37 24 71 53 22 96 11 64 76 76 78 48 70 21 40 30 46 4 80 13 71 76 97 6 32 36 36 30 23 73 
97 79 3 51 74 63 10 27 24 48 10 58 93 77 28 51 26 55 34 93 54 27 97 90 48 10 57 76 1 92 
