30 15
8 96 33 83 64 38 35 73 21 76 21 47 80 94 75 52 23 33 78 27 8 40 90 73 14 72 75 20 81 78 
90 44 68 6 33 55 27 38 78 58 27 52 7 36 90 36 28 37 64 67 74 53 5 78 72 5 16 67 40 93 
99 1 95 28 93 96 94 48 26 2 82 57 74 30 30 3 76 42 70 23 76 10 75 95 88 15 12 38 25 23 
73 17 5 61 97 89 93 79 96 85 57 6 4 12 82 25 21 67 54 89 9 95 26 18 24 73 68 48 5 81 
69 34 6 90 52 14 27 76 63 73 9 44 64 24 73 88 4 96 66 86 2 47 35 9 11 13 69 35 82 6 
21 17 1 68 95 53 26 99 71 20 77 1 90 90 87 68 76 37 30 43 65 23 76 50 71 37 88 9 5 10 
31 4 38 82 52 50 1 83 80 27 19 99 7 93 78 68 25 23 56 68 92 67 49 45 55 8 8 76 45 92 
75 56 95 3 22 69 21 46 34 42 53 90 18 28 66 53 43 11 95 18 96 58 62 24 8 43 28 24 95 69 
49 24 64 65 46 87 18 56 26 15 73 67 95 89 38 80 41 81 52 97 75 36 49 55 6 11 8 7 47 49 
48 88 78 79 4 36 70 96 29 28 50 97 38 91 44 7 9 38 40 51 12 45 29 56 35 37 94 55 25 72 
78 4 74 2 43 67 42 71 27 77 65 40 93 28 8 80 15 72 78 57 4 42 79 44 75 11 17 84 33 17 
3 21 90 65 24 28 24 6 4 70 54 40 58 14 40 5 58 73 82 1 47 21 60 30 59 23 62 64 82 38 
99 8 41 40 61 38 57 96 8 79 48 67 17 42 2 57 53 89 45 80 23 90 45 48 22 64 56 81 91 62 
47 5 34 11 8 80 94 27 3 36 8 59 24 85 90 11 88 94 38 60 89 3 33 71 42 17 47 90 14 66 
8 17 12 95 8 9 18 92 18 5 56 85 98 73 36 55 26 15 14 9 34 51 15 77 64 74 87 93 21 7 
