30 10
46 68 67 45 48 59 5 83 66 31 44 6 9 10 77 45 46 56 36 80 31 4 22 62 94 13 19 66 27 70 
71 18 25 23 76 34 64 93 13 63 87 98 62 55 47 34 56 28 18 19 64 24 52 10 85 18 58 60 41 88 
41 30 3 39 30 20 85 44 81 45 49 3 34 76 2 83 42 26 2 93 97 29 69 13 90 98 38 25 92 67 
61 40 95 33 37 43 83 31 61 50 8 56 95 85 96 27 56 33 4 72 41 8 79 37 6 53 10 99 4 30 
85 19 46 57 11 88 80 3 93 68 7 58 79 98 82 85 95 46 86 39 73 18 8 14 48 97 2 30 43 20 
33 35 70 13 59 97 4 52 27 9 99 50 33 89 20 8 24 86 58 67 91 17 73 65 81 73 19 31 9 82 
41 27 28 19 98 57 21 93 97 30 57 34 2 77 67 6 65 70 9 92 36 43 6 39 90 11 30 79 98 55 
25 62 80 51 24 59 41 19 14 9 63 40 81 32 33 49 49 68 53 90 90 19 50 55 98 7 58 1 16 31 
57 32 16 61 41 23 16 7 20 57 67 45 77 38 94 39 83 10 81 78 64 96 65 14 59 67 1 14 58 41 
97 37 34 18 93 9 79 97 17 3 93 61 41 21 89 7 94 46 18 69 26 37 14 56 83 69 43 48 84 29 
