30 20
32 38 39 7 3 69 98 12 72 41 42 78 42 89 85 39 68 86 95 7 51 40 82 78 33 80 93 21 90 62 
41 87 13 62 90 62 50 41 94 24 83 93 24 30 8 5 16 35 67 89 37 55 21 57 59 36 18 83 24 27 
9 50 31 92 26 97 59 96 43 95 85 93 24 73 41 89 54 26 98 34 80 62 18 57 61 49 90 21 4 53 
69 37 90 84 31 71 76 7 72 1 79 45 35 8 25 28 61 23 56 91 18 40 43 93 15 37 12 37 21 93 
61 59 74 40 39 42 69 51 25 3 99 5 36 98 69 39 9 20 48 18 97 79 68 28 61 11 15 71 60 57 
79 84 17 18 8 6 18 42 33 51 86 11 31 25 77 70 79 81 81 5 23 2 92 9 46 57 76 49 39 83 
59 49 4 68 22 17 38 14 2 20 94 59 13 21 34 38 69 57 87 78 31 85 3 49 44 20 86 98 87 84 
37 14 89 35 64 86 22 39 80 4 39 41 6 58 34 28 62 8 63 64 94 4 63 13 86 2 69 53 79 82 
86 88 30 28 65 29 63 13 42 74 79 91 59 48 41 12 72 20 20 15 43 1 90 32 32 39 24 75 94 11 
31 12 11 70 51 77 55 9 52 98 52 52 63 20 73 20 71 26 40 6 95 14 85 49 50 57 26 1 20 75 
55 56 56 89 80 98 29 16 15 66 73 44 48 66 63 4 74 7 2 96 39 46 59 44 79 32 24 31 66 46 
56 8 85 82 16 76 11 97 34 62 83 52 36 93 1 31 71 16 93 95 32 13 47 6 76 23 21 34 43 57 
3 47 70 1 42 5 55 79 89 15 57 4 27 7 73 40 67 5 81 41 47 15 25 39 20 21 14 44 47 79 
47 56 22 9 28 32 9 46 2 9 92 76 22 9 53 40 89 3 53 10 20 85 5 65 13 39 39 59 24 3 
75 26 32 12 40 70 96 18 87 72 38 35 64 42 88 10 51 49 89 69 10 62 31 64 21 1 97 14 33 69 
96 70 74 23 9 98 36 54 43 1 73 77 31 51 3 98 77 18 74 26 79 77 87 84 48 38 18 41 23 51 
43 41 4 98 44 40 52 58 24 61 83 76 29 98 17 53 74 5 41 90 44 83 6 92 78 84 16 51 71 94 
37 33 33 61 33 58 89 20 78 88 84 98 60 83 24 30 25 92 58 69 42 21 47 62 80 96 31 15 70 45 
97 92 27 53 46 59 73 11 35 58 37 25 4 23 10 41 82 24 94 18 33 15 51 64 97 74 35 89 34 50 
1 30 53 12 55 40 53 82 90 75 20 62 32 52 86 81 51 76 43 25 83 59 53 40 54 44 79 64 89 16 
