30 20
88 33 38 75 6 2 12 75 93 6 34 85 44 71 5 30 58 37 68 31 18 26 82 79 48 14 86 99 92 93 
21 96 71 88 34 43 68 57 32 83 14 82 55 52 43 42 92 51 8 2 23 99 25 67 60 73 17 24 96 51 
97 22 10 87 29 1 72 10 71 66 53 85 27 6 70 62 34 60 38 55 86 45 84 59 56 66 75 71 3 40 
31 49 69 45 70 60 89 12 19 96 87 81 79 13 97 70 41 36 34 13 68 57 86 54 97 23 14 44 32 32 
21 46 20 5 57 65 86 6 44 3 17 49 61 29 90 56 8 61 95 36 71 38 88 47 99 82 72 72 65 77 
84 15 93 3 23 44 76 44 71 94 75 75 30 40 48 85 99 99 75 89 30 91 9 66 57 68 9 5 53 67 
4 43 28 85 82 89 27 19 21 90 12 1 41 50 47 84 78 28 16 37 95 52 40 56 1 41 97 85 72 24 
8 50 71 33 90 77 93 66 43 17 16 91 97 39 24 71 40 72 1 30 99 7 23 42 45 78 50 28 79 66 
90 53 83 88 16 85 12 21 67 14 7 88 99 91 31 68 26 88 36 35 79 49 33 26 90 70 64 11 53 64 
66 36 92 91 54 77 19 48 14 80 21 81 48 77 85 85 40 60 54 32 1 16 66 12 9 76 2 83 56 59 
79 72 88 65 30 76 54 40 53 36 19 27 10 99 22 20 69 87 68 98 30 17 52 46 33 17 72 69 89 50 
86 9 80 39 57 84 82 29 82 39 35 46 9 70 20 76 29 54 61 35 70 39 17 54 92 42 69 81 80 39 
9 96 2 16 39 25 99 14 28 45 31 96 28 77 70 86 5 38 96 37 12 11 55 2 58 12 32 3 73 60 
38 5 75 35 36 44 35 83 8 49 4 39 59 97 60 40 79 54 94 86 92 10 47 73 90 29 53 43 88 91 
86 84 87 54 92 56 34 89 68 1 49 87 11 9 55 99 49 95 19 59 63 19 63 5 3 99 92 93 6 38 
70 99 28 44 45 21 38 29 89 60 33 17 56 63 45 4 56 98 16 4 57 48 85 41 75 5 93 48 66 63 
66 48 69 90 92 59 51 63 92 52 86 13 65 17 30 27 9 54 70 82 94 38 3 21 36 90 99 11 55 46 
78 35 79 33 88 30 19 20 41 14 30 12 96 44 1 96 37 21 12 22 98 27 71 39 25 70 66 52 5 33 
99 59 15 43 3 4 54 69 80 7 51 42 45 87 4 68 88 66 52 60 4 78 95 55 1 94 10 37 26 38 
86 49 11 6 36 17 54 66 13 91 17 79 69 95 40 40 62 40 67 74 43 20 33 42 56 6 62 25 26 38 
