30 10
45 61 36 78 22 55 58 96 75 41 5 51 71 27 84 24 27 42 18 38 26 68 26 51 43 38 34 97 73 78 
38 21 66 22 73 64 87 1 41 97 51 94 82 12 27 31 53 99 81 63 4 34 55 11 92 41 62 89 29 36 
55 1 81 22 37 91 9 83 25 40 78 5 1 33 16 68 99 96 31 89 11 10 75 54 41 23 55 71 32 79 
70 10 76 2 44 22 20 22 15 18 30 90 63 22 76 56 33 11 55 89 49 73 80 78 32 12 53 73 82 70 
20 18 13 32 75 57 55 76 11 16 35 98 69 51 33 55 24 53 82 65 2 67 31 39 23 81 2 67 51 65 
57 8 40 88 83 94 1 82 82 8 83 17 41 2 5 64 22 88 96 16 30 77 11 29 1 87 48 65 21 52 
21 56 31 76 92 76 55 8 41 41 94 44 65 34 62 6 46 65 48 30 44 56 13 30 53 18 50 55 7 46 
91 11 63 50 50 25 86 69 62 4 3 5 98 33 92 38 54 5 14 94 28 4 3 31 89 38 46 47 13 92 
56 54 4 3 52 31 76 52 12 9 72 50 90 11 36 1 2 56 45 19 24 26 89 47 96 86 52 37 30 69 
81 2 64 12 8 63 12 29 92 71 31 43 51 80 89 90 67 19 85 56 80 30 30 74 1 90 51 20 63 15 
