30 20
58 74 41 9 75 49 80 55 56 78 33 56 58 31 15 10 61 54 16 93 61 78 88 59 66 1 44 27 87 88 
80 44 31 48 76 47 31 33 88 33 88 71 36 95 82 56 54 45 44 85 61 83 24 31 30 69 59 6 55 88 
84 93 9 27 10 14 52 55 13 12 2 48 68 49 88 25 30 90 99 31 74 46 12 77 43 16 42 89 87 34 
56 51 24 5 17 8 62 97 72 59 67 18 95 41 58 42 52 98 5 66 23 8 48 24 15 90 20 7 88 38 
34 15 72 64 27 17 37 83 47 62 80 10 56 47 33 90 79 20 87 71 3 71 96 90 64 35 57 71 46 73 
72 23 17 36 76 80 28 94 36 39 60 51 15 65 83 78 2 82 77 42 83 40 99 67 11 79 60 5 65 6 
7 61 56 65 83 15 41 48 31 11 23 57 72 14 98 43 63 70 19 9 39 53 36 58 54 3 44 31 26 74 
1 63 32 47 39 61 19 8 34 81 41 25 27 98 57 50 24 94 3 99 16 78 5 81 99 7 7 6 92 1 
48 12 48 90 37 94 68 48 60 84 61 40 35 91 86 12 11 69 82 49 64 10 61 71 91 33 1 26 1 87 
47 9 59 94 15 88 49 60 20 92 99 80 33 84 42 44 90 43 6 38 57 34 86 24 99 78 13 98 53 20 
73 48 86 2 23 50 40 56 9 49 96 24 22 13 98 48 63 94 72 78 93 79 71 19 73 23 23 67 7 2 
47 43 87 79 18 34 40 67 55 11 60 46 56 83 51 52 83 92 40 61 85 32 98 12 11 62 57 21 29 35 
29 31 15 52 29 59 23 98 3 38 20 41 83 81 15 76 28 65 39 7 13 19 37 38 27 20 63 67 62 88 
7 6 90 74 98 37 23 75 9 49 95 91 10 50 12 90 3 53 83 71 76 41 97 45 85 40 89 94 11 84 
74 2 17 57 50 45 73 97 74 56 11 16 77 60 49 66 9 99 51 87 78 74 62 54 2 90 53 14 43 99 
55 2 77 22 49 84 96 81 28 74 34 36 20 95 22 96 44 52 93 17 25 50 94 7 13 12 10 56 3 95 
89 84 42 1 72 13 12 20 26 28 86 49 63 45 53 91 41 82 85 54 49 54 41 33 9 67 51 16 64 10 
8 7 59 31 87 62 77 3 80 50 43 36 90 7 68 69 34 85 12 36 2 21 42 39 33 1 11 17 83 31 
3 43 88 50 31 80 12 29 58 91 79 26 86 72 87 78 68 88 52 19 44 21 51 13 90 8 71 8 63 91 
91 13 11 58 15 13 23 98 18 95 29 94 16 62 59 9 59 66 40 68 56 36 14 79 88 89 57 52 30 55 
