30 15
9 15 86 33 29 33 56 82 34 81 50 95 78 48 86 98 21 32 96 48 12 8 33 2 54 95 56 65 57 92 
8 82 29 74 28 39 69 25 1 20 27 8 8 17 94 57 57 89 32 26 84 38 55 31 22 53 49 49 1 41 
95 45 75 54 3 5 74 91 65 74 26 20 32 17 61 43 48 97 38 10 47 45 34 55 61 29 2 68 41 64 
18 58 59 97 43 94 43 38 34 93 58 71 63 33 35 7 24 64 97 44 52 47 92 7 41 76 18 32 3 33 
50 16 36 97 86 52 18 41 54 92 22 93 7 7 98 60 19 23 83 38 18 31 15 40 87 93 82 1 16 26 
93 73 26 47 47 3 58 31 83 54 43 5 79 8 63 30 42 27 96 3 72 99 23 82 20 27 53 81 75 54 
14 23 96 9 17 3 20 84 23 11 77 62 78 41 66 28 88 49 17 92 82 95 49 27 70 47 82 42 17 1 
14 99 68 27 52 22 40 24 12 58 84 60 44 8 95 91 96 42 41 29 65 86 11 45 83 34 96 21 81 13 
16 18 92 92 11 92 28 81 2 2 21 62 31 23 27 27 94 87 3 36 46 99 28 2 71 96 1 62 4 11 
65 35 7 20 52 29 29 41 66 40 12 60 61 6 83 87 46 89 56 76 78 92 25 16 97 20 46 19 34 86 
2 24 46 98 86 70 86 46 46 18 13 20 31 29 77 91 96 68 83 14 5 9 25 38 91 47 76 12 2 63 
8 66 11 73 9 22 3 11 31 52 14 81 38 39 12 15 2 68 76 70 51 6 32 26 17 80 79 19 90 67 
87 46 29 94 17 64 19 6 43 93 38 52 83 30 85 25 53 81 59 91 26 51 24 86 98 46 32 80 7 15 
43 86 83 81 23 45 26 83 10 33 82 92 24 31 38 9 20 90 32 16 41 2 14 66 13 61 29 61 57 82 
15 88 62 92 93 84 88 4 75 80 29 5 60 79 97 90 30 50 76 2 21 29 17 67 53 22 38 10 98 9 
