30 20
86 93 93 61 34 29 82 23 73 53 14 31 51 41 6 73 52 11 55 69 71 97 98 34 83 16 87 51 8 36 
90 77 65 43 39 4 43 75 2 89 11 93 83 9 95 92 94 63 2 18 90 26 50 6 21 82 26 28 68 78 
72 38 61 73 77 33 31 81 37 14 78 10 79 76 86 9 51 52 19 71 34 27 34 55 67 58 5 98 63 97 
58 65 78 65 96 3 32 58 74 44 18 29 22 88 4 91 63 12 41 79 4 58 64 48 29 37 80 60 92 15 
33 67 20 13 12 17 29 18 30 1 69 8 8 99 79 81 18 74 34 55 54 39 12 31 97 24 65 60 90 46 
19 21 76 24 79 98 43 29 85 41 8 50 47 80 18 70 33 57 1 48 14 62 7 66 6 80 53 72 15 34 
80 15 95 28 91 43 29 48 14 85 90 60 23 58 88 67 85 9 30 68 78 40 41 72 9 25 86 22 30 25 
28 89 94 25 42 74 63 35 65 30 77 58 92 75 37 10 76 99 46 72 21 50 7 87 74 35 13 48 24 10 
39 81 12 57 39 24 16 56 81 41 75 29 28 40 25 21 25 70 21 5 77 93 8 46 17 50 92 76 64 30 
80 82 69 77 24 51 46 32 85 25 67 55 2 95 78 75 41 66 38 56 58 95 54 36 32 40 36 77 9 1 
69 78 86 56 58 91 56 26 12 11 71 38 44 66 65 64 60 49 19 43 73 24 82 96 25 52 93 52 2 6 
20 63 59 13 79 39 22 50 9 65 72 50 27 71 66 88 99 73 6 69 36 66 31 25 83 18 19 9 21 62 
38 18 96 54 72 52 66 40 40 98 99 9 37 42 31 14 5 94 32 71 7 69 70 28 87 40 87 32 51 18 
64 27 65 12 77 13 12 36 77 79 10 27 92 33 44 80 98 22 62 6 53 77 22 68 48 60 31 36 47 4 
5 52 78 39 18 84 66 98 84 71 11 73 32 41 57 92 2 29 73 52 66 91 65 29 49 33 4 4 44 17 
79 60 13 67 8 27 26 76 59 25 51 10 38 89 28 55 13 86 7 27 17 2 47 58 35 38 12 91 3 6 
13 44 46 53 82 45 9 46 57 30 82 4 92 43 43 82 78 69 37 62 9 1 48 16 48 8 66 75 5 4 
44 5 73 63 23 42 42 2 12 66 29 26 71 13 48 72 32 7 61 98 41 19 13 19 8 97 82 56 41 24 
86 66 19 67 43 28 77 61 22 26 82 29 15 46 57 31 80 52 44 17 53 10 28 41 70 94 51 86 85 24 
3 19 23 66 54 92 12 95 75 49 28 40 30 34 28 70 89 90 73 97 28 47 25 69 17 19 37 62 18 93 
