40 10
47 43 1 10 93 7 71 25 43 34 96 85 59 79 11 16 49 39 80 63 54 19 99 57 4 26 51 71 25 56 14 90 5 96 30 89 14 22 32 16 
52 26 54 34 13 15 16 71 60 6 75 86 1 64 15 79 51 90 79 24 14 11 73 59 37 4 31 97 61 57 80 75 40 54 78 29 42 89 32 7 
56 70 22 8 8 62 23 59 13 28 95 46 20 83 7 65 46 91 64 80 75 36 92 41 58 40 15 57 28 52 41 36 13 76 64 69 58 69 57 82 
37 87 49 93 56 50 7 76 40 37 36 95 77 49 19 54 53 44 96 78 41 76 54 33 17 16 26 96 13 49 40 36 95 62 84 53 80 6 14 11 
20 63 80 76 66 22 99 27 21 19 44 52 48 4 55 89 92 43 73 48 8 13 32 36 51 98 93 83 35 3 59 84 33 58 28 31 33 46 5 65 
43 82 45 62 97 27 9 55 23 38 28 44 3 88 40 79 99 84 84 42 45 33 52 48 98 49 11 96 92 88 20 44 63 14 19 10 53 86 4 12 
29 63 75 69 98 8 22 98 60 89 66 6 60 63 28 8 90 25 67 34 3 67 22 87 26 98 57 62 89 10 18 18 59 1 90 9 75 67 69 73 
17 12 38 80 34 40 92 29 60 8 41 7 21 36 24 73 20 56 31 54 12 93 6 48 92 44 81 17 28 31 52 55 16 38 69 42 74 25 75 73 
7 97 55 89 16 18 27 59 50 74 88 42 67 6 48 94 11 7 32 36 38 94 17 83 6 69 13 4 7 89 9 58 65 47 71 59 93 58 98 37 
53 89 34 98 98 19 56 5 8 23 81 71 30 99 42 88 54 99 71 17 45 20 50 76 63 39 44 74 60 80 15 51 59 3 13 68 13 26 60 22 
