40 20
53 89 11 22 1 29 39 92 87 55 95 67 10 96 24 86 2 76 40 71 3 77 98 85 27 14 67 9 35 96 88 2 96 6 54 77 65 54 71 72 
43 51 12 16 12 98 52 65 74 93 79 14 41 41 93 77 10 7 51 59 8 64 13 85 40 33 86 56 30 26 73 85 64 93 6 44 37 65 99 7 
86 78 5 20 60 25 64 23 12 27 30 58 35 82 87 40 62 98 22 96 88 7 37 92 81 83 74 47 9 69 31 49 51 86 74 84 23 57 71 43 
63 16 3 62 35 66 3 74 34 7 76 87 70 99 46 81 55 43 34 21 94 63 52 45 79 11 94 61 82 53 37 44 50 66 22 24 99 33 60 83 
16 51 54 84 62 17 32 72 59 33 33 69 73 45 39 63 72 77 18 55 87 99 86 27 90 99 84 13 55 46 40 62 30 65 37 16 6 2 89 67 
10 62 22 95 36 97 6 72 18 98 24 30 50 72 98 42 19 16 67 44 46 63 25 76 37 25 68 32 18 35 42 96 83 94 77 95 41 12 42 34 
7 9 12 57 40 80 57 81 15 65 13 38 73 95 13 35 25 60 66 96 57 20 73 79 60 33 43 92 45 66 16 16 60 17 77 21 9 33 82 87 
60 82 10 70 65 92 84 46 17 14 19 16 1 2 7 64 20 92 7 50 87 90 37 98 22 67 64 99 40 53 3 98 48 31 2 90 41 31 47 12 
90 24 21 16 13 73 35 37 96 46 28 18 9 84 62 86 98 20 19 45 70 44 66 41 50 73 30 28 54 21 59 43 58 62 98 71 67 7 55 13 
5 19 10 63 3 55 38 41 85 64 15 65 62 67 81 37 67 32 72 25 96 13 61 7 60 99 2 20 19 60 74 96 33 80 29 15 2 12 27 36 
86 5 68 70 41 47 44 70 25 90 58 83 86 60 60 87 84 13 74 97 11 53 13 86 4 51 96 3 72 63 75 89 10 49 44 3 18 91 62 31 
11 32 40 98 62 44 17 76 11 43 64 60 87 82 82 99 84 61 28 40 46 18 5 11 62 22 63 21 64 68 89 53 17 75 99 55 14 71 38 37 
75 97 61 92 53 28 78 96 89 61 91 24 8 54 13 70 23 84 32 91 17 27 88 71 5 17 38 89 2 23 24 94 92 12 43 65 6 21 15 87 
35 68 85 13 92 20 59 10 46 57 57 41 10 83 87 66 72 28 57 44 44 87 18 72 3 73 4 35 29 52 83 44 60 93 96 84 27 8 2 56 
48 51 5 9 95 25 37 92 53 91 18 69 9 15 62 41 36 83 80 92 12 37 95 17 35 77 63 31 47 89 91 94 51 62 54 28 26 5 18 35 
18 38 95 97 7 78 98 55 13 16 4 24 93 11 54 98 29 60 69 4 23 91 34 92 90 59 92 42 55 34 45 42 43 98 41 92 73 43 70 95 
47 43 48 16 20 15 40 24 32 72 70 40 48 29 97 84 66 80 49 48 83 78 86 61 65 98 71 61 17 9 42 63 47 38 73 27 42 44 52 26 
13 85 25 44 37 89 37 72 36 57 21 83 68 98 57 84 50 54 59 36 97 38 8 92 71 81 3 47 20 78 3 79 24 25 71 91 40 70 18 62 
96 8 93 42 2 58 16 21 10 2 40 64 67 61 74 31 99 10 69 40 39 91 41 88 37 38 81 72 84 88 85 3 32 7 64 28 7 3 66 49 
36 72 8 12 33 77 51 60 36 34 45 92 8 25 26 17 31 86 45 45 99 2 63 82 16 96 44 24 78 34 48 46 80 5 25 3 5 22 9 16 
