40 20
82 30 31 72 45 11 24 66 83 34 88 34 76 45 47 16 51 62 43 44 28 19 81 85 57 4 72 91 73 11 81 32 28 77 63 49 44 33 13 92 
41 67 2 6 8 28 70 99 13 84 45 4 53 96 88 89 64 75 60 89 35 6 36 21 30 64 24 98 7 38 84 60 34 42 51 80 13 40 44 90 
33 94 14 48 88 45 90 91 65 47 58 5 44 10 78 6 88 12 91 31 41 93 14 27 16 56 30 43 90 48 87 30 5 67 88 27 47 46 85 61 
59 62 64 78 73 36 48 67 76 47 37 9 29 22 46 31 15 37 91 50 5 87 66 34 29 56 5 71 41 80 51 44 94 27 30 91 6 52 17 81 
95 88 79 34 10 24 25 35 97 46 69 46 73 16 35 97 54 43 68 42 1 34 83 99 66 32 5 96 33 61 13 17 65 72 86 39 44 85 48 84 
4 25 35 96 89 53 12 12 32 35 69 58 24 19 91 87 69 11 81 59 2 82 82 66 1 99 93 49 14 35 87 18 74 89 36 68 17 9 21 3 
47 45 98 78 25 34 55 59 29 3 60 26 46 48 98 19 12 27 56 36 9 54 10 30 56 91 21 99 7 47 32 83 41 65 57 53 57 21 80 11 
63 47 80 50 50 45 16 20 31 53 26 68 17 59 80 57 77 65 40 43 7 49 23 44 90 40 77 15 81 82 49 11 59 8 48 56 7 4 20 15 
81 61 59 59 37 28 65 89 71 7 59 91 76 94 70 74 25 47 77 23 16 17 59 43 17 97 34 7 10 72 6 90 32 53 9 27 21 25 46 43 
61 27 84 42 28 48 58 16 76 56 76 54 13 18 72 23 52 74 47 70 38 64 90 50 58 36 94 39 67 73 79 55 2 8 5 75 2 43 94 58 
57 29 85 37 83 63 93 79 85 3 51 88 39 47 16 3 61 72 89 86 8 31 4 26 64 39 22 20 41 75 26 73 67 73 16 95 85 14 97 88 
55 40 48 61 43 15 99 15 80 87 53 25 48 87 65 73 47 37 96 69 63 28 77 27 39 84 75 25 37 35 67 80 15 78 9 19 90 55 97 39 
94 2 91 29 7 42 35 8 11 54 99 32 76 55 80 29 58 48 80 86 42 63 51 91 86 5 46 73 69 91 52 52 29 3 44 78 8 22 22 78 
20 15 44 3 16 29 68 65 48 22 98 56 33 79 30 73 21 12 97 94 12 73 95 3 75 78 99 99 70 23 80 31 61 3 28 96 41 31 65 76 
21 88 20 96 42 14 97 95 38 60 29 3 62 50 97 39 31 29 97 45 11 55 22 72 19 96 58 80 16 27 84 26 93 12 61 61 78 12 24 24 
16 77 58 1 49 55 90 32 60 6 99 35 56 4 93 30 43 29 22 27 2 41 37 1 51 43 69 51 22 54 90 80 22 73 86 56 6 55 25 82 
81 71 23 96 16 38 99 98 90 22 28 56 7 97 86 20 83 77 43 1 96 58 96 17 30 64 21 33 10 88 12 9 58 40 24 39 28 87 22 98 
13 31 78 58 1 14 6 81 31 78 66 74 9 17 6 63 23 19 9 80 62 88 19 84 30 69 57 78 69 54 43 29 78 12 9 83 29 1 20 93 
77 85 88 88 67 49 73 31 91 18 35 14 81 66 44 31 68 58 67 15 81 38 69 23 39 30 98 39 45 24 85 62 81 76 36 5 1 3 23 79 
7 88 61 45 50 80 77 22 43 89 71 73 94 75 1 7 27 39 20 12 45 96 54 22 8 45 59 88 90 29 2 45 62 16 17 81 45 58 83 7 
