40 20
14 40 51 11 36 85 80 15 34 59 10 49 35 79 33 38 43 55 65 94 35 73 39 8 49 98 97 38 80 60 89 11 78 54 59 11 33 29 45 77 
48 72 40 39 92 21 3 76 47 92 89 91 43 2 97 79 90 93 43 57 50 23 24 30 1 14 93 63 10 37 24 45 2 70 82 62 23 74 91 65 
32 83 40 99 13 11 30 34 70 25 58 34 81 42 98 85 27 55 4 77 40 82 48 43 49 9 71 6 18 32 24 22 93 4 11 25 48 74 34 70 
21 84 39 56 32 46 67 57 48 9 21 23 96 16 66 5 37 10 61 68 82 54 77 5 16 50 16 54 12 55 27 22 52 5 30 2 46 28 29 88 
34 65 2 39 80 6 64 49 79 80 36 78 7 66 39 8 3 48 60 71 74 7 45 48 79 17 91 53 31 37 47 39 81 6 95 79 22 36 57 71 
53 77 36 86 49 98 54 33 57 35 59 78 59 21 19 21 78 9 30 13 48 43 80 32 83 28 27 50 47 95 57 3 17 75 58 56 61 62 91 75 
87 71 47 79 63 8 2 95 60 12 12 71 36 23 24 22 63 87 17 40 66 11 48 48 69 91 97 36 40 71 5 6 33 74 23 18 30 56 53 32 
68 8 15 74 17 33 97 66 74 47 83 96 11 43 31 83 51 62 62 48 96 18 88 46 44 6 20 72 3 30 94 91 14 19 88 50 69 41 39 97 
89 79 16 99 43 11 89 72 96 66 54 59 61 7 15 82 32 38 6 5 83 7 89 29 63 93 47 87 86 7 75 39 28 76 78 59 17 49 58 36 
7 51 15 72 55 1 23 3 95 21 81 18 11 71 90 35 13 45 16 89 11 35 53 2 79 6 96 47 28 60 13 23 68 11 3 22 84 46 74 95 
72 27 44 67 72 50 89 16 77 88 61 91 88 43 95 34 43 80 44 70 66 75 16 57 10 52 20 27 1 34 7 28 79 82 20 70 46 42 30 69 
94 70 79 38 30 29 90 56 70 88 35 29 5 80 54 34 28 55 52 79 60 10 19 25 65 96 46 1 66 50 45 23 69 2 68 18 79 1 29 35 
4 42 18 38 48 57 12 52 99 28 44 88 98 20 59 95 15 18 26 86 39 9 30 26 78 83 71 27 47 28 56 46 64 16 87 74 45 6 64 32 
5 46 27 62 8 35 64 82 96 72 67 61 40 82 67 89 46 60 18 56 32 37 64 28 89 51 13 8 57 16 2 11 86 89 64 28 14 41 5 1 
40 31 51 81 35 19 22 45 58 34 14 97 60 35 33 63 84 24 2 80 18 87 3 49 29 49 26 73 12 5 8 4 33 69 80 81 74 22 10 82 
25 53 16 86 40 25 47 71 17 20 59 90 29 70 47 60 26 31 97 79 57 97 2 44 86 23 77 69 16 38 87 6 97 70 57 61 61 60 94 18 
71 70 14 83 30 26 10 99 28 15 79 67 41 46 72 64 41 36 81 69 87 2 32 58 23 50 82 96 67 79 12 35 9 66 16 1 1 63 4 94 
39 67 76 19 45 64 50 25 1 56 80 16 73 3 51 35 7 97 57 39 87 29 69 67 16 54 8 12 71 66 7 84 84 64 86 86 8 18 18 76 
12 40 61 78 35 41 15 25 10 91 7 39 7 53 40 40 70 38 64 16 64 49 20 72 16 27 79 71 60 92 99 78 80 89 55 2 55 31 87 43 
27 30 69 47 21 34 86 95 25 98 14 21 35 8 57 40 26 93 61 25 64 47 25 20 37 43 22 60 59 60 19 93 4 91 94 92 10 72 58 82 
