40 10
1 66 10 87 98 20 65 45 10 38 95 73 94 89 19 49 60 5 83 46 58 11 9 73 24 38 63 11 38 18 66 9 24 49 32 84 77 58 31 84 
42 22 93 85 22 46 90 20 21 94 34 40 22 56 51 31 4 81 98 82 66 22 73 16 93 91 94 16 84 21 28 66 35 26 74 98 77 79 15 39 
48 16 55 28 1 20 55 77 84 84 79 93 52 61 47 98 68 46 16 97 84 15 72 10 93 94 3 22 64 60 40 84 60 71 5 32 34 27 9 32 
4 94 56 84 69 87 15 22 96 24 11 84 99 40 29 79 87 71 87 12 34 44 74 27 48 15 5 7 53 69 71 24 71 80 14 43 15 17 82 94 
47 99 27 50 7 39 93 32 80 23 1 42 1 25 49 82 39 31 44 64 41 79 12 6 82 68 57 12 69 53 45 36 58 23 18 22 15 57 38 23 
36 75 4 46 89 96 41 84 49 21 65 11 1 98 26 12 10 89 62 50 81 25 14 60 72 78 83 38 53 39 61 54 41 97 98 55 72 29 43 84 
5 29 24 39 42 83 58 32 33 33 4 68 9 67 94 71 26 76 30 6 38 69 12 36 57 16 74 14 91 29 81 93 62 73 18 85 10 2 52 34 
92 50 73 76 67 96 13 63 33 33 20 99 33 90 40 48 58 84 68 67 24 99 57 88 63 17 31 58 18 9 14 25 38 79 52 90 91 71 53 18 
9 27 5 30 91 74 34 4 39 76 45 22 79 91 30 38 23 28 74 87 71 26 8 88 57 30 86 24 18 31 8 6 96 3 47 22 76 6 40 59 
53 22 73 45 71 23 19 61 85 59 17 27 62 91 8 18 60 50 95 47 76 73 86 72 46 34 1 12 5 86 32 57 98 11 65 6 60 69 50 89 
