40 20
77 8 46 35 48 24 4 14 47 35 22 69 62 91 41 91 20 80 60 74 28 64 78 62 17 32 43 96 83 36 90 54 37 39 87 93 44 57 82 1 
64 9 11 81 88 17 46 57 36 29 96 42 29 2 86 25 71 62 31 28 69 32 56 26 48 44 16 65 72 63 14 81 62 2 18 21 15 40 83 54 
99 62 41 93 40 20 84 59 51 94 84 92 12 51 76 81 15 21 55 78 56 6 67 3 30 61 4 27 23 1 93 73 7 81 98 9 32 2 9 36 
55 58 53 97 60 26 49 45 30 61 43 77 4 39 7 40 78 88 98 18 68 67 36 8 81 30 57 85 83 91 99 77 70 4 58 25 34 17 62 56 
95 94 56 2 64 46 3 1 58 56 71 87 64 93 52 32 34 18 68 18 27 21 29 84 60 72 67 66 45 63 86 46 35 48 1 87 68 89 82 87 
8 28 65 55 15 18 96 48 6 3 32 81 7 54 58 87 72 90 56 53 11 98 11 42 92 51 38 14 79 22 97 41 36 10 15 26 54 54 99 25 
34 3 98 50 67 2 83 66 15 27 63 38 95 55 21 88 82 2 91 26 92 17 52 37 85 73 16 81 56 65 30 86 23 2 63 40 31 98 5 84 
74 2 64 73 3 34 3 40 86 4 17 74 83 80 41 23 15 29 52 60 36 75 49 56 4 78 15 50 43 96 85 12 22 56 24 18 14 23 83 14 
52 17 12 80 81 51 21 85 42 18 61 79 29 97 44 72 53 41 23 16 96 12 36 47 43 31 55 32 32 21 22 7 99 44 98 27 18 56 8 5 
65 33 91 57 79 7 84 2 55 97 86 59 82 62 25 82 53 5 39 30 82 91 99 82 28 75 29 66 6 9 19 68 13 68 49 56 43 67 9 97 
29 74 59 94 28 44 6 71 69 29 82 1 15 55 86 35 45 77 79 59 54 79 85 74 42 58 82 99 15 27 97 63 67 2 97 96 88 2 87 27 
1 76 65 76 23 81 31 93 49 26 65 25 68 48 85 4 68 40 42 99 6 18 90 91 74 90 56 35 76 26 7 30 86 24 20 92 25 83 49 19 
20 30 19 45 22 73 13 73 10 49 63 76 51 1 35 19 16 45 62 57 19 18 99 88 60 15 57 94 75 36 52 83 72 34 47 33 78 50 96 37 
83 11 15 19 78 38 34 28 31 25 29 38 32 60 18 81 80 5 79 73 92 4 74 23 26 12 61 58 94 11 18 44 94 25 58 94 14 43 51 2 
33 20 15 53 16 31 6 27 59 45 65 26 75 76 73 39 86 86 19 50 22 79 92 32 8 95 83 40 68 3 70 5 11 94 15 29 26 80 59 77 
62 42 40 60 23 48 14 42 14 18 91 6 96 58 35 81 96 16 47 76 66 47 49 38 58 86 42 29 93 16 81 92 26 32 40 23 18 18 83 32 
57 53 95 22 20 5 8 37 53 55 80 68 27 15 19 96 16 96 52 79 44 64 85 93 27 69 33 78 18 98 70 81 51 20 75 98 81 20 70 21 
76 77 39 35 75 56 28 69 68 40 36 31 78 79 8 76 52 46 24 42 82 43 18 59 25 35 96 74 16 57 58 68 95 38 12 74 22 19 95 95 
47 40 28 17 58 53 65 60 74 79 2 9 72 68 77 93 56 59 11 35 54 75 88 35 12 20 61 68 84 63 40 78 33 46 82 72 15 65 94 12 
27 73 89 96 21 39 10 85 25 40 61 84 53 86 36 68 68 34 8 46 46 64 98 35 49 44 52 21 91 1 95 37 9 85 17 25 30 48 26 6 
