40 10
16 81 95 30 75 8 21 33 64 34 35 39 39 18 36 46 16 85 84 36 14 84 98 53 53 40 9 86 16 19 61 61 46 97 86 40 31 38 19 21 
65 10 6 78 29 99 1 55 9 89 10 55 87 84 5 54 58 97 78 93 34 6 19 80 44 27 68 7 13 41 72 5 12 38 95 39 5 89 32 23 
78 95 52 11 21 77 79 6 42 44 77 89 81 44 28 26 49 46 26 96 92 7 81 76 73 89 20 53 50 41 93 8 64 26 97 53 35 19 91 23 
53 41 25 71 87 84 32 65 2 18 12 7 92 78 14 33 55 23 23 1 36 42 41 17 5 72 12 67 67 74 66 14 4 9 8 75 44 74 18 95 
91 26 95 11 24 5 25 8 14 95 8 95 3 1 24 9 21 27 1 94 17 2 49 8 52 94 56 7 43 49 35 67 65 15 28 88 12 88 72 19 
30 73 7 71 62 25 80 28 95 66 5 88 56 22 26 47 16 93 35 14 55 46 44 85 16 14 57 51 25 49 10 24 13 97 97 8 96 97 85 92 
70 75 89 4 35 85 90 22 19 86 16 24 50 68 35 69 12 98 64 77 70 30 71 86 17 58 2 72 19 45 96 16 70 86 31 28 51 47 52 38 
88 93 27 50 58 64 88 99 59 17 91 27 31 62 82 67 17 12 77 68 45 3 20 84 30 5 83 52 13 10 94 41 26 3 97 91 98 13 39 32 
34 14 37 24 69 59 8 43 79 77 23 81 73 57 56 31 73 17 92 84 97 33 51 3 79 82 70 79 61 82 49 11 38 43 38 75 48 26 98 21 
89 6 40 44 47 12 93 40 95 85 3 54 63 31 3 44 62 51 82 46 65 99 15 85 53 78 74 1 50 58 39 8 35 28 67 93 38 80 57 41 
