40 15
17 63 86 33 34 38 84 74 70 53 84 20 69 86 75 71 58 49 82 80 64 11 95 23 81 75 14 33 27 68 52 7 15 13 72 32 20 30 9 30 
24 62 1 65 36 49 10 25 84 29 34 28 68 29 72 90 35 27 85 30 31 59 27 73 43 45 16 9 33 69 9 15 95 48 66 34 78 61 31 54 
81 10 1 84 58 61 97 12 86 50 57 12 5 67 42 99 25 70 95 33 95 85 55 72 14 27 71 72 10 72 30 75 26 84 43 82 52 62 71 31 
7 22 88 79 12 70 48 52 48 27 50 80 31 77 47 37 28 68 72 58 83 83 1 2 31 92 93 66 32 90 20 93 6 51 79 8 39 50 2 41 
81 82 24 52 31 28 93 79 63 14 1 6 23 90 41 10 81 59 97 53 22 86 66 33 52 87 62 61 61 41 35 70 21 84 25 62 92 81 2 67 
69 28 63 50 97 38 25 27 24 28 87 78 26 72 35 35 70 57 31 94 93 77 38 8 78 42 11 72 90 89 99 56 90 13 42 69 36 65 10 51 
86 9 87 14 6 78 1 30 96 77 55 22 62 49 55 51 67 98 26 11 67 81 62 82 77 20 48 55 89 29 46 54 17 58 84 40 13 68 71 71 
10 31 88 55 15 59 40 9 2 74 12 40 42 11 89 96 58 34 67 95 88 64 56 37 97 71 67 64 52 13 54 65 91 43 10 29 73 7 38 8 
3 85 64 50 14 58 58 71 7 27 93 12 27 37 51 79 99 6 31 95 95 72 2 55 48 95 31 5 68 3 93 20 82 36 51 80 88 59 48 72 
67 61 64 29 67 97 43 51 42 67 7 72 24 84 52 2 10 4 63 80 86 40 82 70 54 98 12 61 33 87 71 55 96 4 35 58 52 25 32 93 
61 99 59 41 28 88 68 64 6 53 55 59 29 98 66 86 92 82 60 18 46 78 96 41 66 15 19 3 50 13 71 81 13 15 80 61 8 94 83 39 
14 99 69 65 12 46 84 78 11 24 71 98 5 3 35 89 83 76 44 99 64 50 85 60 72 99 24 30 33 85 9 60 8 88 15 71 4 80 8 67 
70 18 61 15 66 71 62 85 42 55 67 83 58 67 69 23 93 26 58 36 98 4 97 40 16 91 21 40 21 79 77 33 50 70 35 83 13 59 23 71 
68 84 46 4 57 30 6 76 33 6 53 69 33 95 63 65 86 18 30 4 37 51 30 89 38 11 97 34 37 8 15 73 88 65 30 47 1 90 28 57 
90 7 87 86 83 40 82 83 22 16 11 32 58 65 40 94 1 30 63 37 64 5 35 30 43 84 22 71 20 47 10 8 77 16 28 76 89 83 6 8 
