40 20
42 56 75 85 20 9 43 40 2 16 36 28 85 54 96 5 42 63 49 47 27 62 12 72 5 69 24 54 63 21 55 47 39 91 34 98 29 9 59 73 
80 58 40 95 61 50 52 13 20 54 63 67 17 45 9 81 61 11 18 78 4 38 13 83 32 13 94 17 61 10 41 82 31 89 1 68 97 89 86 36 
59 63 33 84 18 9 37 31 64 24 40 52 40 51 6 55 26 81 75 78 13 18 31 58 69 48 71 99 12 10 72 42 72 62 62 31 66 53 87 83 
73 98 25 77 15 12 6 57 25 57 34 34 87 59 64 4 88 72 25 14 61 20 65 1 30 40 96 39 55 31 36 85 73 90 54 18 46 64 13 82 
69 2 75 27 29 96 98 77 1 14 61 76 93 8 77 81 39 66 45 94 1 35 53 79 1 28 9 83 34 54 51 55 89 31 72 62 67 5 36 11 
2 44 5 14 3 11 4 36 1 40 14 51 42 21 64 12 61 15 72 93 81 59 36 86 98 50 27 95 84 44 86 27 74 48 18 85 60 14 80 67 
8 11 85 96 30 58 92 34 57 7 94 8 78 82 49 14 39 93 52 63 2 96 3 52 20 68 73 30 3 73 79 66 87 31 48 25 9 86 85 26 
84 2 2 63 20 20 6 67 2 14 98 25 93 43 29 94 15 74 25 13 87 26 39 39 79 8 90 98 49 70 12 25 87 44 88 7 62 85 7 30 
58 37 8 12 33 24 58 23 4 58 65 86 4 89 41 92 58 98 3 21 3 21 84 63 99 62 58 44 63 16 56 35 70 88 83 78 84 11 40 98 
35 49 56 47 21 24 55 93 18 15 8 41 8 4 52 22 33 44 32 30 86 49 87 22 7 88 53 6 68 82 46 37 82 93 65 9 83 23 81 51 
16 66 67 20 54 53 35 28 12 13 73 33 96 74 10 49 3 8 96 18 78 93 74 78 98 92 44 30 34 14 35 9 15 85 72 50 5 19 49 60 
4 61 99 57 11 23 65 21 5 58 16 35 44 63 77 81 27 40 80 73 34 50 14 5 70 52 60 85 9 48 46 93 37 25 81 14 1 3 5 84 
72 41 11 90 69 68 43 90 37 25 8 25 24 52 21 23 68 46 45 79 15 81 14 76 39 25 48 98 60 59 71 52 63 96 34 87 18 3 28 15 
48 76 10 15 68 85 99 61 71 45 84 4 38 24 33 5 98 76 60 57 28 36 24 85 37 11 13 29 68 74 45 43 88 61 60 90 82 61 13 36 
93 12 34 76 51 52 97 87 77 78 32 15 86 71 43 59 43 39 71 80 29 87 56 72 12 89 9 26 13 49 80 4 77 76 29 5 45 52 89 34 
29 67 12 16 52 69 12 40 12 99 75 78 38 41 40 53 8 18 6 1 81 37 79 14 50 38 24 84 80 28 93 50 55 35 85 37 20 43 79 1 
47 84 7 8 89 49 77 49 9 77 45 21 40 81 13 83 33 78 5 64 67 9 87 75 74 59 86 29 55 75 9 60 1 83 56 43 7 12 49 11 
61 53 19 13 29 16 30 59 11 33 28 73 50 54 39 7 57 61 6 37 2 52 76 62 10 43 99 89 53 59 21 34 48 28 74 10 45 73 75 25 
14 9 61 38 38 71 15 37 3 10 25 91 57 41 13 77 89 20 70 97 86 9 26 42 10 47 16 66 62 21 49 53 53 28 79 84 72 51 74 11 
5 58 87 4 67 9 13 63 93 89 59 40 17 84 68 72 47 75 25 17 7 79 3 92 81 2 8 22 58 69 21 76 72 84 41 22 49 62 33 60 
