40 10
60 44 91 32 84 80 10 28 66 69 3 51 16 19 91 88 4 75 71 86 46 66 85 61 21 21 39 79 23 66 37 32 40 16 58 74 67 32 54 61 
32 8 31 99 80 99 31 54 26 39 51 46 58 1 41 36 39 96 98 27 35 70 53 92 20 97 19 3 13 90 91 58 92 17 12 35 52 13 72 29 
10 30 41 13 29 94 89 18 46 72 94 81 52 56 33 65 4 81 15 21 8 92 38 96 84 55 11 79 13 79 67 76 58 93 58 15 76 38 21 80 
32 1 71 20 23 24 56 70 1 4 58 43 52 93 86 16 31 34 58 71 72 12 44 66 10 72 12 45 99 90 84 14 58 2 94 70 94 81 54 91 
5 60 76 31 21 76 9 83 22 54 77 61 31 8 63 18 61 89 56 59 81 86 57 48 14 89 18 93 60 48 10 25 62 9 21 37 92 30 90 29 
65 25 80 76 52 80 53 57 30 93 65 86 45 57 22 94 77 92 49 2 67 14 15 46 1 88 20 36 44 18 41 97 48 8 29 30 93 57 62 72 
16 39 37 56 63 15 30 54 27 23 40 78 99 31 97 4 48 14 19 85 52 58 53 50 18 88 17 15 77 32 7 45 68 14 95 32 97 78 10 16 
96 28 67 71 42 96 50 49 23 43 9 8 14 44 59 79 1 1 62 79 53 44 85 56 14 86 58 5 84 33 48 25 31 53 31 49 77 1 77 13 
78 97 71 7 39 76 28 50 9 45 5 75 49 87 63 31 17 37 52 83 53 64 92 84 11 61 86 6 10 94 72 71 28 44 97 52 14 25 29 60 
65 20 30 8 33 49 51 51 46 72 1 52 1 63 93 81 40 60 56 53 19 39 50 18 36 97 42 82 5 42 43 17 96 81 97 84 31 30 28 67 
