40 15
49 67 40 69 63 85 97 20 94 23 45 9 60 3 22 41 8 51 46 39 85 1 75 91 60 62 52 40 94 56 96 13 32 90 64 12 37 42 71 12 
15 77 16 96 61 18 48 36 54 73 22 63 94 60 12 4 58 19 59 35 92 73 96 13 55 30 67 98 76 37 10 96 14 37 22 85 47 80 31 73 
53 8 12 38 86 64 16 2 57 43 67 64 11 33 54 34 20 32 83 69 65 93 54 56 20 97 66 85 3 81 83 30 77 68 79 10 86 84 42 88 
7 16 78 81 6 31 94 65 56 9 83 78 85 58 85 99 87 69 90 22 13 49 69 61 14 6 76 11 21 48 9 19 22 69 7 66 65 13 26 79 
23 83 30 74 21 67 72 58 63 58 10 32 15 42 30 69 4 23 99 45 65 81 72 65 31 26 7 45 18 79 24 3 79 2 10 67 21 38 37 27 
66 57 80 33 61 59 73 18 25 96 9 91 79 85 28 38 32 7 32 49 51 51 44 43 23 86 81 29 21 45 87 64 65 46 12 84 66 76 39 12 
49 11 19 44 43 90 18 88 79 94 30 84 47 16 92 95 31 16 88 76 94 83 10 70 30 45 40 29 96 50 55 11 97 25 38 43 71 68 70 60 
69 24 78 54 26 3 63 3 12 21 64 2 57 71 2 25 73 37 27 50 99 93 98 63 46 10 62 84 91 89 81 99 70 86 8 10 48 87 56 36 
27 90 91 31 26 1 23 7 97 1 2 2 17 7 3 33 55 83 6 5 17 47 27 9 20 91 12 6 83 82 90 33 22 64 71 3 41 68 28 93 
54 8 41 63 97 3 79 24 39 58 82 18 7 43 49 74 15 28 64 53 91 26 87 45 47 63 82 57 75 69 31 31 59 43 88 17 32 32 45 13 
80 91 92 70 8 47 54 36 86 36 5 76 48 89 2 45 48 27 60 85 8 1 22 30 9 39 53 67 8 6 37 95 28 23 61 48 55 21 95 41 
29 78 85 65 99 88 57 48 19 85 3 20 16 98 30 63 29 66 94 29 67 49 84 54 42 34 69 11 86 6 37 33 84 36 61 43 84 26 64 56 
7 25 61 96 56 37 13 84 40 76 42 44 37 58 43 53 39 17 91 54 67 99 57 3 65 69 39 50 18 92 21 83 54 75 85 57 19 88 24 98 
9 55 74 76 38 44 1 70 28 67 70 62 27 37 15 68 93 79 34 52 24 60 64 52 93 85 53 82 94 13 64 91 3 41 31 29 5 74 21 43 
68 96 43 25 23 39 42 33 83 3 46 95 85 57 42 58 21 67 60 31 83 73 36 47 39 40 32 52 9 78 76 32 70 62 67 22 82 80 43 31 
