40 20
60 80 51 95 23 80 55 65 6 51 16 26 73 28 40 72 22 31 5 68 45 35 17 17 10 40 90 30 17 36 9 95 75 75 96 48 68 40 90 33 
29 88 61 91 24 86 18 41 26 94 61 16 86 41 18 91 14 81 39 94 16 49 50 45 46 90 93 7 45 18 69 23 85 46 82 67 16 39 85 80 
60 16 11 53 25 2 73 16 82 37 44 80 38 32 44 43 80 45 34 57 2 8 39 57 14 36 64 74 69 55 16 56 80 16 15 86 35 13 21 2 
28 47 16 89 58 42 59 39 65 3 15 85 18 40 71 20 2 19 37 32 16 54 26 8 67 1 57 21 59 51 45 28 90 25 95 63 46 65 97 29 
81 17 63 95 76 91 32 85 36 82 32 12 14 83 80 6 57 56 69 6 72 7 37 26 94 48 35 23 61 74 1 66 73 23 18 8 69 51 96 47 
90 21 24 5 37 50 51 6 53 36 45 36 63 18 91 86 49 95 59 78 1 71 42 8 55 97 8 89 44 15 37 4 33 99 67 35 69 8 42 20 
91 71 93 48 71 75 32 92 47 50 75 67 3 91 71 66 31 97 84 42 49 83 16 27 21 98 20 47 71 52 23 45 9 25 45 95 41 91 13 27 
24 18 51 22 34 13 1 26 61 29 32 83 97 48 3 10 70 44 56 13 36 83 13 90 73 17 60 19 81 72 52 52 65 48 97 9 38 12 59 72 
81 4 24 29 13 26 83 42 54 45 71 70 99 18 75 5 20 83 95 2 35 34 12 55 79 81 56 62 72 28 76 94 87 31 13 66 18 76 56 3 
75 47 82 36 76 18 9 27 62 19 46 83 82 39 58 11 76 83 72 48 20 15 21 17 67 96 90 62 92 39 58 94 40 44 41 39 60 42 37 73 
16 52 60 20 84 61 22 72 88 82 81 20 71 88 9 53 33 24 88 49 46 23 37 84 78 33 25 52 9 29 94 89 45 34 77 85 46 36 14 8 
79 60 3 9 21 79 78 47 12 1 2 88 63 98 62 65 65 12 23 21 77 37 14 3 27 21 31 56 97 57 22 20 27 76 87 17 99 43 70 50 
85 89 49 44 38 78 29 30 32 86 62 21 84 75 1 16 2 25 70 67 47 2 41 50 10 29 89 29 77 55 78 27 99 23 13 97 58 38 19 90 
6 38 85 38 93 10 62 62 77 61 78 94 44 24 53 10 29 25 70 47 55 30 29 58 77 85 78 48 32 64 72 16 70 7 4 6 15 68 52 44 
63 59 8 46 68 15 14 8 10 81 27 39 51 71 8 9 83 68 59 20 47 46 38 22 49 87 81 35 81 2 16 64 39 44 83 19 41 37 60 37 
24 4 67 79 52 66 50 64 75 92 22 62 26 86 65 17 83 10 52 28 63 71 44 40 17 26 78 40 20 65 67 46 67 10 89 8 70 7 84 92 
13 15 32 60 57 95 99 33 67 61 39 24 94 47 93 26 19 67 68 91 11 83 93 8 6 75 1 66 70 10 82 25 69 7 70 82 39 11 96 47 
52 29 96 46 21 96 22 21 7 58 46 21 6 40 71 4 38 65 97 46 93 3 66 91 74 5 3 91 42 56 62 47 55 14 70 57 19 53 70 61 
22 20 95 5 17 12 63 66 84 26 74 32 51 65 40 10 68 24 57 14 33 13 30 77 10 73 84 80 44 97 92 58 86 48 85 29 6 74 78 6 
21 16 24 1 25 58 29 36 58 1 18 94 84 18 37 41 8 56 69 55 58 32 21 33 95 20 24 78 94 50 22 96 44 98 70 85 39 87 26 34 
