40 20
89 14 2 82 74 65 79 39 76 91 34 69 55 30 8 5 65 59 49 73 80 15 36 24 10 10 86 41 14 55 85 64 28 74 98 8 79 28 92 79 
81 49 6 31 60 7 40 58 43 77 68 5 41 92 72 13 52 80 67 23 59 65 1 64 20 57 40 53 61 48 70 79 77 4 89 9 16 59 97 69 
54 13 7 98 28 81 10 53 39 34 82 61 25 32 65 1 69 35 76 30 66 71 78 62 90 4 52 30 71 2 62 54 51 5 27 14 64 98 85 15 
76 65 5 79 7 60 11 59 32 82 82 27 74 92 95 75 74 47 17 11 35 38 47 94 67 37 68 95 32 41 81 25 84 13 55 83 19 27 69 7 
94 55 58 9 97 38 14 87 50 14 81 49 7 69 40 72 21 57 20 12 58 10 28 9 21 60 63 18 60 62 39 23 3 10 94 53 61 49 23 6 
63 74 36 67 41 49 10 77 54 30 97 16 24 23 73 95 53 48 91 96 18 39 75 52 64 32 16 50 99 61 61 22 88 54 14 37 44 24 23 98 
78 46 44 91 31 32 56 46 34 81 3 28 5 53 21 92 66 92 37 16 15 96 34 59 90 84 24 41 42 66 13 7 99 13 69 92 41 20 98 99 
75 24 15 89 75 29 71 56 21 25 62 13 59 90 77 68 58 27 52 27 55 2 11 30 99 91 12 1 94 27 89 88 43 35 2 10 89 87 67 97 
43 33 81 18 45 52 83 68 87 32 90 60 71 64 72 88 17 54 31 19 82 34 14 9 86 87 34 23 19 66 92 54 67 10 91 42 31 60 58 88 
12 21 36 75 62 42 15 24 80 18 7 61 39 1 84 6 9 99 64 33 51 78 4 66 16 45 90 74 30 50 41 62 93 77 89 64 76 39 85 44 
67 29 26 1 89 97 58 68 12 18 24 23 33 7 71 69 44 74 73 91 92 96 97 23 57 79 74 13 13 34 65 97 98 39 31 68 89 15 3 39 
80 52 67 29 13 75 66 17 83 61 97 81 71 92 34 98 3 28 72 45 5 47 79 39 45 93 35 86 76 20 74 22 79 30 34 55 7 25 96 13 
38 25 64 71 99 51 53 83 85 24 69 2 71 75 21 85 2 22 41 88 8 84 12 79 23 6 79 55 11 72 71 68 72 29 22 37 74 98 83 71 
6 60 10 16 46 18 24 39 61 74 11 55 24 6 47 27 43 12 50 91 64 15 66 53 60 48 66 76 25 56 43 79 67 80 95 29 7 60 34 34 
70 93 67 7 53 74 3 13 99 5 95 14 22 43 53 63 35 82 64 82 24 12 75 26 11 92 55 50 29 22 65 85 85 3 28 2 35 16 95 79 
81 39 59 14 51 38 43 80 80 63 50 6 35 45 57 41 91 66 73 66 77 13 82 32 16 15 83 7 71 87 39 19 88 82 16 98 43 23 31 25 
85 8 63 46 10 62 23 71 49 86 64 35 64 69 55 90 58 80 13 34 93 96 24 21 11 12 65 91 49 62 18 81 65 40 90 47 50 19 37 80 
23 23 34 36 29 65 5 39 54 44 76 81 20 41 49 20 54 58 77 24 85 8 63 72 40 10 52 49 31 82 25 32 53 39 90 90 79 77 81 78 
12 88 45 16 16 50 27 22 51 49 76 81 8 11 29 30 14 51 95 80 1 48 26 91 79 7 79 36 2 34 92 69 32 2 52 97 18 19 57 50 
60 10 63 63 47 23 56 2 89 47 32 87 63 57 55 6 36 87 53 28 4 79 55 50 41 22 40 40 39 96 73 80 53 23 61 12 45 98 82 76 
