40 10
75 68 57 60 36 90 60 26 98 93 7 86 49 5 65 24 63 79 74 34 17 62 37 54 30 38 61 73 43 53 25 25 21 25 69 62 92 30 29 7 
28 47 62 26 89 37 81 83 24 67 71 27 18 40 51 31 81 29 55 63 14 97 42 31 17 26 64 34 68 39 99 26 57 50 34 78 64 1 97 56 
98 12 9 15 79 16 39 19 73 71 31 7 88 37 43 51 62 80 97 42 68 75 45 23 5 29 28 56 66 41 9 31 94 94 91 83 11 79 22 70 
35 1 62 60 3 89 97 46 61 10 68 36 14 70 26 74 38 6 51 71 29 58 26 81 36 23 98 52 18 39 67 18 98 44 64 61 31 80 45 18 
51 85 2 98 22 75 25 64 46 40 41 4 56 84 69 48 14 58 43 43 7 62 38 75 68 54 34 95 29 25 13 4 3 61 78 34 2 83 16 6 
13 55 10 29 30 39 61 79 50 11 61 49 78 55 31 85 70 84 38 26 83 21 45 66 81 92 26 30 5 24 31 39 85 48 13 1 30 8 5 91 
45 91 75 32 81 32 23 18 96 93 55 41 12 34 6 69 98 1 27 92 36 58 65 39 58 39 24 22 73 35 97 19 69 15 91 79 1 72 27 66 
58 24 84 71 51 60 70 8 33 11 81 47 50 33 62 5 28 19 84 91 72 12 33 96 82 90 91 14 66 6 36 37 62 72 40 5 66 16 74 1 
30 37 11 45 51 68 60 13 74 59 13 81 30 44 88 39 2 12 15 63 36 34 26 17 99 57 17 11 56 94 2 50 79 82 28 67 96 29 1 32 
41 56 1 32 88 33 27 82 14 35 38 29 89 4 63 63 17 98 35 82 10 5 32 23 52 34 80 94 97 43 18 18 32 49 1 78 91 55 79 75 
