40 10
72 55 72 29 9 50 72 28 97 35 1 70 59 13 37 32 87 47 80 57 44 72 18 29 51 65 99 88 98 64 23 8 53 52 18 30 73 92 43 53 
67 33 58 77 25 66 79 96 18 74 83 48 40 97 61 5 12 79 56 4 36 34 6 70 88 77 28 22 32 53 23 54 66 29 18 8 16 84 35 18 
60 97 41 15 29 18 15 14 69 10 11 94 96 73 47 22 42 83 77 18 35 76 29 71 36 45 89 69 35 38 52 17 96 69 19 78 65 28 59 15 
91 91 38 85 85 22 22 69 32 52 74 36 43 45 5 30 25 90 17 24 74 44 74 1 62 96 50 66 99 83 57 95 80 13 56 1 8 34 48 42 
39 99 71 40 4 87 94 46 38 80 20 57 19 3 94 63 9 89 63 83 59 85 6 72 30 9 79 77 3 59 63 60 11 93 17 69 66 51 34 73 
66 85 72 93 45 60 5 15 22 25 48 31 10 41 9 61 1 27 54 74 7 61 80 15 16 83 24 12 96 62 94 63 22 49 47 14 31 18 78 98 
30 41 83 67 5 95 15 85 9 87 64 92 56 16 91 16 49 85 21 63 47 54 20 51 95 98 26 45 11 73 33 1 17 89 35 18 43 90 25 95 
81 20 32 97 14 60 88 68 25 95 97 37 37 85 44 5 21 54 51 18 46 61 46 26 19 2 20 77 97 34 52 36 91 43 32 37 44 39 46 69 
82 71 35 32 33 91 25 88 65 63 74 37 83 44 28 53 52 3 51 25 66 58 82 46 33 84 84 72 56 62 14 29 26 91 84 71 18 56 49 11 
11 9 32 18 5 40 93 7 53 47 96 79 94 21 91 91 27 13 89 67 61 43 8 78 24 99 62 1 77 13 79 62 75 15 41 59 53 74 67 70 
