40 15
40 49 95 70 90 57 95 57 86 54 60 22 86 3 86 60 46 8 25 84 45 16 77 29 72 60 22 11 15 57 91 65 69 84 91 84 3 67 30 20 
25 7 90 95 25 13 79 53 89 46 67 3 43 32 30 85 98 47 45 38 47 69 22 25 48 86 68 88 8 84 68 54 39 87 9 56 50 85 88 82 
12 78 30 12 14 3 22 74 43 12 11 85 47 58 15 4 47 89 37 72 29 34 31 24 34 10 89 77 63 39 34 31 22 58 17 61 98 87 50 75 
69 85 7 54 65 64 66 97 96 62 11 47 1 82 86 37 6 7 58 87 39 79 22 11 26 78 58 93 59 93 95 31 14 54 16 99 54 60 7 17 
30 68 55 80 10 8 20 30 56 74 75 8 30 76 3 85 8 13 71 3 9 29 34 21 76 42 5 49 81 88 47 91 17 9 88 56 73 69 51 33 
8 32 89 54 80 51 72 2 73 88 82 9 71 92 15 6 74 95 58 15 14 94 34 89 89 31 58 31 73 44 12 93 81 40 98 32 99 14 26 39 
32 18 45 85 64 17 3 33 70 67 7 9 49 44 62 26 84 47 66 6 68 93 63 17 93 53 57 8 35 72 26 13 8 76 7 26 60 56 75 46 
31 11 34 27 74 18 48 2 73 26 85 88 21 28 55 11 97 22 96 29 18 19 71 4 85 35 27 55 34 53 57 69 86 59 69 24 61 7 47 44 
15 2 88 2 65 10 86 99 45 61 94 27 20 39 25 42 91 64 82 30 79 19 98 27 18 58 39 30 92 65 71 27 59 2 7 46 38 73 59 24 
54 40 41 99 20 21 51 77 81 27 11 31 35 41 2 56 68 90 73 7 87 44 72 80 5 65 34 60 8 44 77 19 90 65 75 91 10 84 98 52 
27 16 16 49 45 60 74 27 23 11 88 54 2 15 86 35 66 41 65 55 9 66 25 42 73 37 6 59 76 48 38 67 63 80 85 39 32 97 30 5 
90 21 77 60 48 80 82 67 9 81 25 59 10 87 52 31 23 30 34 87 94 62 30 41 68 12 60 43 99 83 3 98 20 3 77 91 6 16 99 14 
32 65 17 26 97 48 17 56 47 76 24 4 98 52 74 33 33 73 37 2 93 94 3 35 72 27 55 31 70 7 88 1 89 75 61 21 71 43 97 75 
12 93 74 73 65 99 20 7 80 12 91 33 89 45 78 44 62 78 89 90 98 21 50 16 47 6 9 76 51 14 87 3 74 58 1 80 39 73 36 85 
55 6 66 58 48 42 30 57 46 99 49 59 93 2 54 79 73 79 25 38 1 4 55 12 32 59 76 80 60 82 73 72 36 73 80 57 16 56 49 63 
