40 20
34 79 86 21 66 42 76 27 75 19 48 87 24 57 54 80 45 79 47 37 3 45 46 12 65 22 12 53 75 53 9 68 12 30 74 96 67 55 95 73 
40 3 33 46 65 22 43 80 77 74 2 99 81 16 96 43 12 52 20 23 76 88 5 68 95 67 73 71 53 15 78 29 35 82 51 87 75 96 38 83 
6 51 99 58 44 71 79 81 86 30 6 2 58 26 74 84 29 21 83 65 30 55 50 69 72 66 35 28 65 9 54 95 40 70 4 76 62 95 73 34 
64 64 48 96 50 43 81 82 24 93 4 33 10 36 33 47 45 91 99 68 75 78 39 83 50 1 88 17 17 47 77 18 12 81 22 63 54 39 20 44 
45 72 85 76 42 8 49 40 60 46 49 56 73 74 89 47 30 89 31 72 23 59 68 3 63 97 92 86 41 30 61 21 98 64 70 15 2 59 19 66 
5 82 72 21 74 86 59 92 61 55 30 83 33 57 50 76 39 97 89 54 55 51 67 49 29 18 94 84 23 55 20 18 57 31 72 86 54 62 4 48 
40 87 56 37 98 34 40 70 16 77 60 92 44 19 17 6 57 18 32 31 59 12 75 26 13 33 79 5 50 31 58 54 96 86 27 55 87 35 20 2 
61 56 66 21 50 82 25 99 87 98 75 82 63 52 76 77 51 83 15 81 3 20 3 75 37 70 67 20 39 18 48 45 49 15 87 46 61 74 26 80 
42 50 4 64 91 42 46 11 6 37 6 26 29 80 12 7 15 85 38 98 1 4 75 72 75 86 1 84 43 64 42 49 99 5 50 11 92 90 66 4 
70 60 28 61 28 95 48 3 73 33 70 40 52 57 16 57 71 89 41 99 48 32 81 13 47 11 93 86 27 18 1 5 87 59 37 79 8 94 88 3 
76 93 25 28 74 32 32 60 57 40 59 55 1 17 10 63 93 44 63 27 61 3 95 98 80 96 88 59 98 64 58 38 52 5 70 31 89 90 57 19 
35 31 90 25 9 87 66 36 61 24 99 17 13 3 11 35 58 99 91 21 60 93 99 51 43 61 51 51 87 70 15 81 26 77 7 39 31 16 82 44 
43 90 18 27 83 13 56 81 33 24 36 78 99 77 21 51 65 82 30 25 56 69 10 77 7 59 3 16 33 33 15 37 99 98 85 3 87 63 56 6 
4 23 30 34 33 61 33 94 80 20 38 69 46 53 62 67 95 84 9 32 9 44 16 94 18 18 98 7 56 89 92 91 96 80 97 85 4 2 23 79 
2 22 95 15 28 88 40 15 54 82 81 49 49 80 18 8 21 89 95 71 33 66 27 28 28 38 11 94 40 14 48 31 18 12 65 66 41 74 27 12 
32 96 87 47 2 71 66 54 31 48 59 84 32 5 74 31 12 69 61 36 58 21 2 83 43 74 2 95 9 82 88 26 65 23 5 52 83 95 97 71 
2 16 18 90 50 54 1 29 21 64 31 67 14 92 43 77 89 50 65 77 37 80 87 3 41 30 34 75 53 14 26 73 60 86 54 95 49 12 48 36 
59 40 10 99 10 44 40 74 15 36 28 72 58 55 76 99 21 60 57 5 24 75 53 23 75 32 7 18 12 14 58 31 40 3 92 16 84 16 85 92 
33 19 67 35 63 33 35 71 14 67 31 52 2 36 14 77 30 58 87 64 10 76 21 61 73 73 68 65 97 93 83 46 23 59 44 59 67 91 67 69 
20 64 78 99 99 2 24 43 47 43 14 55 41 81 79 17 94 30 87 72 46 17 25 29 56 74 98 48 4 41 30 38 73 45 42 49 53 8 62 69 
