40 15
7 28 21 28 33 91 59 99 9 26 93 27 37 93 56 48 89 87 39 29 9 22 86 98 18 43 22 65 56 10 12 12 76 49 63 49 78 92 95 87 
89 58 40 5 23 86 81 4 24 16 38 31 96 64 77 51 71 79 86 97 30 50 89 82 27 3 79 48 32 83 17 83 7 76 90 81 72 32 56 5 
62 41 71 77 3 33 20 97 74 33 11 63 21 6 29 62 47 13 99 40 12 99 50 74 72 35 4 46 86 5 43 86 7 92 74 67 28 85 64 69 
12 29 42 65 2 25 21 53 2 76 34 70 24 36 47 33 30 32 82 72 35 98 95 58 51 82 50 30 38 24 96 53 11 52 74 61 88 42 88 26 
70 29 89 38 88 88 63 8 29 17 2 93 10 65 72 1 65 76 75 33 75 81 38 93 80 61 12 18 64 82 56 63 49 99 53 53 16 89 13 54 
71 68 83 86 3 79 31 11 19 77 15 53 86 55 50 69 78 70 98 45 99 14 10 92 29 39 2 50 47 33 24 97 49 53 72 23 68 76 33 88 
47 44 15 40 99 82 42 25 81 27 87 15 63 37 12 47 25 70 17 94 28 44 84 62 25 41 49 23 93 50 68 28 9 31 42 57 77 46 3 2 
32 72 72 99 47 61 35 13 69 28 97 77 75 7 60 33 32 17 84 65 54 49 2 51 88 21 19 83 21 70 87 83 64 8 60 17 75 48 36 52 
89 96 38 69 44 35 83 79 26 54 59 31 59 86 28 10 84 75 22 90 37 54 87 21 5 36 2 39 40 28 52 18 39 11 93 11 70 45 4 61 
28 67 27 53 2 65 5 67 36 87 59 63 6 9 65 52 20 21 38 34 69 86 49 99 8 39 50 48 17 16 14 76 31 10 39 62 18 59 67 70 
81 33 83 44 81 29 49 28 29 73 39 44 19 24 37 50 10 47 49 67 81 48 64 68 33 73 18 59 17 46 69 70 65 99 58 11 28 23 68 26 
83 93 31 50 43 59 49 19 33 16 47 32 44 22 53 56 91 52 19 98 86 47 52 88 9 47 74 41 75 58 41 93 13 44 22 96 76 39 21 81 
6 34 14 77 39 85 14 44 4 8 21 48 90 64 99 72 49 52 69 72 88 92 89 44 15 27 35 55 17 86 39 84 84 70 58 63 65 60 1 98 
79 70 58 76 25 52 89 84 19 3 86 11 45 84 71 31 14 39 90 13 1 99 47 54 68 6 36 38 96 27 47 55 70 8 77 94 99 89 60 88 
5 5 89 26 10 71 86 30 39 50 62 44 37 27 96 87 65 9 56 65 11 97 41 72 3 95 93 95 64 56 1 76 57 43 67 73 99 63 58 40 
