40 15
23 74 51 76 10 16 46 36 51 3 70 87 3 67 91 77 70 17 60 52 78 70 60 90 86 14 53 23 67 86 66 6 26 64 72 64 29 7 87 62 
82 87 40 3 89 93 21 65 32 2 2 75 13 68 17 19 83 33 60 63 38 27 37 27 94 33 69 93 49 48 91 43 87 87 68 51 56 25 30 65 
22 62 58 86 64 15 37 40 12 88 16 87 1 59 34 94 56 93 16 86 75 20 41 36 24 77 85 52 54 46 78 95 8 5 30 71 51 62 98 70 
8 34 63 12 31 38 46 67 88 12 73 75 38 93 93 5 99 93 42 82 68 61 8 53 61 44 87 20 15 32 95 27 46 51 16 25 43 66 5 7 
38 47 52 99 24 96 13 29 23 86 1 68 3 61 59 85 81 14 43 78 80 38 4 72 87 67 21 91 39 97 7 89 41 29 18 6 8 69 41 73 
17 56 37 88 88 93 54 39 53 67 5 92 67 81 43 24 6 88 46 14 69 57 32 75 35 76 13 96 75 84 74 16 26 70 17 78 77 95 97 44 
54 39 58 83 87 50 58 64 90 49 14 7 49 65 74 89 9 15 81 77 76 84 81 34 10 63 80 7 94 33 61 95 19 99 79 7 1 48 6 77 
1 88 60 88 52 96 98 12 25 42 78 37 91 49 56 41 67 94 61 77 4 32 95 59 20 64 63 5 53 84 62 51 29 70 1 74 70 11 39 78 
67 73 45 55 83 12 27 33 25 11 27 31 1 40 53 23 60 53 94 71 63 78 83 66 56 1 94 74 24 89 50 56 35 8 82 2 15 91 70 72 
7 43 20 70 65 93 75 34 36 62 22 17 16 66 57 78 32 44 72 18 47 24 60 5 49 14 66 19 61 92 37 63 2 12 71 2 58 33 13 40 
95 88 16 36 47 92 98 47 74 66 3 22 81 58 21 17 63 33 61 47 43 57 52 50 5 78 65 30 89 12 70 37 47 68 14 10 70 95 60 81 
74 29 7 99 99 60 96 29 64 83 48 60 87 65 87 88 3 38 41 53 35 86 30 76 42 1 63 63 70 61 26 38 5 49 2 31 9 1 11 34 
76 96 3 3 17 15 73 82 84 41 40 70 95 47 49 40 56 55 91 41 51 79 66 49 69 63 84 80 87 77 60 11 17 61 5 24 23 91 40 59 
11 41 52 26 71 20 53 89 98 49 16 37 79 44 29 24 42 84 15 41 77 99 47 78 49 77 16 93 70 72 94 50 76 87 87 13 19 43 63 41 
29 41 48 71 70 55 9 1 23 28 17 87 46 68 25 1 57 12 34 63 4 46 71 75 58 4 31 27 77 30 21 62 4 30 7 62 99 32 55 55 
