40 15
96 91 84 3 94 67 48 90 37 89 63 50 7 42 1 77 33 4 71 73 39 88 75 80 2 7 44 44 8 59 23 32 5 75 59 26 61 46 82 55 
22 86 33 18 68 36 41 14 70 64 54 34 13 71 18 38 31 72 9 25 60 48 13 12 54 51 4 8 65 46 21 20 87 87 54 50 99 64 1 89 
42 95 69 92 13 40 19 1 37 41 90 17 75 79 8 91 84 25 43 69 90 77 99 40 20 14 77 57 25 91 32 17 40 56 7 26 19 49 77 99 
48 66 30 68 54 27 64 55 61 63 55 70 62 28 16 58 69 36 10 20 88 19 12 29 64 44 91 6 57 23 86 6 65 27 80 31 84 99 20 4 
26 37 81 71 62 79 49 14 66 89 78 70 42 21 17 1 54 26 33 87 86 82 91 54 37 56 81 9 7 72 21 7 49 83 77 35 96 68 66 42 
75 53 62 4 53 31 80 89 2 25 71 9 72 76 38 43 47 57 69 59 26 88 46 25 21 34 42 70 95 32 14 20 30 34 51 36 39 54 24 29 
50 35 89 1 76 13 99 86 76 5 2 79 10 92 14 40 76 22 2 13 31 77 69 24 56 73 82 64 86 7 67 11 96 62 58 85 84 81 11 80 
27 76 78 10 71 66 10 82 12 49 82 5 43 63 24 14 10 55 61 41 40 95 99 18 77 40 33 41 55 39 44 65 74 98 67 96 8 44 34 74 
3 41 61 48 96 1 55 46 24 30 53 91 28 20 68 44 92 46 70 94 91 76 18 73 12 56 42 4 7 1 59 72 1 66 39 76 43 8 60 77 
60 96 75 22 14 80 96 33 86 45 33 31 8 90 58 40 30 75 40 68 59 72 58 83 21 60 63 34 87 63 15 1 37 5 72 87 14 50 21 4 
32 18 19 24 9 90 86 12 95 71 87 10 16 45 85 72 95 79 29 42 39 20 55 98 83 26 49 25 84 7 19 7 27 86 15 63 66 12 78 89 
30 85 64 52 75 9 61 73 17 32 42 55 9 31 71 18 6 55 30 18 26 12 87 3 61 14 51 83 63 56 19 55 46 9 90 14 73 41 31 38 
15 15 57 1 58 82 35 91 85 66 26 56 60 9 77 33 55 4 32 75 38 64 50 39 15 22 67 57 30 60 95 39 67 35 18 54 77 60 19 77 
15 71 53 75 23 22 33 20 50 86 67 44 6 63 88 28 65 63 80 28 86 65 94 43 37 71 44 29 21 66 26 31 56 11 77 18 44 18 78 38 
90 3 49 44 48 38 94 16 11 26 12 52 30 40 23 92 25 19 56 89 23 29 97 84 99 43 78 44 65 57 17 71 62 54 41 44 61 98 25 47 
