40 15
17 90 58 41 94 17 86 67 95 14 19 8 49 2 7 12 65 49 9 45 81 89 62 63 97 71 1 36 3 54 68 43 28 95 35 13 61 6 12 85 
54 23 34 34 21 47 98 75 37 83 69 27 63 77 48 44 2 3 37 94 31 51 69 63 85 54 42 84 10 41 62 75 5 64 56 61 30 37 7 87 
59 13 89 80 27 93 40 56 21 16 40 64 37 17 21 64 76 93 83 22 7 43 47 84 23 79 89 18 30 45 57 32 15 29 94 31 99 62 20 70 
21 9 43 21 44 60 48 96 46 17 76 51 56 75 9 71 79 58 36 36 95 68 50 64 98 24 19 85 64 11 71 38 79 23 22 16 56 71 76 18 
37 32 86 77 31 88 99 78 24 73 44 11 89 66 12 24 31 30 77 81 54 28 55 12 37 52 39 74 66 46 53 48 36 64 78 74 45 79 51 14 
46 4 53 10 92 83 98 51 7 56 55 56 42 59 51 59 17 61 36 53 8 39 43 85 92 88 31 25 31 45 93 31 80 19 58 98 86 64 30 67 
60 37 66 36 11 26 41 46 50 98 4 94 81 48 37 72 65 27 23 65 28 34 46 82 16 82 67 38 13 9 63 70 56 44 12 14 29 78 64 88 
45 17 65 53 20 33 95 6 60 58 83 91 44 9 77 19 63 5 96 23 4 62 45 25 75 34 21 96 57 5 79 37 45 79 96 40 31 37 19 90 
23 54 98 21 30 1 28 21 61 93 55 75 6 79 87 69 61 97 74 92 55 22 25 6 66 8 52 6 16 24 68 88 2 59 77 3 74 28 10 34 
34 26 84 26 50 32 93 40 39 22 95 33 87 35 63 15 71 29 58 87 25 47 47 93 78 45 92 2 21 25 96 28 68 54 95 47 49 73 9 44 
1 31 53 38 22 83 20 12 12 24 70 77 91 54 17 18 39 59 33 10 66 60 99 32 41 46 63 35 28 51 28 22 60 64 95 44 4 65 27 35 
34 15 59 8 33 8 46 14 27 67 6 6 81 30 47 80 93 42 56 78 60 36 50 37 19 35 28 92 6 80 98 74 5 87 46 78 76 71 40 2 
27 85 65 94 72 73 96 82 42 42 12 88 85 52 40 96 90 36 43 50 9 37 20 39 43 13 26 99 22 4 10 9 10 77 69 32 45 11 76 42 
39 90 63 42 17 56 16 82 70 85 57 26 71 69 3 3 10 88 53 84 13 46 51 30 90 12 49 46 12 96 31 60 81 11 68 1 5 79 79 44 
25 57 3 29 46 28 34 39 41 43 17 42 55 65 64 82 80 87 41 89 32 19 37 67 65 6 85 62 3 7 67 59 64 91 35 68 1 33 41 3 
