40 15
76 93 72 24 43 31 47 67 1 24 68 60 79 67 46 36 84 93 18 25 76 98 41 30 49 43 79 70 95 17 5 9 40 81 97 2 94 56 28 18 
90 18 5 78 80 23 76 96 28 23 41 54 15 21 83 3 84 68 4 46 33 1 31 22 26 5 89 58 2 17 98 52 82 49 15 37 18 55 84 14 
77 73 71 71 42 66 89 55 97 71 1 40 54 58 75 84 5 6 75 62 48 50 56 4 77 63 57 53 40 46 67 13 15 36 45 29 66 81 46 25 
87 42 10 79 95 74 75 51 18 47 40 13 10 16 33 92 95 58 70 11 56 36 71 86 11 20 28 73 87 74 7 1 58 59 94 39 63 95 10 90 
47 33 53 42 28 1 3 65 15 6 76 17 14 19 61 35 91 47 5 38 77 22 47 38 91 60 1 29 46 64 87 23 5 69 92 50 1 39 64 44 
55 70 11 99 36 89 92 63 73 24 17 39 51 70 91 72 32 12 39 13 70 28 14 35 51 65 51 99 22 42 37 76 85 39 81 58 81 98 26 36 
45 74 84 64 85 97 72 35 1 36 9 73 10 73 14 69 92 81 56 16 73 52 98 72 63 94 41 39 24 26 44 9 1 57 82 6 26 69 47 10 
56 21 33 5 18 27 95 57 16 54 10 26 92 74 19 76 85 14 50 30 30 93 11 60 94 1 50 38 5 99 43 96 8 79 90 75 92 88 22 48 
57 37 66 75 42 43 41 75 46 14 59 87 2 54 26 37 39 32 76 33 90 12 88 35 59 98 16 19 1 22 63 75 47 49 81 47 62 2 53 85 
68 3 53 15 15 43 26 42 83 5 70 34 18 79 70 56 22 75 26 58 71 85 42 77 91 62 97 69 39 47 30 59 47 89 6 24 19 40 73 38 
97 8 8 1 27 45 35 38 36 81 6 55 78 24 60 54 53 20 92 82 70 71 2 14 77 46 97 65 6 5 8 97 33 19 11 78 60 42 95 93 
44 35 87 66 7 84 66 70 6 12 67 72 41 65 25 48 85 90 58 78 78 49 25 6 8 94 80 3 6 53 85 73 95 22 10 34 66 79 17 54 
57 35 20 69 41 4 84 96 69 76 39 92 22 63 34 48 92 84 23 56 41 26 54 24 87 57 21 13 64 22 9 44 37 63 52 16 58 28 93 31 
19 26 52 1 49 5 93 28 96 62 89 56 82 10 97 87 54 34 78 82 48 57 40 57 84 7 17 26 16 63 84 41 54 36 76 30 28 9 59 39 
40 45 93 83 87 76 83 17 23 85 37 44 70 54 76 24 80 54 44 67 68 99 13 5 39 61 34 35 51 35 21 1 76 21 2 21 38 49 75 57 
