40 10
92 56 68 29 98 52 76 16 32 34 29 31 62 4 9 46 73 70 13 45 44 30 65 6 39 93 32 37 97 81 45 71 42 65 32 15 76 75 45 47 
85 34 34 10 9 1 71 63 98 63 1 24 10 48 87 86 23 25 31 19 52 89 25 66 88 36 28 35 69 99 84 51 81 88 63 11 98 95 34 5 
87 67 54 45 23 12 78 51 59 40 96 66 94 51 18 66 36 87 26 33 47 63 30 62 49 2 70 77 83 69 79 47 20 34 2 12 32 10 61 16 
39 84 8 7 51 80 41 24 28 8 31 32 85 89 77 37 97 21 65 37 28 14 17 53 38 69 12 1 83 90 99 77 82 11 83 99 71 68 95 55 
7 64 93 54 6 83 29 80 63 26 26 79 17 40 75 38 32 20 43 77 46 23 93 24 26 43 23 39 24 42 99 97 46 36 4 32 28 38 80 25 
52 48 93 90 4 48 60 56 13 27 91 35 67 5 40 18 41 35 87 73 32 96 72 7 36 56 46 92 37 28 66 92 49 1 17 55 68 54 62 91 
81 22 78 55 13 38 76 40 66 1 78 95 54 11 50 54 10 64 78 80 72 3 7 43 31 56 35 92 25 9 70 49 95 55 34 90 2 71 30 52 
10 57 7 8 36 80 50 23 70 16 78 82 69 27 99 68 99 27 25 79 68 93 64 91 39 25 11 50 26 26 97 97 71 20 42 30 1 95 68 79 
23 45 93 32 59 16 24 73 63 26 69 90 4 41 45 98 29 36 13 75 25 7 69 65 91 30 48 48 13 87 21 67 40 41 8 5 82 68 92 21 
21 5 7 89 78 70 68 62 71 73 31 3 83 36 58 28 45 37 1 43 45 54 53 7 80 88 39 65 33 67 29 75 81 29 92 6 37 92 81 17 
