40 15
61 47 99 61 69 89 20 27 35 8 13 82 49 62 63 48 1 98 31 56 25 77 22 20 38 14 9 61 65 80 43 7 92 90 73 28 80 54 51 93 
29 12 93 28 14 89 72 80 97 85 77 93 43 29 73 81 49 99 67 40 84 12 43 46 68 37 89 97 22 67 52 47 18 33 36 18 82 47 51 27 
2 91 49 33 96 11 47 15 37 70 68 65 36 39 58 28 74 33 44 99 72 64 94 3 45 57 54 23 84 56 55 30 36 47 45 36 48 50 65 44 
68 76 56 3 5 52 63 86 99 13 44 94 51 92 35 50 75 21 73 85 10 78 89 93 46 27 85 94 5 67 19 38 58 73 25 48 51 10 26 70 
52 37 34 81 10 97 88 91 41 55 11 35 62 83 57 42 34 81 34 47 44 94 57 42 69 38 90 47 10 25 96 93 96 21 63 69 84 55 3 74 
9 64 87 16 68 62 22 35 41 72 25 12 91 98 43 69 39 96 89 58 57 46 2 53 14 66 89 16 54 36 38 71 12 24 14 46 3 63 2 79 
6 9 30 96 79 78 45 73 51 5 13 35 67 16 8 18 1 89 23 91 61 49 70 98 47 21 62 28 60 50 40 33 30 72 67 15 92 73 99 96 
26 15 34 3 28 95 56 86 7 25 37 14 65 90 81 9 63 50 62 44 98 27 31 93 39 51 24 4 61 51 33 64 5 47 59 78 48 97 72 62 
6 27 83 96 71 2 36 46 94 99 61 74 85 15 57 53 85 80 41 49 81 9 52 93 31 35 4 49 54 52 80 72 67 19 23 62 53 58 70 53 
46 26 27 58 72 99 61 75 9 9 27 75 57 42 71 90 3 25 77 11 82 84 72 36 24 81 23 61 5 40 83 97 26 71 81 82 92 75 75 35 
32 10 59 53 88 14 70 41 76 44 37 23 94 44 47 84 61 33 64 42 6 58 81 65 78 30 71 34 92 98 89 26 4 63 4 10 64 5 59 82 
41 82 47 33 49 19 71 29 39 91 7 4 58 40 32 54 26 78 89 34 10 78 48 20 57 70 56 99 63 73 61 78 10 46 79 40 99 18 13 96 
16 8 87 60 56 43 87 14 30 83 51 28 91 99 31 76 51 68 85 86 3 31 75 26 10 78 90 3 79 35 79 60 74 92 11 20 51 93 94 10 
59 13 84 59 54 61 16 14 45 78 99 58 29 83 84 72 8 7 45 49 21 17 42 34 78 69 88 93 46 80 77 79 20 81 27 16 89 42 50 44 
13 27 79 59 25 54 50 72 98 25 71 82 84 47 14 90 52 55 12 25 60 91 48 32 78 31 67 47 12 54 78 84 31 44 82 30 8 82 99 14 
