40 10
61 4 95 43 8 67 41 78 53 24 52 79 12 47 10 57 5 85 45 98 83 96 20 32 20 93 67 8 49 94 87 68 65 79 2 36 82 53 58 8 
61 50 43 25 58 8 24 77 59 3 42 5 38 23 75 14 88 72 50 58 75 67 57 72 68 49 50 26 56 46 30 26 40 51 95 35 11 40 97 33 
72 14 51 6 54 21 14 72 90 99 71 3 1 47 56 60 42 28 74 20 58 32 91 27 48 81 23 9 34 90 30 41 35 92 28 73 52 15 89 9 
50 33 49 57 8 65 37 7 65 20 97 76 12 66 30 88 57 31 58 46 22 63 53 4 49 70 92 33 50 46 48 54 85 74 98 62 73 12 86 24 
62 74 16 8 30 78 32 65 65 74 33 59 12 47 80 81 11 7 40 51 22 91 5 95 5 80 71 39 47 9 82 95 57 84 14 72 9 28 29 71 
38 52 94 3 71 98 48 29 21 78 61 77 6 18 86 18 46 26 90 6 67 15 80 98 84 47 2 88 71 17 21 78 8 64 89 84 7 18 90 68 
39 58 53 94 8 53 55 73 89 94 20 88 19 29 75 14 59 93 70 45 34 20 73 48 50 72 77 56 31 64 16 38 64 9 80 2 45 44 48 72 
91 71 93 42 93 43 11 94 19 94 17 1 1 1 34 55 95 20 36 78 95 65 47 39 71 43 80 67 47 85 2 49 7 51 26 94 33 21 46 97 
5 80 73 76 73 83 50 88 31 58 91 66 99 40 77 52 98 29 20 27 3 14 79 58 65 95 34 52 87 20 7 19 52 12 50 30 6 28 85 98 
47 60 27 15 62 72 11 14 25 69 27 16 16 67 25 30 7 70 26 14 65 78 92 14 41 4 86 32 41 41 98 28 77 50 73 45 2 78 1 78 
