40 10
65 28 74 5 97 56 95 60 72 84 37 36 28 41 92 31 24 72 3 88 90 33 74 33 63 8 78 26 95 62 29 63 56 33 42 1 99 35 83 7 
48 20 23 19 3 43 30 14 97 53 44 5 82 50 77 4 41 4 14 42 46 7 97 17 25 81 22 10 27 49 26 48 1 44 3 35 72 96 4 27 
21 40 91 75 93 78 1 49 1 19 50 93 71 46 29 97 58 3 52 26 22 52 82 2 44 20 88 62 79 14 31 92 28 32 80 52 47 50 69 75 
81 1 39 68 85 75 72 42 33 39 30 1 70 56 27 66 41 14 82 83 9 29 41 11 36 59 53 98 14 17 15 90 53 89 56 19 32 74 90 18 
45 25 46 63 90 25 66 21 28 48 44 48 92 11 94 54 22 15 53 38 54 60 90 95 22 1 19 61 14 23 69 77 25 55 60 99 85 17 40 32 
32 26 4 71 1 5 32 70 65 80 5 45 36 48 81 69 58 4 38 44 32 27 69 37 40 40 99 87 86 5 87 63 37 90 56 77 63 86 8 59 
58 34 14 1 62 5 9 85 3 99 13 11 1 57 87 91 5 5 48 60 97 18 59 3 40 69 74 63 48 57 99 45 94 7 91 73 54 62 82 57 
38 8 92 41 35 98 28 53 79 79 24 75 47 13 64 29 8 29 65 71 92 43 89 50 6 85 19 49 3 28 78 56 18 27 26 21 52 63 83 35 
20 70 32 3 57 73 33 2 33 53 50 29 93 65 51 82 75 56 72 12 12 64 92 53 19 44 86 98 69 30 64 98 40 22 83 88 49 11 51 54 
3 13 15 62 70 80 69 26 82 70 21 25 42 67 55 31 26 5 37 50 21 47 76 7 65 31 99 89 7 59 27 45 54 57 60 42 40 75 72 72 
