40 15
68 75 53 51 49 91 55 57 49 20 44 4 52 16 41 40 96 13 48 90 94 88 9 95 89 61 57 63 48 23 85 8 61 29 92 38 10 81 10 29 
79 8 70 48 5 37 25 90 43 1 62 41 12 50 48 91 65 86 83 15 81 44 87 39 73 77 84 96 25 3 96 88 34 15 54 24 22 95 80 29 
15 34 86 26 6 32 69 49 99 99 83 21 43 32 43 14 41 85 61 27 9 36 40 8 77 82 97 58 78 91 96 8 18 74 96 72 42 39 30 62 
41 89 66 69 80 55 29 78 69 64 99 30 79 72 98 80 7 84 49 5 94 68 35 8 27 29 24 21 70 31 42 46 56 34 12 53 19 90 71 73 
30 1 56 32 10 56 38 74 38 48 93 84 86 76 18 20 31 95 43 8 45 58 52 20 70 9 26 43 93 87 53 10 37 44 33 16 33 78 34 43 
14 69 70 73 28 90 33 99 46 6 75 14 75 61 72 22 95 22 87 61 39 99 72 26 16 89 73 29 49 76 31 10 95 76 48 37 58 28 55 57 
14 81 40 42 9 13 73 13 84 41 66 32 65 95 65 14 83 32 89 2 98 59 16 48 62 45 13 67 16 37 90 44 23 94 34 83 93 37 18 36 
17 18 7 79 50 33 24 37 90 29 91 74 65 92 88 57 8 43 64 18 35 24 48 18 23 33 49 12 32 77 97 62 55 63 9 83 77 63 89 16 
73 78 39 42 64 48 14 98 25 24 56 88 1 52 43 37 87 89 83 75 83 32 10 63 50 23 1 8 33 70 12 45 64 56 52 70 46 33 16 15 
64 58 90 41 23 49 72 10 87 88 98 69 95 75 70 55 78 44 86 17 11 1 53 26 61 21 38 14 55 35 17 17 33 61 63 46 55 41 5 26 
24 16 48 98 10 88 15 16 64 79 28 1 43 71 29 67 57 31 90 93 85 4 65 43 33 14 43 89 4 2 38 9 82 70 53 87 36 6 19 58 
66 20 71 82 48 42 98 8 91 97 18 41 83 21 84 41 28 57 4 15 39 50 87 94 2 74 31 83 93 70 49 60 49 88 42 19 8 39 49 15 
91 74 69 19 13 56 47 55 88 4 5 19 60 37 8 36 79 43 38 22 70 52 86 18 76 49 73 74 2 37 85 14 70 82 95 32 61 32 93 15 
65 7 39 37 95 42 81 31 17 72 17 43 88 3 57 62 76 44 82 55 43 23 32 76 91 10 99 24 81 95 43 78 41 26 58 38 32 48 74 51 
7 35 67 29 42 10 72 88 99 21 75 24 31 46 11 12 92 26 16 56 21 74 90 19 7 61 49 24 88 79 47 40 36 28 16 2 21 71 57 17 
