40 10
39 38 29 61 88 49 57 90 66 40 91 24 79 33 27 81 30 62 44 45 99 99 72 24 22 20 18 54 34 83 83 32 10 63 69 74 70 98 46 13 
94 34 83 36 88 81 22 88 16 77 78 80 11 25 6 79 1 69 35 31 52 35 47 5 25 23 55 87 21 64 86 46 54 27 73 33 17 80 51 54 
16 70 92 3 4 25 72 34 6 90 54 3 56 55 21 46 23 22 6 9 22 2 51 44 75 98 9 21 96 65 57 92 1 49 63 55 53 10 67 91 
62 2 62 58 19 31 7 72 84 83 24 13 76 86 33 97 44 57 81 84 76 99 58 36 70 96 60 99 46 18 18 85 28 29 72 58 76 7 18 27 
54 41 55 12 62 8 35 65 49 40 25 57 97 57 39 75 56 96 47 52 81 74 29 11 63 69 11 45 24 45 90 27 13 96 34 48 64 33 60 90 
13 65 12 65 78 32 64 98 81 66 44 76 6 6 47 97 94 71 63 69 69 52 60 36 37 38 82 73 19 17 51 31 76 16 67 35 47 17 30 50 
94 89 33 36 49 29 91 2 80 17 98 69 56 79 93 58 22 73 37 22 41 95 50 19 85 59 83 61 43 58 24 43 59 17 27 50 17 12 79 56 
65 68 85 3 11 30 44 76 77 44 90 22 4 41 37 22 79 51 75 75 87 17 76 36 17 5 50 54 20 24 60 21 29 53 95 23 35 70 94 6 
75 43 2 65 89 81 72 83 40 2 68 26 83 75 89 81 26 47 35 89 63 74 12 17 15 87 27 59 25 86 63 83 53 72 30 93 47 7 2 30 
95 8 99 50 19 41 65 69 32 65 34 19 20 90 2 61 39 78 81 94 41 21 62 27 7 65 68 5 84 95 22 1 32 73 21 55 70 34 13 78 
