40 20
23 7 90 57 80 45 13 28 15 1 93 74 90 58 19 1 76 29 50 59 89 93 70 96 37 50 23 95 60 52 59 19 81 57 81 53 42 66 83 53 
41 68 27 68 72 14 30 93 22 90 99 33 17 40 15 82 99 43 36 84 48 29 19 40 1 6 32 38 64 69 80 63 42 26 21 24 50 13 78 65 
29 39 13 71 17 10 77 55 16 59 67 36 44 22 31 59 7 8 6 96 96 96 10 34 80 31 35 71 99 12 44 9 59 91 60 49 25 67 62 82 
96 15 85 66 9 29 70 54 76 7 90 66 43 99 5 75 4 43 11 67 73 20 10 17 56 33 75 49 14 73 24 11 36 88 85 41 6 49 66 37 
91 50 99 11 64 62 21 65 20 35 8 87 77 60 16 18 15 37 81 74 13 16 65 1 96 40 94 4 81 93 9 1 18 39 2 63 30 67 67 60 
78 86 62 10 96 46 39 64 61 49 30 12 95 8 87 55 13 67 65 87 37 27 38 16 23 55 18 78 69 14 74 60 44 68 52 18 1 17 91 91 
92 92 88 96 71 30 33 95 89 32 93 68 74 2 6 15 14 12 7 2 45 96 34 55 53 47 15 54 57 2 63 22 14 45 73 25 4 96 11 63 
6 3 47 94 85 71 6 27 2 33 27 87 88 18 15 44 65 97 98 90 8 54 95 16 19 50 82 73 92 97 65 47 88 23 47 27 96 42 96 70 
54 21 83 80 56 44 24 49 1 18 86 10 82 42 77 2 30 30 14 96 58 49 63 45 3 67 95 17 72 92 16 46 85 21 20 75 21 78 27 99 
4 97 24 3 94 5 42 83 19 90 49 80 88 36 75 12 5 76 97 63 78 26 63 3 47 88 6 6 95 87 65 68 72 74 5 29 11 53 31 84 
29 3 74 3 40 47 51 30 19 67 80 36 66 26 2 31 34 73 1 54 16 39 3 72 44 25 70 71 80 99 89 52 12 95 71 24 46 94 41 93 
47 71 81 69 54 80 64 57 30 73 79 60 90 6 87 4 1 63 76 74 45 28 41 93 91 49 43 78 63 9 84 18 9 91 74 37 67 56 1 69 
28 7 63 42 80 3 71 35 41 86 34 7 50 24 44 11 91 22 59 18 34 71 48 51 77 91 27 38 93 76 11 47 74 34 53 38 73 32 91 98 
75 78 98 3 51 47 88 15 47 54 1 50 36 24 25 34 6 88 75 58 77 3 8 97 20 67 37 29 73 40 59 51 68 64 64 3 39 80 63 80 
97 37 78 57 99 4 85 77 2 68 75 6 41 51 20 15 25 4 6 4 17 93 26 88 39 10 75 97 59 46 46 67 87 99 16 31 70 66 46 18 
13 22 59 39 24 12 97 98 76 71 44 95 98 67 48 8 52 7 27 36 3 4 37 75 87 49 38 81 84 79 69 39 81 46 9 32 44 82 52 11 
79 77 83 71 50 8 42 18 66 8 58 60 47 19 6 47 82 78 5 40 79 63 61 67 6 35 12 59 32 80 72 96 74 58 73 50 43 42 14 31 
2 9 70 56 53 86 37 62 51 54 97 46 84 46 71 13 9 73 98 59 54 45 61 88 56 87 98 30 63 62 27 56 64 84 58 5 3 43 22 93 
88 52 95 64 84 35 16 10 21 24 51 36 45 97 42 46 14 33 35 86 84 96 74 40 13 34 99 18 46 69 36 54 13 96 92 99 20 73 49 17 
50 20 61 53 48 6 46 50 37 96 65 59 12 84 28 37 16 36 75 52 3 61 45 50 12 83 43 24 33 7 10 79 75 85 93 13 40 93 13 66 
