40 20
22 61 51 79 44 15 89 81 96 74 98 10 70 66 45 28 39 42 84 77 69 91 78 1 48 63 17 58 94 82 30 46 85 73 17 18 66 72 53 98 
43 21 38 66 8 51 27 22 24 1 16 66 71 55 8 3 22 8 45 37 37 51 7 71 62 70 1 97 17 38 58 94 92 10 28 16 43 14 68 87 
16 66 29 31 99 59 58 93 77 51 53 99 24 86 57 25 90 40 22 60 70 83 77 77 73 57 99 2 86 38 82 76 48 5 2 36 18 14 88 73 
36 33 50 91 17 22 34 19 44 60 83 82 25 25 89 67 45 40 88 25 6 25 12 26 75 33 23 94 25 99 64 61 79 82 1 98 55 8 63 72 
87 17 86 31 10 18 36 74 86 56 98 19 8 85 27 2 42 9 9 16 55 86 90 24 25 65 89 83 65 91 18 60 41 32 1 50 90 89 91 95 
64 25 90 67 45 24 34 13 43 79 97 56 56 37 36 4 68 64 86 33 43 44 64 84 22 71 56 54 12 46 15 92 82 65 53 93 60 19 33 89 
99 8 7 92 68 35 25 40 88 44 52 78 57 91 19 26 4 50 72 51 64 76 52 41 47 81 55 71 3 94 5 71 95 41 19 99 66 2 79 6 
18 39 58 17 82 30 19 5 52 28 81 70 56 93 97 35 2 70 19 70 21 22 43 43 13 75 57 56 89 72 81 97 16 6 15 76 58 65 76 73 
94 82 95 14 26 16 46 18 22 89 20 54 94 14 91 76 57 92 45 93 43 43 91 85 23 11 92 19 28 92 74 73 60 51 49 52 20 39 33 9 
25 64 78 16 27 55 30 44 47 1 74 72 18 51 96 19 74 18 30 64 49 75 55 46 66 47 90 52 39 5 88 12 56 62 25 92 81 65 99 93 
17 67 85 42 80 36 15 43 68 96 92 72 69 51 23 36 94 27 67 51 47 48 10 15 88 3 32 72 10 9 76 85 95 90 16 4 1 39 25 31 
37 66 49 67 95 20 74 63 32 32 77 86 74 15 11 24 59 11 8 14 78 42 28 94 22 50 2 48 20 42 69 42 85 33 31 74 63 88 85 17 
28 59 42 72 89 77 45 5 65 95 48 34 91 90 61 57 59 6 6 44 23 72 27 61 26 23 20 90 17 12 42 42 68 39 36 78 96 61 47 34 
54 87 48 7 91 59 93 43 54 76 29 56 29 45 53 95 48 3 7 86 85 11 68 28 48 55 48 86 71 31 80 88 11 45 16 15 39 3 21 96 
66 2 65 2 80 5 27 89 44 5 32 66 51 11 80 2 26 94 89 61 93 60 62 77 54 12 57 19 41 20 56 54 1 96 33 27 52 57 23 18 
77 3 49 84 97 39 17 37 5 11 76 36 63 93 83 9 4 78 78 70 65 13 32 61 36 44 90 95 5 64 16 5 94 52 34 78 17 22 72 11 
43 23 70 52 57 76 87 53 4 85 65 29 33 85 49 21 20 76 18 93 77 43 3 56 81 71 3 77 85 70 7 10 41 87 9 1 18 29 30 20 
36 7 31 79 70 54 76 59 93 22 39 68 75 31 24 4 99 24 90 82 55 67 58 38 36 35 92 12 28 9 98 49 7 71 22 90 32 95 32 69 
47 35 69 60 63 38 6 26 71 88 63 33 7 1 89 21 69 10 32 39 1 45 13 13 45 96 96 13 26 82 53 26 7 22 34 18 65 98 35 10 
81 61 83 62 42 46 61 47 33 37 11 12 50 52 45 67 34 27 93 62 12 59 44 29 45 53 89 26 69 60 70 85 38 25 16 51 69 27 92 26 
