50 10
9 83 36 14 75 18 47 51 93 26 35 55 90 51 43 7 42 43 86 93 36 67 35 16 43 71 19 60 92 1 27 21 52 80 19 76 17 48 41 34 5 40 46 15 55 42 29 7 38 87 
64 2 68 26 70 54 49 64 84 85 29 54 73 8 26 28 11 71 49 45 86 14 63 52 61 76 69 17 39 14 29 53 75 76 9 20 23 79 66 2 99 48 58 77 90 51 85 60 86 10 
47 38 57 3 95 14 96 19 24 99 50 48 53 24 41 69 7 50 57 27 92 92 23 24 32 30 44 10 50 27 93 86 23 65 65 16 78 75 77 25 54 82 33 36 17 48 40 82 25 30 
84 47 10 35 46 75 32 76 46 19 7 69 2 70 1 65 59 71 89 10 76 59 58 82 91 52 87 71 70 60 14 71 37 29 77 24 79 11 46 76 51 79 24 85 35 56 43 39 3 88 
43 6 37 18 22 48 10 7 52 84 31 79 92 68 35 97 70 74 35 80 5 52 33 97 44 27 25 36 6 65 28 11 28 87 2 36 17 47 82 50 11 60 18 6 46 86 15 3 29 79 
11 57 89 56 74 1 73 61 1 22 86 43 19 44 36 56 39 12 75 29 2 40 48 70 43 39 44 69 9 18 98 59 86 80 24 81 79 87 64 12 99 17 88 85 5 87 10 90 57 78 
7 75 21 9 33 70 27 54 19 34 34 39 48 83 28 26 98 79 21 74 54 58 32 92 88 57 8 97 84 56 8 82 28 20 46 90 49 51 83 87 20 46 81 54 11 57 13 73 2 60 
73 65 96 54 48 52 93 39 3 84 24 76 37 43 59 34 19 98 37 16 70 34 12 29 44 6 96 82 66 38 72 20 76 38 91 81 40 53 56 96 38 55 79 9 52 53 24 33 13 42 
20 90 1 33 85 84 20 18 22 27 64 58 18 23 78 60 35 90 64 82 48 8 48 82 95 1 62 12 38 1 27 73 22 51 45 33 46 73 97 87 39 86 47 87 41 81 49 19 92 62 
73 38 41 30 58 57 4 93 16 62 72 48 65 46 2 26 33 89 73 35 71 59 52 72 15 86 87 22 58 29 31 28 78 12 96 55 76 49 47 26 59 55 13 40 46 21 41 77 10 88 
