50 20
10 16 87 5 95 13 18 82 2 67 49 87 85 63 11 36 31 62 77 94 94 44 21 18 45 50 45 97 10 31 38 1 21 86 9 22 53 11 35 16 72 36 7 53 76 76 67 53 43 70 
25 38 29 63 26 64 26 41 94 75 94 15 40 44 49 71 9 22 45 32 99 55 6 73 85 9 34 48 30 75 34 1 8 6 30 88 22 19 82 97 24 24 13 65 30 39 16 96 43 11 
56 44 48 60 80 58 78 42 91 15 18 38 58 26 98 67 27 88 77 32 12 82 27 11 93 60 31 55 8 46 78 82 44 22 55 66 34 29 39 37 51 58 95 68 98 42 67 76 8 51 
30 81 51 32 95 71 17 33 84 16 92 92 27 79 80 59 37 62 98 4 78 71 48 83 35 86 85 18 75 27 86 48 28 27 21 14 42 99 15 19 64 4 24 97 3 19 3 89 97 10 
52 48 35 79 28 6 93 23 83 50 76 88 8 61 70 30 1 98 45 98 10 47 89 95 77 56 60 9 85 88 23 60 95 63 97 49 94 95 2 97 42 46 92 87 6 60 14 14 14 14 
32 49 36 50 30 61 96 70 91 20 54 90 22 96 53 90 57 62 30 62 89 9 33 26 81 65 43 50 82 17 87 69 54 28 64 3 84 55 57 75 8 67 54 34 22 69 69 65 12 13 
25 93 83 86 62 72 33 57 90 63 99 70 75 85 95 49 48 64 99 68 6 22 47 46 98 72 28 40 28 15 77 42 37 29 72 66 10 68 23 52 56 51 68 49 16 57 66 14 43 21 
41 61 66 43 47 12 46 5 6 24 3 38 50 35 58 43 56 99 61 77 13 67 55 21 85 44 48 50 91 66 80 2 63 64 94 44 18 39 3 48 32 21 57 51 1 46 18 30 15 22 
94 84 83 44 92 76 88 16 58 16 52 61 15 59 86 11 98 69 38 73 3 65 29 87 15 62 4 57 68 18 68 1 83 72 41 94 10 95 89 14 69 31 77 79 4 36 10 97 16 31 
76 91 52 37 84 25 7 17 83 2 34 55 68 94 20 48 93 24 16 95 88 79 58 30 78 36 89 26 1 75 73 26 24 4 15 53 69 69 78 37 27 82 11 24 75 35 53 5 2 17 
83 63 58 92 75 6 4 56 19 4 36 83 65 7 2 87 50 12 75 24 88 56 60 83 69 11 78 90 47 75 66 93 38 69 68 59 12 31 29 67 88 4 89 1 27 36 77 44 24 72 
80 13 31 76 14 99 64 12 44 57 79 35 58 98 80 15 70 69 37 39 94 16 45 82 8 55 6 72 21 45 86 62 51 50 91 94 84 11 33 75 50 13 98 39 85 59 18 21 7 31 
44 39 42 68 24 43 42 16 87 13 79 48 50 16 6 71 65 83 88 78 74 55 52 91 45 23 21 8 19 74 63 43 52 37 34 71 61 21 24 74 68 64 94 82 39 74 31 18 34 75 
9 88 76 97 31 25 21 54 96 66 3 8 74 69 42 64 39 18 21 60 87 32 8 84 60 95 71 92 61 70 2 31 73 16 31 53 78 8 47 38 78 58 18 9 10 32 5 52 66 66 
54 18 20 83 52 81 81 26 7 69 53 54 53 88 70 57 49 62 92 89 77 19 96 55 35 90 73 9 27 4 17 47 64 72 24 3 50 95 83 35 81 44 70 30 38 64 44 89 77 62 
75 63 78 45 69 16 54 98 59 7 9 78 66 65 24 78 52 89 7 92 86 14 56 87 15 79 31 72 28 4 23 63 31 45 19 56 14 79 74 94 15 58 82 35 95 87 38 21 6 89 
67 19 85 66 64 99 73 52 87 18 89 17 53 44 4 99 70 96 4 57 90 80 38 4 48 31 63 58 4 62 80 87 88 4 86 48 51 50 15 33 93 3 78 13 24 14 12 80 94 28 
71 13 17 2 23 66 37 77 73 32 15 90 26 20 74 36 57 63 29 89 44 36 98 26 81 68 30 38 96 69 14 55 71 45 3 63 62 16 33 21 16 34 43 82 88 7 88 11 67 12 
64 77 65 72 16 92 93 71 46 35 31 86 72 5 68 85 8 9 37 39 50 54 7 12 85 39 73 60 72 52 57 28 41 60 95 31 84 8 37 60 53 4 34 71 50 23 36 79 21 94 
34 91 99 84 68 41 76 34 3 5 38 40 10 97 70 98 34 64 71 21 65 48 17 98 8 59 27 77 44 43 42 22 9 51 82 86 54 9 25 83 22 82 67 52 8 49 97 25 35 68 
