50 20
30 30 78 42 25 33 72 65 64 26 67 21 49 91 66 26 61 85 61 31 84 59 56 40 24 72 84 27 20 17 28 56 72 35 32 1 56 36 29 59 40 16 56 80 8 75 72 75 74 41 
63 81 6 27 82 77 46 63 28 65 19 37 73 50 54 76 2 5 36 76 96 69 2 94 46 43 32 45 25 77 47 91 96 72 1 39 2 65 71 34 56 29 59 50 42 64 75 87 2 94 
80 59 56 34 4 37 34 27 32 5 52 4 59 40 35 14 33 76 95 44 23 74 3 95 89 91 49 47 51 46 24 27 57 92 76 80 52 85 87 39 46 49 41 89 84 49 86 41 15 58 
44 21 45 25 47 2 21 7 30 4 80 23 44 13 77 60 7 4 5 18 44 84 35 48 38 41 66 4 65 78 68 81 45 67 21 62 82 87 62 58 9 69 30 55 29 39 8 56 65 63 
87 86 20 7 91 29 91 1 99 34 26 20 64 55 39 73 70 87 37 27 51 95 35 23 9 30 76 98 30 45 49 4 10 15 7 20 67 58 86 80 62 54 30 89 18 59 95 36 38 28 
22 16 97 80 56 22 76 29 50 53 90 5 65 79 67 21 13 7 78 75 53 73 43 45 86 44 16 81 44 5 83 4 90 54 55 87 8 97 62 68 93 44 44 25 57 95 49 81 8 44 
7 93 42 33 5 14 89 93 39 23 73 26 72 44 27 29 29 94 34 29 67 54 94 52 45 35 94 87 94 48 74 60 83 73 99 98 88 29 26 3 65 39 71 13 11 3 84 78 38 62 
68 95 98 12 74 39 63 34 73 22 3 12 73 92 44 19 6 66 57 75 63 74 94 82 47 1 44 72 14 34 63 46 13 4 30 26 33 30 82 88 48 63 64 20 58 29 67 47 34 73 
35 69 54 36 95 31 60 86 73 4 45 33 34 71 13 54 48 64 80 38 11 80 97 92 56 97 65 73 79 98 52 94 55 85 17 53 55 4 25 42 68 52 68 77 18 13 82 7 81 59 
39 36 9 67 70 87 1 90 68 68 17 25 82 44 41 65 84 12 30 34 59 93 95 74 98 29 8 48 97 70 82 22 42 76 79 67 12 6 93 52 66 8 47 36 41 23 87 60 42 69 
73 25 45 88 67 32 20 4 27 97 75 78 92 61 81 48 7 20 44 85 79 91 69 74 57 87 38 70 93 81 70 79 19 74 94 19 6 68 21 88 38 30 3 43 84 64 12 53 61 80 
99 81 80 22 79 93 10 74 1 78 9 76 97 95 8 6 4 78 7 36 1 75 26 79 54 1 42 34 64 68 36 22 6 47 37 38 71 94 65 90 18 6 74 48 11 56 99 78 62 44 
99 39 45 24 84 96 14 18 53 65 74 28 27 15 73 68 31 81 18 28 10 90 95 98 48 74 94 84 92 92 19 27 61 47 13 21 74 5 72 34 64 15 70 26 95 27 71 66 89 9 
99 17 73 80 18 3 76 74 83 5 78 28 47 30 99 21 73 29 71 28 30 97 23 13 86 66 85 21 6 93 78 73 37 64 4 64 10 76 43 47 30 41 49 38 72 73 40 99 71 85 
47 35 16 24 31 41 63 11 22 33 20 2 86 70 47 82 51 53 55 12 72 91 66 90 7 72 84 35 76 31 69 42 41 17 96 57 62 65 33 46 78 65 5 63 69 26 61 16 26 48 
46 45 74 72 32 42 39 29 25 96 34 69 12 86 79 40 82 90 24 65 76 37 82 86 26 43 90 9 98 62 36 45 44 27 13 57 35 90 59 2 11 73 3 73 24 7 6 49 80 72 
86 18 75 83 34 43 34 23 13 23 13 78 24 38 36 37 92 85 59 60 89 99 97 10 47 71 34 59 82 64 45 18 12 35 19 47 72 54 70 77 37 21 61 32 39 83 25 42 86 60 
17 31 96 33 46 86 34 90 17 58 27 50 95 35 7 85 78 98 81 56 83 12 29 6 47 18 91 48 15 29 68 69 39 26 11 16 66 46 13 89 40 80 10 45 84 66 69 76 6 81 
7 2 12 87 70 44 85 85 75 86 24 34 90 40 72 10 29 65 56 26 21 45 52 2 82 51 55 28 79 12 47 40 3 84 68 81 32 20 82 78 9 33 48 5 99 73 84 49 70 90 
54 18 22 37 16 95 40 86 78 1 51 3 59 89 8 28 10 76 71 84 60 77 52 18 63 53 56 42 38 57 27 81 12 72 87 17 68 62 89 28 86 8 53 37 86 56 10 50 74 64 
