50 10
20 94 74 37 85 48 7 86 56 70 19 39 5 38 29 5 52 5 6 68 88 1 97 76 52 48 6 20 60 71 28 29 2 24 44 78 80 17 72 88 17 49 69 41 10 57 93 99 49 53 
38 15 99 95 78 84 75 83 71 24 40 80 83 22 18 40 34 96 1 57 95 23 69 72 83 71 90 15 19 1 6 72 80 59 89 98 29 37 99 39 26 36 97 7 17 76 62 68 11 36 
44 28 93 28 34 36 19 40 68 26 98 69 19 48 32 20 46 94 81 66 12 2 84 4 16 89 51 47 26 73 82 92 21 23 87 30 36 81 9 13 22 37 57 87 97 56 45 76 22 67 
90 36 33 12 33 66 14 48 94 2 5 92 18 38 61 89 20 9 43 55 6 50 11 9 6 43 63 78 55 40 3 97 99 76 30 76 31 53 72 55 56 15 47 45 1 93 45 38 32 44 
21 24 83 97 43 84 59 17 77 87 45 24 2 83 98 3 39 43 64 28 20 69 79 9 2 33 55 45 41 93 91 86 24 47 72 98 52 64 97 36 89 43 80 21 56 66 4 26 85 62 
95 51 9 44 19 54 54 2 57 45 6 27 68 24 13 39 45 32 45 56 29 54 63 36 93 40 75 42 19 68 74 42 40 36 51 43 82 77 94 52 74 20 72 65 38 68 88 1 75 18 
30 59 62 92 41 86 37 85 42 37 4 60 73 25 62 90 2 57 43 34 51 28 68 17 52 48 27 78 89 50 56 68 61 32 21 6 39 72 9 84 40 92 26 46 4 75 2 3 66 46 
43 71 98 42 92 75 33 24 14 63 14 71 30 59 10 52 33 87 83 55 73 89 31 22 79 18 33 66 14 18 57 61 57 91 78 22 22 34 36 61 98 62 20 27 36 15 92 24 49 40 
35 80 37 25 73 49 13 76 7 86 61 92 10 69 48 97 80 96 2 53 86 74 74 25 79 12 47 51 53 13 2 20 71 81 40 47 40 35 70 69 43 18 41 33 29 22 30 99 62 18 
72 93 71 63 27 36 66 54 70 79 66 36 68 34 15 56 97 85 88 22 5 17 67 10 46 65 94 20 14 13 14 47 40 1 94 94 80 81 26 13 82 99 4 71 37 3 96 61 1 87 
