50 15
66 17 52 22 1 54 48 11 2 61 73 6 13 74 45 51 81 82 47 85 82 84 35 83 33 74 1 83 56 76 30 85 27 80 36 39 2 61 50 59 28 73 4 30 69 55 37 88 16 89 
20 43 78 54 71 40 25 4 48 33 88 5 25 26 11 75 60 46 69 60 23 47 95 1 27 40 69 22 52 64 97 84 26 89 49 83 88 96 6 72 76 69 42 43 97 22 51 7 72 16 
82 93 35 33 69 66 35 32 26 93 77 96 55 22 69 18 59 46 31 17 17 61 6 56 33 23 22 57 74 78 15 59 47 57 89 72 78 43 90 89 4 54 2 68 66 3 87 14 98 25 
61 97 53 73 42 89 12 77 54 16 21 39 98 81 16 79 52 78 91 93 29 9 12 93 11 37 15 20 15 1 83 47 56 39 75 28 41 82 14 81 66 23 96 17 37 68 66 26 17 42 
35 50 23 89 55 84 60 75 32 91 49 35 26 56 59 46 56 67 4 13 37 81 12 54 96 78 21 77 58 21 91 17 41 33 99 18 32 69 68 87 99 21 43 46 75 90 26 37 22 43 
26 13 97 51 9 58 98 45 83 53 5 38 60 72 16 53 60 76 59 62 51 27 67 52 35 76 98 67 18 65 98 57 41 43 35 58 50 75 49 94 22 28 13 81 81 23 71 61 88 2 
25 29 61 17 72 32 61 28 99 15 6 58 9 38 51 56 79 14 23 3 7 67 12 39 77 55 82 70 97 60 95 61 91 32 76 43 99 67 93 87 71 37 22 18 27 9 8 67 18 14 
58 38 30 69 96 39 87 64 62 37 90 79 69 63 18 97 35 80 56 91 5 84 31 41 53 26 71 74 97 46 50 42 50 45 70 66 25 33 78 5 50 29 14 27 75 10 57 4 53 22 
91 51 95 32 83 39 33 1 6 82 96 75 13 46 54 54 25 26 89 35 18 40 4 23 85 14 92 81 37 36 23 37 60 87 93 35 57 73 63 8 31 8 87 82 95 29 71 70 26 38 
76 36 64 90 20 24 3 40 94 80 9 15 64 11 34 46 97 47 67 4 78 93 99 6 21 52 18 2 25 6 34 85 77 85 11 3 96 29 54 59 85 10 79 27 19 13 72 30 2 49 
32 75 9 30 14 50 6 52 13 75 62 34 91 78 59 57 92 89 91 7 47 96 84 33 35 97 8 96 70 74 79 73 10 23 49 24 2 12 17 47 19 42 23 76 51 40 5 93 51 8 
91 52 74 8 74 26 48 53 96 43 36 16 79 60 61 49 68 96 56 25 40 46 75 49 93 1 14 95 60 82 28 39 22 55 17 2 36 49 18 33 90 42 3 5 41 62 93 67 14 18 
63 97 12 48 6 65 23 98 25 36 29 38 25 30 57 68 92 84 88 99 65 58 92 64 59 78 52 10 52 41 54 4 72 67 33 86 27 9 3 25 82 27 98 76 68 1 27 54 77 39 
2 60 23 82 37 65 49 6 42 28 1 43 18 99 81 88 64 42 35 84 98 6 91 15 76 18 76 46 3 29 39 4 37 85 66 81 37 66 95 87 12 81 42 94 59 22 2 43 19 17 
54 84 75 12 62 40 63 1 50 67 36 4 6 71 8 83 99 17 9 7 64 92 30 51 48 77 76 9 13 78 9 64 22 68 27 89 25 47 32 92 65 16 78 15 44 18 86 56 13 95 
