50 15
62 92 5 23 72 62 18 69 54 59 41 4 82 60 34 77 32 30 21 53 30 44 53 22 60 57 49 49 44 67 91 32 93 89 49 87 38 51 78 83 30 53 81 88 18 67 59 17 22 74 
6 33 24 42 84 94 79 72 5 18 94 50 73 63 46 20 15 62 86 53 59 33 43 55 37 72 29 34 16 88 24 29 71 41 28 55 97 93 13 14 92 1 93 67 73 89 27 89 4 11 
20 42 15 99 26 72 57 20 8 91 75 61 2 85 61 12 23 91 87 24 77 77 5 25 38 24 62 92 67 83 6 77 4 83 31 64 48 95 88 91 20 90 75 83 61 44 59 46 18 82 
81 44 74 33 87 73 97 22 48 13 40 87 41 27 83 86 86 28 96 10 75 89 16 83 1 7 55 39 30 7 99 3 90 12 78 88 66 97 4 81 17 12 30 58 73 43 78 74 84 48 
19 49 86 94 20 66 16 12 86 85 81 56 96 37 74 92 7 21 79 7 94 17 8 6 98 68 78 83 52 77 37 81 2 76 17 40 54 79 99 50 74 32 21 31 44 3 22 94 53 87 
50 94 31 12 22 55 89 92 28 21 76 8 66 73 52 10 43 93 57 71 9 14 34 63 18 8 82 72 62 32 99 58 24 83 67 39 41 34 84 74 86 59 69 89 90 72 67 31 79 34 
29 82 64 69 23 23 16 64 50 39 16 59 75 34 59 47 1 81 68 92 45 19 86 90 99 87 46 21 10 62 39 55 85 26 35 88 49 64 38 77 56 5 59 15 65 8 64 88 25 99 
65 72 29 60 4 55 30 11 9 29 35 26 32 56 78 10 17 16 95 42 54 79 98 26 99 63 26 69 52 1 92 4 63 40 5 91 20 64 21 24 28 89 59 74 78 94 99 66 82 69 
39 61 54 39 93 37 72 57 32 27 60 24 12 24 2 93 42 57 20 28 61 63 88 73 81 87 96 44 96 10 43 18 71 76 42 20 78 72 41 66 45 56 22 82 24 63 15 19 1 26 
59 58 14 55 59 98 7 57 25 94 79 61 47 87 63 35 67 73 31 63 1 53 7 10 56 85 67 32 69 52 55 16 76 48 48 6 83 56 48 68 24 90 98 96 5 88 35 50 75 1 
42 24 26 76 30 47 78 51 8 71 83 44 27 3 59 45 49 97 67 43 77 28 65 4 4 59 91 5 89 66 13 48 68 3 38 99 36 87 65 18 62 99 30 74 49 76 59 87 5 54 
90 32 37 39 75 4 95 42 79 27 78 94 95 23 62 71 3 95 17 77 1 70 39 13 75 44 19 23 87 64 52 49 18 19 40 96 92 14 18 68 82 58 3 57 57 99 78 77 14 56 
76 75 45 3 75 81 64 46 56 42 23 85 78 63 83 87 52 71 82 5 92 88 18 97 22 14 13 10 15 97 25 17 71 29 47 65 65 92 98 72 93 49 8 63 34 45 45 51 75 75 
35 93 97 54 12 30 78 54 12 84 95 98 9 85 9 97 51 54 63 66 10 76 36 58 15 72 53 92 68 57 73 5 44 70 52 88 4 21 43 19 85 82 90 69 52 34 24 57 4 29 
21 1 16 89 65 60 66 32 67 94 30 74 44 62 10 89 13 56 2 33 45 68 15 84 87 74 40 32 63 6 39 81 97 27 63 31 23 49 17 30 64 40 27 22 1 1 87 42 68 40 
