50 20
59 12 16 84 51 47 28 56 93 51 15 38 63 29 55 36 55 27 25 31 43 6 66 55 56 9 58 54 41 26 85 56 36 69 6 47 36 37 17 30 61 83 31 3 30 87 39 21 23 24 
13 56 94 27 46 66 65 26 94 80 71 40 57 50 55 71 4 43 51 17 17 90 27 6 39 33 35 45 15 58 49 67 34 50 10 67 76 30 72 54 54 99 43 85 58 88 31 22 98 94 
67 43 64 27 29 4 19 85 32 14 69 52 92 69 94 43 79 62 37 33 36 1 18 67 96 25 64 87 6 31 19 44 37 81 64 21 12 32 41 49 17 47 63 29 27 16 43 47 17 77 
99 65 53 7 61 52 90 87 73 22 2 7 33 98 44 42 7 89 93 50 25 73 36 58 77 98 59 58 4 76 52 5 87 75 95 2 53 10 53 99 56 40 71 91 78 64 68 4 23 10 
49 86 94 19 9 65 14 25 68 83 83 37 1 74 27 9 25 76 56 80 84 2 34 53 5 5 44 52 71 50 63 99 93 85 27 81 74 3 98 17 80 13 39 25 9 14 73 98 56 56 
51 49 84 35 43 90 52 46 11 72 93 1 40 20 17 66 69 79 50 56 30 67 89 74 92 10 40 56 7 88 60 15 52 84 6 85 72 21 73 66 27 9 47 64 34 86 37 39 8 68 
73 59 95 87 22 20 16 86 39 46 64 85 10 29 72 47 68 79 84 61 25 49 76 66 73 43 70 68 21 45 61 56 2 32 25 25 92 94 48 91 40 55 39 14 71 89 50 12 17 39 
47 78 75 33 7 72 43 24 6 11 50 57 5 20 50 56 24 22 57 93 42 34 36 77 86 56 99 50 28 71 1 80 75 32 27 55 66 59 91 77 66 35 33 56 56 94 1 3 32 23 
98 1 80 23 23 11 90 64 27 54 21 30 20 95 5 34 21 91 66 16 31 55 97 8 97 32 22 7 87 60 64 39 52 46 20 31 97 31 24 78 54 57 19 17 44 42 24 83 51 40 
56 93 48 80 3 11 12 45 81 85 33 49 94 21 71 92 96 75 64 2 41 3 67 70 26 97 5 6 33 43 6 73 77 46 53 38 46 88 25 8 43 68 40 80 36 43 98 84 96 73 
80 17 72 43 29 42 83 73 48 31 58 16 11 1 20 16 68 33 75 52 64 2 36 43 56 81 36 77 35 74 52 25 41 25 19 57 85 38 51 69 66 1 61 93 90 97 80 25 89 35 
72 98 89 7 89 53 48 94 2 27 44 23 45 92 5 75 37 65 85 70 68 92 59 56 93 50 14 10 33 34 45 24 56 59 50 4 85 45 21 60 80 17 37 5 39 96 62 42 89 94 
91 25 77 49 91 37 60 82 11 78 31 72 71 77 14 39 92 63 66 90 59 37 45 86 93 38 75 13 18 13 20 45 27 86 49 23 56 28 8 13 53 20 83 82 40 30 77 64 86 76 
29 33 87 97 64 35 69 32 44 74 20 29 63 95 95 47 1 52 9 73 63 51 72 67 32 92 44 9 3 19 70 37 31 55 27 97 75 52 67 84 45 32 64 83 36 33 51 20 82 49 
93 29 88 89 2 40 24 95 31 7 85 43 50 79 2 90 53 51 84 45 75 75 49 85 16 83 31 77 52 7 6 93 62 89 10 34 43 15 54 42 27 18 47 24 3 7 12 71 33 82 
61 1 63 50 67 74 30 57 83 15 61 13 44 96 43 70 10 99 80 39 52 7 88 73 55 95 90 72 4 34 8 68 80 69 57 25 57 28 39 27 89 4 39 79 14 57 15 94 34 5 
87 9 74 42 29 98 35 20 56 6 30 57 15 84 97 58 55 29 70 95 8 37 42 87 45 83 33 57 57 86 66 9 14 77 29 92 38 68 46 74 72 20 46 5 51 15 33 87 63 21 
71 27 81 52 37 69 5 22 63 42 65 87 78 50 16 45 44 88 69 48 10 81 45 54 51 33 11 69 13 60 26 88 56 48 86 45 98 87 70 48 62 18 78 30 14 74 78 88 8 30 
76 68 79 31 68 7 59 58 39 48 96 82 37 69 25 75 11 90 84 6 22 87 42 63 69 15 8 72 8 23 57 14 61 76 45 43 47 75 31 7 93 71 89 65 55 87 38 9 38 35 
7 46 29 39 98 7 23 62 51 68 69 69 29 65 3 7 81 30 91 17 46 89 35 34 33 57 54 74 24 27 90 34 63 69 90 79 54 22 10 43 49 83 99 16 48 12 5 42 88 10 
