50 10
24 40 68 82 2 19 72 16 75 73 49 82 60 91 98 15 69 80 61 5 14 46 20 60 49 77 51 65 90 40 35 54 70 69 31 82 66 77 91 12 71 64 50 97 32 29 56 82 37 96 
33 99 36 65 45 57 69 61 47 45 69 79 92 77 54 64 40 25 46 13 32 7 74 52 56 17 49 58 85 78 17 4 5 33 2 31 10 57 24 65 99 13 5 56 39 31 42 44 8 19 
43 98 15 99 38 15 81 62 74 43 93 22 31 42 80 17 43 29 45 5 94 52 44 90 25 7 68 99 36 22 26 14 11 94 44 59 34 83 65 52 24 55 55 4 63 91 16 75 42 53 
37 12 44 51 5 5 74 66 25 89 51 74 52 92 68 61 58 42 53 36 24 8 47 39 56 23 14 26 39 86 80 34 14 41 8 34 89 42 95 53 92 98 14 93 33 4 71 19 18 39 
3 62 94 45 11 91 83 77 67 27 17 39 61 36 3 85 68 33 6 33 82 79 41 76 15 80 16 22 36 90 34 19 88 30 55 4 43 3 6 45 16 21 54 97 48 40 35 65 31 92 
37 51 22 44 6 68 70 61 36 4 9 99 23 10 1 14 93 43 7 8 85 33 35 44 11 89 70 89 6 35 82 89 52 66 22 73 89 59 89 95 97 88 92 96 74 93 82 12 79 62 
59 68 93 15 40 71 51 20 84 21 54 34 11 65 46 83 14 54 94 18 81 91 30 68 14 56 92 68 49 69 90 25 94 22 55 50 62 60 9 47 19 21 39 55 32 34 73 44 29 67 
77 65 48 57 43 72 1 79 93 4 42 69 1 48 34 38 85 97 4 8 88 36 57 22 65 16 11 35 15 14 63 79 38 62 92 22 29 68 91 89 94 14 26 88 11 31 29 97 5 67 
16 5 45 69 52 71 3 89 48 74 31 34 83 80 27 14 80 94 16 38 39 30 80 52 14 66 48 81 56 25 33 78 9 48 38 86 60 84 4 97 52 78 28 23 44 67 28 70 32 88 
55 60 50 89 79 87 97 35 76 54 40 1 1 92 54 58 43 5 60 20 70 66 75 35 38 57 47 5 90 19 66 40 42 53 61 44 34 45 76 25 79 20 26 47 84 28 39 8 55 66 
