50 15
29 68 64 17 23 8 36 39 96 82 62 81 20 40 45 6 19 12 25 74 74 68 13 49 68 71 25 62 97 76 37 44 18 11 59 31 11 37 7 81 57 62 93 77 82 66 93 89 98 51 
96 53 86 18 70 46 85 84 1 37 26 46 88 67 28 76 11 37 61 62 64 50 4 56 10 5 55 73 82 87 35 98 52 10 10 74 63 75 36 51 69 98 10 35 48 81 56 68 78 34 
93 16 21 34 24 3 80 63 45 92 91 36 9 96 41 75 81 16 59 32 10 66 14 73 97 96 89 84 9 54 74 87 45 19 13 35 67 79 13 68 60 28 14 23 51 11 41 16 35 34 
61 25 74 39 15 1 31 60 19 36 81 19 27 65 45 99 92 91 3 78 80 47 18 5 30 22 54 81 50 94 34 79 91 8 50 27 41 51 25 81 8 55 76 75 11 18 29 68 98 95 
9 19 76 33 16 37 54 25 28 32 84 49 22 44 85 79 1 70 63 71 71 27 75 12 49 89 54 51 61 27 78 87 6 46 74 79 17 2 86 14 17 46 28 62 63 27 31 86 31 49 
48 36 27 5 60 77 57 53 96 51 35 97 85 65 8 66 42 20 31 45 36 17 93 85 91 86 72 29 69 50 26 63 84 56 33 59 59 30 47 58 16 40 38 11 54 76 13 71 74 76 
74 89 71 3 94 24 90 23 88 1 48 51 29 84 88 60 93 67 70 65 50 15 13 49 26 50 80 49 62 3 33 33 77 95 53 61 68 53 15 16 40 51 85 43 49 36 59 40 75 90 
25 85 75 13 23 35 85 79 17 50 23 99 42 47 39 34 5 16 77 23 80 23 28 94 56 71 16 42 82 16 46 71 51 42 81 54 13 74 33 39 91 64 88 13 70 63 3 15 60 3 
49 88 73 54 53 66 82 93 45 2 91 75 70 49 9 31 58 53 14 71 20 42 10 86 57 12 96 50 49 72 65 92 27 50 37 90 74 82 78 69 10 49 87 33 29 24 24 52 25 42 
81 6 21 51 41 95 57 30 78 80 60 99 91 31 39 21 25 54 68 63 26 98 17 23 93 71 91 35 44 63 99 75 26 76 6 74 49 3 25 83 27 91 99 66 25 7 40 16 77 72 
76 74 50 51 67 13 77 10 80 47 96 45 63 19 70 43 16 67 70 7 12 81 10 19 17 31 3 94 57 8 46 69 61 14 34 43 66 60 22 96 62 58 25 35 19 29 1 41 9 65 
22 1 82 76 94 76 98 81 74 10 74 35 17 41 12 18 10 13 74 26 63 41 41 33 52 49 55 30 85 36 62 85 54 60 3 66 84 89 90 27 99 25 95 46 65 98 32 71 68 28 
45 79 88 47 85 88 7 79 62 75 39 94 86 90 34 28 65 39 95 28 34 15 37 63 99 55 56 91 65 40 12 42 6 39 5 11 15 87 60 69 44 29 87 49 4 71 58 34 98 36 
78 18 14 40 60 11 44 30 76 61 60 3 5 16 80 48 19 78 31 73 70 18 66 62 52 8 41 14 31 71 87 68 79 92 64 81 22 13 95 97 81 48 11 43 96 81 43 24 43 5 
65 84 70 16 23 64 32 82 27 48 23 42 16 45 73 41 68 26 22 31 55 96 29 89 20 56 43 48 17 17 81 54 94 3 8 69 11 80 3 74 96 59 84 48 29 78 12 22 61 70 
