50 15
37 63 96 68 92 38 38 27 30 42 96 98 53 73 21 10 39 85 95 44 95 94 26 93 7 42 11 57 53 45 7 76 28 93 31 41 1 1 39 24 85 3 83 4 27 52 49 91 7 77 
88 27 67 37 27 50 77 32 41 4 99 33 58 35 66 28 82 85 99 20 81 90 57 3 89 42 17 40 81 88 51 68 49 2 39 35 80 64 28 54 6 21 31 47 89 26 21 74 59 77 
28 15 1 80 6 99 78 65 56 8 84 1 57 89 1 13 78 49 54 85 29 51 89 55 46 92 70 52 15 94 83 23 16 26 86 81 52 85 34 4 80 96 49 53 73 78 50 99 75 12 
10 93 98 78 38 56 70 20 60 54 89 70 37 13 82 57 98 93 66 34 19 65 9 57 96 34 90 43 78 26 33 6 43 13 6 13 31 32 32 72 83 44 49 49 34 24 97 94 62 72 
87 52 36 2 9 56 14 81 13 14 28 85 53 35 10 62 27 5 91 53 79 60 25 28 93 92 81 60 38 65 15 26 70 99 97 10 5 89 60 64 3 29 91 63 54 78 86 22 35 94 
6 13 67 9 40 42 23 99 76 68 65 56 72 88 50 42 37 18 4 8 38 70 51 81 38 93 46 59 14 33 17 86 39 9 75 12 23 46 45 81 46 80 1 8 29 26 35 97 18 93 
92 71 46 90 15 21 91 93 45 47 33 37 12 51 66 54 7 38 91 53 14 98 89 9 98 73 28 50 18 43 64 63 29 17 35 44 9 35 52 65 12 96 62 55 35 74 24 83 57 90 
60 41 11 56 26 33 90 12 85 15 72 61 25 82 88 80 36 22 64 33 87 35 7 84 13 55 14 99 75 99 62 7 53 35 32 19 64 80 88 37 93 62 37 72 34 92 5 69 29 48 
15 43 23 52 69 47 35 78 59 69 21 66 84 93 88 61 91 90 46 28 16 16 69 73 42 8 60 28 23 70 61 52 34 53 18 22 52 72 73 21 81 37 56 38 75 63 94 47 17 99 
17 17 53 38 21 42 82 99 41 65 66 45 22 74 72 98 1 2 16 96 95 74 9 9 91 50 91 71 20 83 53 94 4 92 34 32 38 18 79 7 6 5 66 47 56 40 41 69 98 25 
15 82 60 95 85 89 26 19 38 1 5 39 57 51 21 43 55 35 24 5 68 34 73 1 53 81 75 12 16 69 15 1 40 61 66 71 89 85 58 57 90 2 29 7 40 85 13 36 75 62 
27 29 13 95 59 76 14 40 84 10 95 62 84 31 32 90 41 87 34 44 39 55 51 73 76 34 30 23 56 7 78 61 50 9 69 50 32 81 69 44 42 47 89 52 30 5 93 82 78 25 
18 62 56 76 89 9 56 81 40 54 38 22 4 33 65 50 3 45 33 54 95 83 62 44 1 68 29 40 13 51 66 14 49 87 99 11 13 76 95 38 45 20 27 24 13 53 3 73 53 56 
95 25 76 35 17 89 79 24 54 81 32 36 74 45 34 5 44 97 69 55 80 27 80 33 39 18 50 84 70 42 50 37 52 56 42 22 56 72 46 34 27 95 25 29 70 63 28 98 79 8 
89 57 99 88 67 93 95 71 50 13 95 52 18 93 17 58 52 51 1 62 62 69 69 41 60 37 88 31 32 80 59 33 9 20 79 79 9 4 58 58 33 3 65 32 19 51 34 34 82 77 
