50 15
72 70 25 49 90 47 32 15 17 71 82 70 92 19 5 64 62 92 67 33 89 18 66 83 65 53 52 28 87 11 59 83 60 86 20 44 10 64 64 9 49 22 45 3 24 65 46 33 15 76 
89 3 83 25 14 2 80 20 72 44 54 29 2 13 10 98 2 96 53 91 53 29 71 52 91 10 99 35 60 49 4 48 82 4 68 7 41 6 35 79 69 95 61 96 62 20 83 40 85 46 
35 82 56 77 36 40 12 83 2 92 91 72 2 38 14 72 69 9 83 78 24 59 92 16 45 44 65 4 20 18 98 23 33 3 60 77 74 6 50 9 71 88 39 16 89 6 29 77 44 77 
67 12 42 18 25 70 33 63 33 89 35 82 49 6 70 39 76 76 88 51 17 14 40 70 60 82 79 83 61 6 48 64 18 10 54 69 32 27 56 52 26 26 33 28 45 39 78 30 73 14 
12 97 16 14 81 95 19 99 28 61 5 80 14 58 13 68 79 51 33 3 67 19 68 40 14 80 97 20 19 25 42 33 49 9 11 56 43 58 9 19 10 97 3 5 45 74 88 19 9 75 
58 30 39 48 79 17 48 69 86 75 57 97 83 26 15 82 23 36 85 19 6 10 30 75 5 3 14 32 12 3 93 46 31 1 78 16 82 32 83 23 79 81 3 52 89 80 80 33 96 26 
19 68 83 21 16 10 40 24 24 30 39 53 67 10 69 71 79 90 95 15 5 97 30 86 17 22 12 49 56 71 8 10 23 21 80 65 78 3 93 29 52 22 53 78 38 98 96 89 36 58 
35 75 93 69 11 52 3 82 41 19 95 88 25 79 81 75 8 93 35 91 22 69 61 28 5 90 64 83 20 90 30 16 51 82 49 29 58 39 29 66 7 74 70 10 14 51 12 97 70 46 
15 48 13 59 72 6 36 30 58 87 45 23 97 82 87 23 26 30 59 73 78 25 15 10 17 81 29 38 96 5 20 73 93 26 60 69 40 89 44 61 30 12 81 40 1 47 32 24 1 28 
56 75 94 61 29 33 31 12 79 34 18 62 70 11 63 45 3 17 61 71 20 98 73 92 29 94 79 17 21 31 14 17 91 53 66 36 86 26 30 70 24 82 15 1 73 13 57 85 86 4 
16 91 89 86 53 50 19 29 2 99 95 40 24 57 17 26 32 78 33 32 8 26 50 43 14 19 9 30 11 11 41 86 58 15 25 20 49 3 85 81 35 18 4 58 15 89 33 54 5 52 
66 33 42 87 34 37 97 89 53 34 41 20 19 88 11 10 47 70 38 15 82 43 29 59 28 74 43 31 20 57 66 20 83 43 66 26 47 24 61 76 70 23 58 24 48 73 26 24 81 87 
15 52 93 27 91 38 1 19 69 67 55 6 42 61 46 4 66 11 41 48 25 49 73 93 42 35 71 68 19 86 13 53 72 83 12 97 30 12 79 86 81 42 99 21 97 47 19 77 87 1 
15 28 32 38 32 88 88 84 73 15 31 49 83 25 13 31 6 9 6 5 92 20 59 31 55 82 76 22 7 90 16 60 84 82 70 68 39 32 78 57 34 75 56 31 87 65 71 3 51 36 
80 95 97 77 20 47 92 52 9 83 80 1 59 1 24 54 43 20 75 16 22 20 18 30 3 64 93 66 79 65 90 30 31 66 79 35 92 39 22 1 35 26 99 75 5 84 29 80 5 96 
