50 15
93 98 41 10 26 82 42 29 98 19 99 61 11 95 43 47 60 59 43 57 76 7 7 23 12 89 14 48 41 89 40 51 52 3 99 94 53 38 92 4 38 10 62 98 55 83 81 83 89 17 
75 86 43 94 15 17 66 88 55 55 24 31 79 46 16 93 41 6 15 90 27 71 40 34 53 81 67 79 2 64 24 98 52 17 24 11 80 89 12 74 6 18 51 18 31 63 57 55 91 51 
67 24 81 93 40 81 49 3 98 77 91 97 72 39 86 57 40 43 22 20 40 92 61 59 11 88 53 28 71 25 31 1 58 39 5 72 86 93 44 96 96 90 9 65 95 27 79 75 18 47 
44 84 41 21 63 38 67 27 10 23 54 98 13 75 49 89 69 45 83 46 87 70 85 28 97 30 67 59 53 80 88 75 42 94 53 44 82 64 12 75 63 33 45 80 63 68 84 10 58 1 
90 56 74 93 99 52 95 8 40 1 56 45 21 72 64 65 53 87 96 3 75 99 59 46 50 69 79 57 93 37 25 35 80 45 64 83 23 36 39 47 44 42 13 17 69 48 91 6 13 77 
5 10 81 6 97 54 70 2 81 63 5 76 72 51 27 75 51 12 54 45 24 52 30 25 92 95 82 92 25 4 3 90 52 70 89 40 27 90 87 3 25 5 42 64 80 69 34 48 68 99 
85 3 95 85 4 87 60 53 75 84 48 85 96 95 23 93 1 53 30 36 51 23 68 57 71 87 17 61 88 2 82 21 78 37 6 62 63 66 41 79 85 45 3 65 61 11 28 63 87 90 
39 3 51 28 95 87 88 24 80 7 94 16 59 1 76 2 76 36 65 94 42 26 91 48 86 33 9 40 66 18 53 64 29 46 69 78 75 82 33 17 59 8 52 64 34 60 47 42 27 74 
57 84 62 16 95 20 15 78 76 96 7 42 51 13 93 50 84 82 19 99 11 46 78 12 50 69 14 17 63 7 4 50 18 51 52 75 2 85 98 77 94 6 16 9 93 2 51 63 46 84 
39 50 22 62 19 93 64 30 64 68 28 41 77 98 25 40 91 87 42 78 55 95 99 56 21 57 19 36 25 49 67 90 35 40 15 99 99 9 9 11 40 85 38 29 56 66 73 97 36 12 
92 70 94 65 71 4 14 57 4 46 62 4 84 43 52 82 11 87 44 28 72 84 68 57 92 82 72 33 83 67 16 21 81 90 51 71 78 73 40 44 54 17 23 41 83 92 20 30 80 18 
55 36 29 35 6 83 8 42 60 77 87 28 70 55 36 52 2 26 2 97 73 37 65 50 89 47 55 9 10 41 67 38 50 87 12 84 14 15 84 45 90 52 27 60 83 76 33 51 38 44 
55 27 4 36 12 34 50 30 48 92 7 80 34 15 65 83 80 42 97 45 93 91 28 69 51 5 49 58 87 67 44 7 30 65 65 68 84 94 6 41 68 63 52 87 64 32 9 84 9 77 
29 47 72 89 95 57 58 35 99 84 49 8 23 44 81 62 7 47 32 77 45 75 92 61 26 69 68 46 46 30 63 18 93 49 22 70 81 98 47 71 48 48 18 73 77 6 75 28 12 86 
13 18 71 11 8 66 87 21 49 45 75 17 98 77 9 91 72 91 92 82 95 16 75 4 65 98 82 19 40 69 51 12 23 33 85 45 88 86 71 3 93 69 9 62 52 6 59 42 73 6 
