50 10
27 5 75 79 2 82 88 31 53 21 24 28 79 58 35 49 30 66 32 55 55 27 79 93 92 95 17 67 77 42 19 96 96 75 80 56 60 45 34 97 15 29 2 46 82 3 76 88 32 82 
98 52 79 39 1 36 48 98 35 72 19 2 20 62 40 80 1 1 35 31 12 70 70 93 97 54 77 31 89 34 39 20 43 16 17 40 19 49 52 80 39 54 11 45 80 58 88 60 40 38 
12 2 82 19 46 32 6 28 27 46 18 93 54 92 88 20 58 45 70 97 25 87 33 86 96 34 90 20 58 76 96 50 8 70 32 15 2 41 64 42 83 33 95 87 97 78 87 92 78 11 
30 11 5 74 79 46 49 47 70 4 84 86 6 61 2 56 76 93 32 44 68 14 41 51 92 63 29 40 6 63 38 31 55 18 66 68 9 79 84 30 13 59 64 97 39 8 10 88 46 44 
7 67 36 54 16 14 40 47 54 38 4 33 65 66 99 55 63 31 58 84 15 54 36 66 46 15 22 49 95 88 71 96 80 78 69 80 6 20 29 52 2 70 20 95 93 81 24 68 99 46 
52 13 88 50 41 4 97 65 26 46 36 93 3 3 57 82 96 5 75 43 69 69 32 90 84 15 6 93 18 85 81 24 38 88 82 21 35 26 51 54 2 46 88 98 86 85 49 13 83 33 
80 76 62 73 76 3 50 93 58 67 68 9 61 68 21 94 88 12 42 4 32 73 88 66 84 99 13 27 24 30 17 16 89 63 90 47 29 39 26 50 29 70 14 32 36 84 29 69 45 18 
70 3 89 62 89 2 5 69 90 95 40 93 88 11 37 25 52 89 18 99 42 11 53 28 41 75 19 78 5 47 74 24 9 47 43 39 7 9 90 55 92 82 23 74 71 1 77 33 34 2 
29 65 63 50 30 73 60 78 3 17 79 67 74 99 32 67 9 90 3 55 65 61 52 79 89 2 46 98 38 20 19 91 24 17 65 54 8 53 68 73 12 89 52 89 64 6 71 31 77 12 
85 75 55 34 37 30 43 15 61 26 51 56 69 98 70 71 38 43 52 24 5 93 1 81 21 11 30 82 57 67 78 4 75 50 71 33 40 65 50 58 3 41 50 47 30 50 35 49 99 33 
