50 20
67 83 7 87 78 61 32 84 14 11 54 97 4 97 20 5 22 54 94 86 49 53 39 96 41 70 74 28 99 58 51 84 42 14 19 48 68 46 92 46 28 44 26 23 92 48 76 9 23 19 
72 56 44 30 30 21 11 52 76 13 33 23 81 85 84 11 10 34 58 2 68 45 9 39 45 34 94 72 55 91 24 98 86 31 97 3 38 24 53 8 71 53 8 15 46 49 3 45 70 36 
2 78 71 52 28 25 69 6 91 65 86 67 65 11 69 79 3 91 56 65 52 79 88 50 82 5 36 73 94 74 15 15 44 91 99 7 59 76 52 58 62 79 32 69 81 6 20 54 77 31 
31 84 47 12 26 59 94 60 7 2 80 99 59 5 13 39 63 66 42 90 84 86 51 62 75 56 55 54 62 55 92 49 42 43 17 8 74 56 93 61 78 96 92 10 24 31 81 8 24 79 
90 52 88 47 64 81 2 38 5 53 70 82 18 43 69 87 87 57 79 73 39 98 62 44 10 39 27 55 21 86 96 83 42 52 79 93 62 21 38 10 58 22 54 79 61 92 4 49 32 53 
64 75 11 82 87 15 63 74 24 23 26 50 37 30 46 49 68 20 18 80 75 65 27 68 83 78 92 97 20 48 15 51 64 90 15 60 90 87 80 45 12 34 8 59 21 77 49 33 37 67 
76 65 85 10 86 71 5 81 84 5 61 85 42 4 88 41 10 48 57 21 31 83 91 72 69 36 93 31 18 33 55 46 23 23 83 92 4 90 12 96 67 79 27 48 30 8 80 23 38 88 
9 27 42 61 13 6 67 52 3 98 33 1 80 55 99 19 37 51 12 91 43 74 90 64 44 28 30 40 56 16 87 75 54 43 82 70 70 4 84 64 88 79 11 28 33 31 19 60 67 91 
9 74 19 30 9 91 9 43 97 74 10 45 4 10 84 86 87 1 12 66 16 36 62 3 29 57 63 2 9 26 70 27 50 97 33 65 27 85 64 98 58 32 12 69 85 73 24 55 34 16 
63 46 68 15 53 35 3 26 36 44 56 7 95 92 33 34 96 77 43 36 26 18 39 36 42 2 66 94 10 22 1 52 52 30 95 77 91 71 28 7 91 35 34 90 3 92 64 35 6 46 
84 65 48 32 96 18 73 28 8 78 98 15 11 38 77 28 3 82 76 57 95 11 88 62 44 49 55 93 57 75 84 10 22 34 70 97 17 58 10 88 38 84 22 81 10 76 70 57 9 37 
81 11 39 12 40 27 72 84 94 39 77 50 79 99 45 32 38 30 14 19 9 7 72 53 24 64 45 29 99 78 88 81 33 68 88 86 93 87 47 47 17 15 82 93 2 53 20 73 98 19 
99 20 47 34 42 81 26 73 84 33 46 4 47 7 41 62 73 61 5 96 96 51 53 36 11 95 97 56 37 45 13 51 92 54 3 2 62 46 73 41 65 84 97 28 22 38 88 13 26 56 
40 9 28 83 33 53 97 41 86 40 5 40 83 36 58 20 19 43 48 77 39 38 91 7 91 19 73 46 61 48 91 19 19 97 1 78 65 89 57 55 71 44 60 92 27 18 97 99 78 54 
47 57 67 96 8 29 64 94 93 20 64 50 24 88 58 39 68 59 47 16 64 45 59 27 37 58 70 34 15 36 20 30 53 59 30 59 48 65 28 35 60 72 60 60 28 96 13 43 89 70 
52 73 6 41 16 20 6 61 64 10 8 61 88 54 16 92 28 96 77 88 62 7 76 54 5 74 30 62 96 3 78 45 1 3 79 90 95 87 5 35 69 64 31 55 10 29 35 64 7 59 
44 81 86 2 57 99 38 7 10 1 88 2 28 24 70 86 65 74 31 61 82 86 7 87 6 93 84 65 4 2 79 94 51 50 94 50 1 87 98 44 49 36 85 2 10 62 51 25 75 47 
86 34 95 29 19 41 82 10 90 12 42 43 24 79 85 16 4 91 11 94 25 50 44 80 34 60 88 42 74 69 61 66 27 14 44 1 56 61 24 93 56 56 33 45 89 59 99 42 33 98 
52 17 80 62 29 98 45 29 3 81 73 7 3 81 92 19 86 82 64 11 47 48 99 73 43 47 78 56 9 68 71 91 76 41 53 12 96 54 27 64 53 70 40 35 85 53 2 67 5 78 
74 31 40 39 33 1 78 79 97 20 55 33 42 16 77 2 56 40 15 10 38 61 90 95 85 63 76 9 90 33 85 98 37 57 66 15 89 19 98 93 86 85 84 57 42 6 40 8 28 4 
