50 10
52 18 15 78 35 88 7 43 24 69 73 84 76 56 76 46 89 7 51 35 35 8 38 69 35 34 68 18 7 26 8 51 56 65 57 99 30 60 3 15 25 40 34 40 54 48 8 86 64 47 
56 89 38 61 80 50 46 74 80 13 93 26 99 60 74 30 5 56 63 3 19 45 65 53 40 84 50 6 40 6 63 51 42 8 25 31 83 83 4 55 58 74 76 46 37 56 61 18 73 62 
94 94 11 5 2 28 93 57 62 30 39 46 9 57 73 99 19 51 54 40 85 42 29 34 11 1 89 1 91 51 54 76 21 39 30 38 86 54 7 75 86 14 34 29 43 93 25 76 23 27 
44 38 29 99 95 20 12 1 62 78 7 41 88 99 34 56 82 17 19 50 12 96 78 56 26 26 40 76 18 59 81 9 2 66 16 49 40 45 95 79 91 27 55 31 87 61 83 36 52 73 
70 75 46 56 19 14 29 4 91 48 9 14 90 68 76 3 28 9 43 60 87 31 63 52 53 97 10 30 85 68 8 48 60 87 22 83 62 89 9 67 32 2 11 20 72 62 21 90 9 35 
73 85 20 47 46 4 13 20 92 69 58 97 64 77 21 71 48 12 74 47 10 33 8 66 10 82 10 59 9 23 35 20 47 13 54 22 12 6 83 62 77 88 93 36 37 43 2 40 7 45 
69 15 30 66 1 90 99 30 57 53 52 16 32 6 44 80 38 8 11 50 5 64 90 9 78 70 54 54 27 13 37 94 56 32 83 20 26 34 93 10 77 61 73 17 66 19 99 87 96 62 
65 9 21 47 10 27 53 72 18 16 76 97 69 23 41 62 7 74 53 50 6 32 89 57 82 16 39 33 23 16 80 12 50 86 84 14 22 20 54 42 58 95 93 44 97 23 6 70 93 53 
51 9 27 62 93 87 64 71 42 76 43 88 80 35 64 71 91 66 97 43 13 58 41 11 49 33 40 91 46 99 64 40 19 15 32 94 29 45 3 15 30 46 14 34 64 35 85 17 8 81 
59 47 17 4 66 74 74 37 61 16 88 3 18 4 35 39 97 48 38 61 41 47 75 58 39 17 68 22 92 67 56 6 40 95 39 15 82 25 18 29 78 56 7 53 20 74 23 5 1 60 
