50 15
44 83 76 68 31 5 42 81 98 24 46 31 95 42 76 88 89 59 34 31 57 75 31 92 32 46 11 65 29 34 35 86 94 72 83 40 53 34 55 68 33 50 86 95 21 52 1 68 49 12 
93 10 10 43 57 72 91 57 7 88 60 88 66 94 19 9 84 14 99 67 65 42 68 69 82 42 73 6 91 2 92 55 55 78 78 34 49 4 3 54 9 52 50 21 27 83 24 78 27 13 
77 42 22 64 9 5 52 19 63 42 75 10 93 98 72 35 26 67 38 3 94 59 76 70 33 12 85 2 29 21 62 43 81 56 65 66 11 71 15 21 8 17 11 28 27 49 6 67 69 47 
9 51 60 87 75 81 33 97 26 22 48 41 49 31 41 14 78 24 11 12 92 27 53 63 97 4 77 24 50 62 7 51 53 88 77 22 46 45 5 34 81 32 76 18 36 15 95 56 22 41 
86 57 72 22 94 21 60 7 16 36 95 27 64 8 1 75 43 84 85 11 98 46 45 81 17 66 40 80 47 96 94 25 85 40 15 82 54 93 15 3 46 77 7 27 43 95 82 81 11 82 
33 2 32 8 5 80 23 50 75 60 60 59 68 92 61 49 98 98 21 99 29 44 94 15 24 24 75 98 63 42 70 45 22 24 63 90 55 84 40 71 16 48 1 84 6 84 85 42 46 18 
56 56 38 29 69 42 2 41 85 17 95 81 25 94 4 28 91 61 96 85 78 33 44 11 16 44 20 13 52 53 63 52 83 57 35 18 49 45 18 66 54 36 11 28 18 93 37 39 33 2 
91 15 54 45 59 31 63 5 64 41 81 73 57 53 98 84 59 28 20 4 2 80 45 14 6 47 33 56 39 4 11 97 58 43 48 70 29 48 11 5 96 9 41 52 22 72 59 62 34 43 
52 14 35 50 61 48 48 37 91 10 60 37 95 7 80 93 89 35 62 70 4 8 25 83 56 22 59 56 64 86 14 69 39 43 45 12 28 46 92 62 21 93 8 37 5 22 50 2 56 91 
91 26 6 66 98 79 25 74 16 89 12 64 12 84 8 31 54 18 56 23 1 66 55 11 6 32 27 62 95 29 52 11 80 50 87 14 12 25 34 44 8 26 52 70 3 84 35 5 92 18 
54 15 72 93 19 30 17 16 84 78 21 19 79 37 53 89 39 61 76 41 78 29 19 98 38 52 25 7 50 92 56 90 16 58 36 95 96 97 64 69 49 92 37 90 78 34 59 35 61 23 
17 19 43 18 5 81 95 80 40 85 77 69 82 50 93 72 27 66 43 50 17 59 50 9 91 25 93 16 59 18 93 42 7 58 23 14 85 83 52 5 36 54 48 98 46 93 87 17 54 35 
47 1 43 96 3 65 41 7 44 3 47 76 52 58 59 50 39 35 22 23 74 13 75 78 79 80 28 68 47 90 80 91 39 53 95 41 76 86 25 35 28 12 21 33 47 70 83 23 36 72 
21 14 95 91 75 53 91 4 86 6 90 7 3 85 91 49 15 48 60 78 61 96 57 33 92 34 96 57 33 92 6 91 71 28 20 30 76 64 30 51 24 9 71 50 75 84 19 33 47 52 
67 13 6 20 29 7 51 85 7 6 67 62 2 82 56 20 37 72 56 75 94 95 53 67 58 76 7 53 1 1 27 5 63 55 85 30 32 26 36 44 90 61 84 71 99 20 40 49 66 59 
