50 20
97 21 77 89 93 16 65 38 43 72 1 70 4 52 62 29 62 92 79 5 74 50 72 81 14 43 99 74 8 97 97 81 89 91 30 20 36 95 24 74 14 17 22 39 25 47 18 61 44 3 
68 30 50 50 75 66 27 45 87 84 79 88 22 43 79 1 32 74 41 34 26 10 44 1 82 93 50 83 75 5 20 62 85 74 37 24 25 6 20 90 50 90 46 31 88 30 69 82 50 52 
74 86 90 87 95 57 77 52 66 41 65 70 94 60 79 25 64 30 63 80 31 41 79 81 13 62 1 43 84 29 6 45 75 40 68 28 55 51 57 83 37 64 25 52 64 28 3 12 6 26 
64 50 97 65 56 81 14 77 55 87 86 16 91 3 64 50 73 98 9 70 60 52 68 55 29 12 44 42 45 69 58 94 32 28 23 73 35 71 12 99 95 29 27 32 17 51 64 27 34 71 
73 80 36 51 62 29 23 23 41 39 42 32 74 44 12 30 39 54 24 73 59 4 95 62 53 96 11 88 80 46 61 74 77 23 92 21 10 93 49 51 12 70 16 50 29 50 62 12 65 60 
60 52 78 52 73 34 61 67 73 16 67 26 46 25 73 17 12 91 49 38 46 64 76 19 91 30 68 35 83 33 84 29 65 94 55 29 8 29 97 65 28 64 34 93 7 60 10 9 10 29 
52 79 52 58 3 89 37 73 30 47 44 24 14 63 52 73 1 50 1 35 99 19 90 65 77 73 76 63 47 2 57 56 69 73 72 2 37 30 98 73 79 78 37 63 46 89 11 66 8 85 
46 91 33 69 97 96 9 89 8 22 65 25 80 47 45 70 62 76 17 78 11 2 44 26 63 76 55 81 6 79 10 80 41 89 72 85 59 50 75 62 5 39 90 44 44 38 98 1 37 98 
74 57 55 22 11 22 38 77 19 98 72 96 75 71 73 86 68 29 87 35 39 16 40 53 31 76 74 25 27 92 2 45 99 31 38 64 48 90 56 36 48 39 19 57 92 61 34 11 35 4 
61 41 4 60 99 47 25 3 30 96 62 32 5 94 8 27 36 94 21 71 12 18 47 78 15 73 35 8 38 75 56 82 12 63 24 12 13 17 12 4 88 80 71 91 77 78 54 46 22 34 
86 7 49 33 36 63 24 45 17 48 73 39 68 75 79 40 15 5 58 19 60 39 50 81 83 13 19 66 28 90 38 34 98 54 90 65 55 7 62 55 5 56 31 1 97 15 65 1 18 90 
40 56 10 39 89 57 56 99 5 68 88 10 18 24 8 10 89 87 75 58 76 29 85 97 3 84 33 27 26 31 80 70 6 53 30 40 75 14 86 13 9 18 33 94 88 88 95 87 75 28 
86 2 68 18 72 96 51 99 63 31 65 52 97 73 41 33 59 56 22 87 13 21 9 90 54 61 3 88 50 66 47 49 85 64 76 98 3 68 54 70 48 17 23 46 18 21 39 1 96 4 
28 23 76 11 19 19 4 77 27 60 21 49 53 14 29 88 4 66 95 89 10 50 69 98 45 55 3 30 46 51 70 89 27 5 84 85 4 99 18 55 12 57 19 80 19 48 36 6 52 19 
61 69 24 43 77 51 60 44 92 35 41 40 2 66 17 12 30 9 60 98 22 30 62 96 39 99 27 49 52 84 64 42 34 38 84 95 54 95 89 60 71 70 70 10 31 46 97 35 54 68 
12 78 49 62 71 7 7 31 1 39 90 52 44 99 54 63 82 80 73 4 6 13 18 87 79 33 19 66 15 52 35 4 39 28 27 40 59 26 19 63 36 97 72 77 51 42 55 70 73 78 
78 90 20 48 45 91 47 38 90 30 18 8 31 53 54 23 80 56 95 67 90 20 43 80 96 57 3 10 61 56 29 47 18 26 69 76 15 37 10 16 57 67 12 64 55 44 65 40 61 90 
57 49 70 74 81 1 50 7 44 40 44 56 55 59 32 50 99 76 86 96 63 45 85 4 46 80 32 96 85 75 75 39 71 16 27 48 66 6 79 16 25 82 30 28 12 34 91 83 22 21 
98 14 10 37 57 7 68 93 64 79 88 38 77 44 50 3 46 24 74 20 11 38 18 20 94 1 66 25 95 13 30 39 82 57 36 45 87 89 19 97 1 37 23 16 64 85 85 78 62 78 
68 90 57 53 49 59 39 62 56 77 40 59 57 29 93 61 91 29 43 99 45 91 8 86 17 95 56 86 85 59 71 86 79 4 21 59 48 23 25 39 28 54 27 84 9 47 61 49 10 29 
