50 20
6 85 98 26 48 59 52 52 41 10 23 73 77 40 66 24 77 38 8 18 72 68 40 45 9 68 9 64 35 41 14 95 98 48 98 15 39 4 47 48 80 68 74 64 29 43 22 71 60 64 
82 93 52 20 90 29 7 40 45 51 42 11 53 39 26 11 37 91 77 28 3 98 34 19 12 5 20 86 45 85 16 43 76 8 30 79 36 5 60 37 85 43 71 73 82 88 57 33 49 79 
72 55 33 58 78 14 66 38 16 61 28 63 95 98 86 92 11 28 66 7 73 96 81 56 64 42 87 1 72 35 20 58 40 24 40 43 9 76 77 13 60 26 77 13 60 14 38 16 4 33 
39 86 65 91 12 88 63 1 46 49 39 45 2 90 97 87 33 47 97 12 8 81 66 40 20 3 25 50 18 88 98 97 14 1 45 31 10 6 63 13 11 92 21 38 49 91 67 52 97 92 
6 68 40 98 6 95 50 97 67 83 89 39 88 66 28 10 32 28 95 90 20 1 81 58 29 51 21 74 80 82 94 76 36 20 20 80 91 14 46 66 73 23 45 73 25 18 11 98 9 68 
74 25 91 63 54 93 62 4 54 50 13 21 25 49 99 78 45 1 91 29 86 42 34 81 89 2 22 78 22 74 68 57 56 81 72 19 35 48 86 1 40 66 88 45 61 67 47 62 64 87 
99 99 72 16 24 32 25 26 44 40 68 67 20 28 37 25 47 78 20 42 95 3 6 57 58 78 26 51 91 98 97 86 59 11 70 59 79 65 63 34 64 55 19 92 66 61 36 78 20 98 
22 54 72 28 55 52 56 39 72 45 46 24 1 95 86 20 33 72 1 33 49 73 5 56 33 41 28 88 90 84 32 54 68 95 30 16 75 69 6 5 96 21 28 27 19 6 75 90 42 39 
72 14 88 91 35 44 93 49 63 45 20 24 10 65 64 98 62 95 4 96 34 64 86 75 59 32 29 19 85 81 8 36 66 16 55 47 59 50 50 83 14 5 13 78 71 1 2 64 54 51 
5 10 19 34 29 60 17 32 39 56 18 99 95 47 42 12 20 2 6 46 65 73 91 49 86 68 16 7 5 20 99 14 81 52 35 40 81 49 55 4 47 26 1 33 63 95 94 43 29 39 
6 63 18 17 59 86 30 4 95 14 63 79 44 49 94 23 43 84 88 25 90 41 36 23 84 13 2 54 66 15 65 95 66 20 69 4 45 8 55 66 41 7 15 40 11 39 31 95 71 60 
85 7 48 96 85 64 10 6 85 40 19 82 72 30 65 48 96 65 64 69 93 24 73 70 97 56 13 55 68 2 82 26 4 3 83 99 59 33 34 31 69 6 86 27 65 2 54 68 90 82 
63 34 4 95 49 89 7 45 86 57 94 70 45 87 14 7 19 94 33 92 23 45 33 70 82 54 7 78 28 79 50 41 92 14 53 68 1 79 98 43 63 21 51 21 75 2 55 20 3 94 
20 80 21 15 81 34 65 17 42 73 27 34 67 94 97 19 41 97 75 62 44 55 37 59 15 79 2 81 23 91 7 44 37 92 68 74 91 29 57 80 58 65 63 23 12 47 65 79 5 75 
16 24 52 42 5 95 39 10 60 65 93 51 51 92 75 59 64 59 82 12 47 2 98 18 52 63 33 63 82 34 64 53 32 94 89 55 32 60 61 44 92 25 34 45 50 6 9 76 6 85 
77 96 24 15 93 37 51 16 88 25 36 96 80 72 96 56 73 73 54 36 80 19 43 34 39 20 34 27 32 22 52 86 7 29 93 99 89 17 49 88 12 56 17 26 21 28 25 57 5 44 
24 39 67 40 15 96 76 13 49 48 84 21 79 47 13 9 97 50 74 16 33 9 64 80 44 65 51 25 12 46 77 53 34 58 45 43 21 75 19 43 84 39 10 61 36 52 76 64 79 65 
43 19 15 58 45 54 17 30 29 60 28 97 86 63 48 85 19 3 23 17 8 3 10 79 77 35 47 2 72 96 23 14 20 70 45 19 98 98 10 64 12 50 68 8 53 88 95 86 74 41 
40 57 65 98 5 59 29 49 9 35 45 88 92 19 50 89 45 12 94 22 45 35 96 89 8 63 79 76 24 74 15 91 11 95 71 12 47 38 54 24 26 50 52 71 91 56 76 95 85 1 
41 77 40 1 54 60 60 64 52 28 20 28 36 67 40 42 45 20 34 21 74 2 31 58 92 19 94 53 61 86 41 19 55 51 56 12 79 5 17 43 85 8 9 99 97 5 45 63 22 45 
