50 15
74 48 43 5 31 50 38 19 74 97 16 60 15 53 34 86 3 74 60 65 9 67 96 22 24 53 29 56 62 1 39 45 51 45 13 6 41 70 59 70 66 26 25 87 42 16 40 79 73 72 
79 4 61 81 58 7 92 46 47 39 39 13 12 35 28 63 2 96 47 73 74 99 25 54 27 64 15 31 46 18 47 94 85 99 54 89 47 63 59 7 15 91 82 10 69 20 28 99 85 45 
9 1 7 72 38 74 28 97 93 63 45 2 64 19 62 89 65 20 41 47 65 61 48 62 62 5 31 65 15 73 59 20 69 42 72 74 38 52 96 88 5 38 39 53 76 67 71 1 2 19 
85 23 54 69 12 76 25 58 77 13 59 85 32 47 35 91 22 9 88 24 33 10 97 46 5 78 67 51 27 75 10 96 10 13 55 29 85 54 33 34 88 52 18 43 27 54 18 88 28 97 
14 20 67 21 6 34 44 43 80 99 27 90 93 99 62 2 4 15 41 94 90 90 39 68 42 39 31 48 25 48 11 74 58 25 40 61 15 96 80 73 51 60 1 6 38 25 56 56 16 26 
74 14 98 63 11 24 1 89 65 69 88 69 16 12 89 52 92 36 68 12 11 14 22 72 20 1 14 38 39 94 97 42 70 56 84 43 36 34 46 21 72 78 68 74 72 32 97 3 64 13 
26 18 19 84 70 5 94 85 81 75 56 10 99 46 62 94 22 57 49 76 86 34 58 44 27 4 78 26 27 40 11 62 33 36 62 12 16 40 17 87 63 92 64 38 87 51 74 16 33 11 
87 8 24 11 24 4 97 19 57 25 49 99 69 25 81 16 14 52 63 95 29 70 34 51 78 41 17 90 19 55 98 4 39 8 85 67 31 70 62 84 88 97 96 48 42 63 80 24 69 32 
85 53 89 67 3 45 50 45 2 80 86 97 54 8 18 63 56 40 27 45 89 98 22 96 55 48 93 50 77 77 23 56 50 26 68 52 59 55 56 60 25 24 31 96 27 2 52 46 19 54 
84 33 6 85 73 5 49 94 3 14 10 6 11 38 89 34 9 55 60 41 41 75 40 76 65 30 70 19 28 78 15 98 91 43 19 17 31 84 85 78 8 56 66 12 98 26 75 51 29 43 
82 77 50 89 63 64 94 4 31 74 66 76 19 1 6 1 33 63 36 42 31 42 98 81 62 85 6 47 27 55 93 75 34 63 61 5 72 26 20 4 17 38 95 85 45 40 64 57 24 46 
30 44 52 68 23 63 99 87 39 85 52 75 90 75 48 10 43 94 39 45 35 82 32 68 16 19 49 49 65 25 57 59 20 83 54 36 55 87 92 42 62 45 84 32 35 13 40 27 63 18 
17 70 76 47 76 91 19 21 4 38 33 63 33 30 57 41 76 24 41 59 20 58 58 36 32 2 18 37 37 83 33 29 12 27 23 16 22 19 70 78 95 83 48 30 90 53 90 38 33 35 
36 56 28 45 4 91 38 72 93 38 34 19 12 77 34 98 24 70 53 52 4 58 96 11 58 45 47 80 67 18 33 3 72 60 81 69 10 64 17 4 72 60 50 43 45 5 51 68 43 1 
22 58 90 21 7 5 30 59 97 57 26 3 73 23 56 99 3 38 64 36 85 50 84 95 3 32 32 14 94 32 86 4 38 46 51 68 96 55 68 37 60 44 23 98 95 34 81 10 70 71 
