50 20
41 71 23 6 62 52 41 52 62 37 44 96 7 47 69 6 58 71 11 17 96 77 36 59 32 36 4 72 29 36 87 26 22 6 90 37 37 29 64 86 8 68 29 45 96 77 91 84 9 27 
93 15 65 62 14 14 65 6 39 94 64 79 45 41 41 27 89 54 54 55 5 46 33 30 90 33 71 67 10 30 23 29 79 43 95 14 69 64 41 55 90 65 54 11 90 90 61 61 51 52 
2 32 9 98 11 98 13 88 46 25 1 39 98 70 33 56 64 77 60 61 13 40 90 66 58 79 55 38 22 2 86 68 9 75 77 45 68 97 53 15 70 60 44 58 69 24 47 56 76 81 
49 89 25 5 71 67 41 82 44 47 67 44 79 1 10 42 14 20 20 22 51 64 40 67 9 5 46 44 56 61 90 42 63 56 46 23 43 50 50 59 94 89 50 81 46 48 44 20 2 74 
19 69 87 28 38 12 5 3 41 94 25 17 62 72 5 76 61 8 31 58 31 95 37 30 24 81 23 67 69 77 74 74 88 82 80 99 18 2 54 59 26 64 49 51 32 42 79 76 23 68 
99 1 11 51 42 27 34 73 91 34 86 97 97 75 70 98 14 66 32 5 80 74 57 95 26 14 66 93 58 40 2 58 57 39 30 80 71 30 28 74 8 48 83 76 29 49 83 31 46 93 
37 8 13 99 48 40 12 83 77 70 47 48 21 38 18 71 67 75 45 13 66 83 43 77 91 91 92 89 17 33 2 57 81 12 80 47 57 69 8 45 22 57 1 32 24 3 80 49 51 77 
89 45 90 24 12 66 30 29 85 3 49 7 79 53 61 3 16 93 6 59 11 20 91 62 26 93 40 84 6 84 30 28 22 14 40 70 22 99 93 5 66 97 3 86 76 48 8 77 78 20 
94 15 54 68 39 27 93 65 95 67 17 79 1 52 40 6 60 85 11 36 64 74 20 72 12 46 25 49 22 73 65 54 59 87 85 43 52 97 48 59 5 12 59 55 25 56 79 7 37 88 
5 22 91 64 22 52 83 16 78 12 50 42 49 6 25 86 50 64 77 65 29 38 11 62 65 91 50 22 56 97 42 42 16 28 41 69 69 52 12 91 40 26 17 34 53 90 11 50 20 61 
31 23 23 51 12 86 67 28 96 75 10 36 23 94 29 28 26 85 89 23 15 87 9 72 37 9 31 33 48 94 90 33 79 98 83 41 8 47 35 36 25 12 69 73 5 76 78 57 74 7 
25 6 62 61 39 6 8 29 39 30 98 61 10 50 82 3 44 91 33 24 87 83 2 68 79 95 55 97 3 89 23 30 19 54 40 90 19 58 87 49 65 87 43 69 34 89 18 46 58 22 
34 83 35 33 37 63 76 93 21 26 45 50 30 70 43 16 53 80 24 47 38 40 11 62 14 56 15 60 5 75 54 39 53 2 74 15 34 19 63 42 80 5 74 28 94 52 42 56 72 89 
55 65 30 65 80 31 94 12 68 25 7 5 70 84 45 6 44 64 44 87 49 34 87 36 39 65 98 37 58 34 37 75 31 6 93 24 59 35 80 42 15 58 27 63 33 83 72 97 8 89 
28 95 1 28 18 70 54 64 84 69 31 12 66 88 67 31 38 19 70 58 81 10 89 75 55 42 80 79 59 95 82 48 7 15 76 14 93 83 61 25 64 87 22 24 83 88 92 8 1 88 
21 20 12 59 98 92 83 93 80 28 45 96 86 66 55 72 23 10 32 7 32 67 97 14 27 93 22 79 44 40 64 3 79 90 21 41 37 12 65 55 72 92 93 50 35 91 69 22 11 77 
52 64 5 44 51 96 60 90 95 82 55 45 35 99 80 51 57 34 25 66 11 98 98 84 19 48 46 55 3 3 68 98 98 63 42 27 74 34 33 62 54 37 23 57 29 32 22 12 82 37 
57 57 78 6 26 17 44 29 89 81 74 53 33 12 18 10 39 4 19 9 88 81 12 38 44 95 16 55 52 10 27 82 36 1 15 97 81 48 12 32 43 32 13 61 27 23 61 98 89 75 
23 33 11 35 21 43 45 36 34 1 87 76 95 44 39 85 41 88 82 9 69 96 53 69 18 47 8 42 29 4 90 21 17 81 5 85 41 19 78 75 67 46 38 52 46 49 72 72 74 47 
68 71 37 36 78 14 42 71 91 31 34 67 37 91 22 6 39 53 28 33 55 11 34 1 26 36 23 14 14 25 25 67 49 36 56 97 75 43 71 23 89 68 96 84 88 34 84 94 10 3 
