50 20
29 61 29 45 27 4 37 61 16 43 59 16 27 23 51 36 70 7 56 27 54 97 26 96 3 60 39 68 76 34 16 4 88 56 42 18 26 76 85 3 65 80 14 42 96 7 16 31 36 62 
94 81 91 60 1 34 31 4 38 43 60 72 80 65 27 87 96 63 19 75 42 99 59 60 58 30 4 53 59 99 27 53 32 31 24 34 25 24 97 42 47 46 57 89 56 26 10 47 55 50 
73 72 33 37 82 84 18 37 54 58 91 31 43 88 21 96 74 1 85 24 21 20 41 87 65 36 91 13 74 78 56 48 61 79 38 27 62 43 94 43 97 19 4 17 46 66 37 64 11 23 
32 69 56 90 9 1 33 86 58 63 55 44 71 91 48 53 16 69 81 74 77 71 17 85 6 10 52 19 54 77 63 13 32 90 47 49 38 33 68 97 11 1 99 66 70 43 70 35 63 12 
89 12 21 43 51 29 81 28 76 68 35 6 70 74 96 53 16 35 19 2 90 4 13 53 88 15 59 6 37 4 36 62 16 25 29 58 75 73 58 75 56 98 91 62 10 27 64 54 11 80 
18 12 27 63 3 17 70 78 28 79 5 27 61 89 6 11 56 59 29 2 50 18 12 35 51 6 61 5 38 68 50 54 51 46 11 74 87 76 27 91 93 77 31 66 58 49 92 87 9 64 
18 3 30 78 36 89 68 89 98 34 46 42 51 20 92 33 75 45 60 6 59 93 87 24 63 2 73 40 89 29 42 62 52 23 16 23 46 93 75 48 11 77 41 27 9 9 31 82 83 86 
33 25 73 67 15 48 40 42 32 32 31 27 71 72 4 28 97 42 20 97 2 39 84 86 41 25 91 80 84 72 71 49 55 7 28 85 76 51 87 54 15 71 42 31 22 15 91 48 79 61 
67 30 35 28 13 98 33 26 50 53 39 96 80 69 66 9 6 15 37 85 48 69 3 18 69 45 63 90 86 1 83 95 93 64 17 50 79 51 16 21 44 82 59 38 23 2 67 16 1 96 
19 41 44 26 40 75 22 30 92 73 88 14 50 2 24 65 95 93 58 37 7 44 66 35 53 96 62 18 91 45 93 84 58 21 32 75 61 91 71 57 75 50 17 24 38 14 84 87 40 14 
49 73 79 12 65 8 79 28 35 45 82 44 74 85 72 19 23 60 84 21 9 94 81 98 20 75 21 48 73 27 21 83 82 71 32 7 28 4 6 70 22 55 59 54 81 69 51 29 96 62 
7 97 49 26 83 14 21 62 64 10 26 63 12 3 1 71 95 46 61 85 40 67 51 1 68 18 81 56 41 12 77 78 8 70 20 22 43 70 91 17 97 79 19 11 35 11 16 13 79 55 
87 4 53 75 35 77 72 41 9 27 48 61 12 69 8 22 97 87 83 84 85 49 37 3 81 28 76 47 1 17 73 18 77 55 85 67 93 38 69 16 90 41 6 75 90 39 15 60 16 22 
42 85 10 22 1 48 63 71 28 13 73 65 30 81 8 97 60 86 77 40 12 85 32 36 13 59 50 96 18 98 38 95 5 5 18 59 64 78 24 61 1 17 97 20 15 4 80 84 11 9 
86 98 15 91 77 18 78 97 8 94 87 5 71 14 94 7 93 27 67 99 4 12 60 41 99 49 83 24 20 87 71 47 11 15 47 77 93 23 99 24 37 79 44 8 22 97 94 24 15 2 
62 3 93 2 22 40 65 4 86 91 14 85 30 18 53 9 90 91 80 19 13 43 26 90 95 4 92 72 32 46 99 26 57 35 32 75 86 63 74 47 64 2 64 15 6 40 30 44 39 29 
50 62 60 40 29 29 54 83 9 27 7 47 79 5 56 36 54 76 70 79 85 42 68 48 88 2 38 77 55 76 56 82 76 30 9 75 60 80 5 89 49 28 98 93 39 66 10 12 98 4 
30 44 76 55 27 16 74 45 31 59 69 63 7 65 9 27 33 48 99 73 95 42 6 57 81 93 37 39 74 55 46 84 45 77 22 55 45 6 80 5 8 73 64 67 30 92 30 57 77 52 
34 57 85 46 51 64 65 33 26 51 32 29 69 82 59 78 59 46 24 31 14 22 73 15 53 51 96 1 77 6 93 76 26 54 40 12 54 33 59 28 97 17 92 65 42 81 62 56 90 78 
92 36 4 10 5 59 79 48 49 22 34 91 6 98 15 58 98 86 81 6 39 38 57 72 67 16 65 27 5 30 80 7 87 80 64 65 16 9 17 13 98 32 15 61 92 94 57 71 49 6 
