50 15
12 91 53 87 8 68 2 94 92 62 55 56 57 12 50 26 48 12 91 44 51 33 45 60 87 50 86 23 45 7 87 38 31 31 84 58 11 80 76 64 72 79 19 36 30 70 34 33 53 5 
16 50 77 18 62 19 50 66 9 62 1 73 43 56 96 46 73 99 12 42 13 16 3 86 93 41 31 71 10 63 24 56 6 56 21 85 61 8 56 77 30 57 56 56 52 77 72 44 27 60 
56 98 16 78 50 56 90 33 72 77 7 21 52 28 87 64 45 23 82 81 30 61 96 55 68 52 7 63 91 40 23 74 33 42 37 37 17 57 61 29 67 91 67 47 8 26 63 36 46 21 
45 29 34 91 49 59 15 79 90 97 21 38 2 57 33 54 49 15 47 65 31 32 80 46 63 82 32 81 44 51 16 71 3 22 80 20 66 67 52 12 95 1 87 72 86 58 10 71 33 26 
72 17 79 15 98 46 20 67 91 87 57 36 62 20 92 77 15 17 89 63 58 60 47 75 70 74 19 35 55 48 52 68 13 66 53 25 2 65 5 95 62 99 81 94 45 67 51 13 48 31 
9 29 12 51 18 86 55 15 90 76 95 54 65 64 68 52 49 74 79 19 99 9 71 39 31 28 22 10 40 9 48 40 25 8 48 27 27 17 79 16 49 72 58 14 98 54 59 27 73 2 
78 12 71 75 86 66 30 3 80 84 22 12 20 66 10 71 59 69 77 18 8 62 92 95 79 84 21 47 69 75 6 31 47 79 62 84 56 47 41 56 53 56 50 76 43 62 56 30 70 27 
28 29 14 4 56 72 3 19 78 48 35 46 80 59 79 30 9 12 61 4 96 64 10 11 5 93 91 86 20 45 78 85 18 35 62 23 73 10 24 77 72 79 12 50 65 1 93 89 61 52 
31 86 93 45 55 27 84 54 55 52 89 83 93 7 90 98 26 30 26 23 60 87 39 16 81 33 2 95 96 53 54 74 59 81 42 5 70 2 58 49 51 44 8 30 61 64 44 16 73 69 
20 97 16 15 47 69 5 32 5 47 95 61 98 28 80 97 36 51 75 78 92 79 82 72 42 31 97 66 96 46 22 31 38 1 69 22 12 15 59 19 30 9 51 47 11 7 56 8 36 93 
57 74 56 95 87 38 1 62 96 61 97 95 45 43 23 92 63 95 14 95 54 19 5 18 36 4 95 13 30 22 50 88 71 66 44 16 91 30 87 61 94 59 3 56 49 14 33 88 39 12 
90 54 31 22 57 97 84 6 55 83 24 7 79 95 41 61 52 21 38 67 68 85 27 91 87 77 41 5 12 67 91 34 11 74 45 71 67 73 15 36 60 21 86 94 19 46 23 6 91 48 
63 7 8 92 44 92 69 69 37 38 58 54 56 28 82 52 24 9 94 53 4 17 96 92 99 67 64 86 83 67 19 87 33 71 85 19 14 94 40 2 17 75 11 84 43 19 1 15 5 94 
4 33 34 41 23 96 81 6 58 41 78 95 42 11 96 33 32 87 70 44 23 48 30 51 5 83 31 28 36 41 6 44 26 79 88 45 57 39 19 55 71 89 99 95 18 97 72 44 31 13 
67 97 58 80 1 24 76 4 36 72 45 83 20 80 7 38 77 7 15 19 7 98 52 82 92 38 88 69 7 12 69 28 59 21 1 41 24 29 49 24 21 22 11 28 69 15 95 52 23 45 
