50 10
87 4 33 72 55 85 37 52 43 92 13 79 37 36 45 29 54 37 84 93 44 23 11 20 85 53 93 75 50 81 24 49 57 44 34 83 5 83 96 36 86 97 2 72 80 28 15 90 34 75 
4 10 73 45 9 63 33 40 40 17 73 52 92 44 84 44 35 46 89 38 52 31 10 8 84 60 36 13 81 37 5 7 58 64 90 84 57 52 89 1 21 77 21 30 62 14 30 98 51 99 
25 71 6 19 92 73 17 70 96 92 42 66 23 64 7 15 86 63 44 39 28 21 34 7 32 23 60 42 85 86 8 28 53 28 82 73 2 95 72 78 40 99 33 66 2 16 5 13 52 67 
14 82 60 17 93 79 80 2 91 79 59 55 78 10 35 14 77 22 88 8 9 80 2 24 3 51 61 73 65 4 34 71 95 7 88 14 64 47 72 69 48 40 53 72 20 54 10 23 90 39 
13 22 99 11 51 90 29 83 47 62 96 40 49 96 16 99 55 45 15 7 74 75 21 41 68 23 14 70 74 82 65 25 7 27 61 8 49 52 99 34 16 64 77 5 3 87 49 9 15 10 
5 45 53 62 63 50 50 12 99 75 44 92 99 96 68 85 30 21 87 67 37 6 75 91 61 47 6 18 49 12 47 8 81 28 62 63 94 38 14 35 22 6 79 74 32 69 72 56 76 68 
3 85 90 71 21 96 12 96 79 6 91 65 17 26 4 88 17 24 25 76 30 49 48 18 25 27 17 52 70 48 2 13 41 27 99 60 69 50 72 91 15 2 9 34 71 71 19 15 5 43 
9 1 76 33 64 81 43 28 2 80 68 22 11 29 49 43 7 79 82 31 21 5 12 64 50 9 31 89 65 38 42 72 68 1 66 37 11 91 22 22 71 26 45 41 81 74 76 52 16 11 
17 13 34 93 22 52 90 48 30 97 15 94 47 74 19 11 6 71 27 76 32 45 4 15 85 59 66 68 91 41 77 7 46 87 16 60 5 84 34 92 51 73 90 95 52 36 70 26 88 20 
59 4 77 40 62 80 37 64 19 47 54 65 24 93 46 70 41 17 21 91 25 41 25 47 46 84 99 31 20 92 38 47 49 14 53 93 67 46 51 5 86 28 6 52 56 92 48 99 27 77 
