50 20
69 80 77 31 31 64 79 49 28 77 88 29 2 86 2 10 48 68 8 26 90 82 53 75 44 33 15 88 86 45 66 1 28 28 45 13 78 45 25 68 17 85 82 19 60 29 66 89 29 17 
80 54 15 9 45 30 68 33 51 60 19 91 31 33 35 84 1 94 38 87 97 86 46 97 31 95 20 75 23 93 2 90 51 84 67 63 95 43 61 14 78 65 44 96 11 5 39 53 36 23 
40 62 47 55 38 8 24 53 85 3 39 80 92 67 30 54 77 96 1 78 85 80 43 58 10 22 55 24 5 55 57 46 13 68 13 56 76 17 50 64 60 45 74 78 67 4 92 24 61 70 
46 49 4 27 85 2 56 60 91 22 80 31 55 75 53 44 10 6 87 29 26 27 34 37 5 25 69 33 72 43 92 88 75 79 18 76 68 80 68 66 16 36 70 14 80 68 47 60 18 31 
11 7 97 66 51 41 31 21 43 40 33 38 47 60 39 27 41 53 87 26 90 37 85 74 14 65 80 81 54 93 29 92 45 51 60 59 82 5 54 11 93 35 1 18 3 96 73 64 99 93 
12 33 27 10 12 36 78 37 68 90 37 84 41 57 86 23 75 76 20 78 48 21 82 78 8 35 15 94 24 77 97 87 25 70 93 47 44 35 94 41 65 44 62 55 63 59 71 38 52 77 
54 90 88 44 17 33 58 35 87 8 8 87 36 5 85 97 65 36 78 49 29 60 36 28 51 94 84 40 41 39 50 31 19 90 74 6 28 66 33 48 58 19 59 35 62 57 54 61 73 64 
7 55 61 61 4 2 87 65 86 89 84 80 74 58 4 43 46 65 3 10 37 87 40 48 29 9 71 32 47 16 38 35 51 92 67 24 30 14 59 54 97 35 86 59 81 94 85 51 23 98 
62 88 97 64 1 83 70 4 19 4 59 80 50 98 1 92 29 30 72 29 64 33 55 41 4 91 7 8 5 99 28 10 6 36 32 92 87 34 14 38 50 41 19 33 76 1 11 39 4 9 
85 1 83 95 62 6 49 65 33 35 15 67 39 52 99 43 38 62 11 94 49 52 89 30 94 35 50 5 43 96 27 69 56 36 18 9 29 12 27 88 34 82 9 99 69 54 12 97 96 23 
39 95 27 3 9 23 42 92 34 17 81 88 23 20 90 67 69 74 60 15 61 41 37 43 10 13 45 9 57 38 6 31 8 37 54 12 35 23 60 53 7 18 46 78 4 73 5 47 37 88 
33 71 52 39 62 32 82 65 43 62 89 54 22 3 60 66 46 82 76 97 60 13 18 73 99 80 48 42 82 45 16 69 7 27 40 31 39 5 10 9 14 10 77 79 25 17 50 14 17 40 
29 83 9 94 29 8 88 12 15 23 96 65 72 16 68 93 3 18 37 12 89 71 3 83 67 3 4 86 93 84 80 83 12 11 49 91 25 64 66 49 63 80 2 84 50 23 3 85 75 47 
58 23 53 56 24 13 46 8 58 93 12 79 2 30 81 40 60 4 76 47 57 61 56 95 75 55 61 57 95 88 53 27 49 59 64 66 53 2 35 44 60 34 65 86 99 97 49 16 21 6 
24 69 79 21 8 13 49 62 80 11 73 15 53 30 74 16 91 34 41 60 33 99 42 14 8 40 46 37 56 18 43 3 45 69 61 15 92 19 85 23 81 2 76 50 80 76 89 1 61 54 
42 82 73 42 28 86 87 31 77 79 41 51 65 36 18 82 34 15 20 82 92 45 57 80 5 30 48 72 87 30 7 10 2 65 39 1 47 2 38 97 57 52 74 94 90 66 92 18 25 22 
44 81 7 17 93 88 23 38 89 37 87 9 85 16 60 88 86 22 82 26 15 26 52 30 82 40 84 34 55 87 90 67 27 70 37 25 82 42 21 32 70 69 34 17 72 8 38 79 67 67 
12 26 65 83 16 17 64 66 99 28 10 78 62 72 73 28 56 86 49 64 28 74 96 33 60 51 82 7 19 89 32 39 94 57 65 3 48 68 42 36 53 21 9 85 39 44 42 47 36 42 
58 12 50 76 75 49 70 99 54 21 57 27 48 63 65 17 63 34 57 53 77 28 30 71 59 96 26 71 82 68 58 38 52 66 27 61 17 26 36 53 92 16 15 68 76 55 35 20 70 31 
98 7 16 36 37 13 5 64 50 82 6 29 48 68 74 33 6 21 26 23 51 81 28 84 64 79 93 36 67 22 78 24 20 89 70 11 13 29 84 76 60 49 61 7 98 12 52 89 71 28 
