50 10
44 66 26 47 12 17 35 93 76 47 90 50 74 78 11 67 43 34 60 1 91 6 49 73 69 73 32 7 57 83 25 95 49 80 15 47 49 98 88 73 71 4 54 39 45 3 83 69 32 93 
40 29 11 2 14 71 9 45 42 6 37 71 4 38 32 63 33 94 21 26 73 47 7 25 46 16 86 9 65 53 3 7 76 16 27 16 29 9 65 61 78 17 8 41 21 14 2 56 58 55 
60 30 60 74 62 65 38 88 95 84 66 27 20 21 58 45 60 44 54 45 48 73 59 63 3 5 38 75 84 37 60 3 92 7 9 24 22 30 40 94 84 50 99 75 72 90 2 58 91 17 
3 12 39 57 32 70 45 39 61 58 17 72 3 56 64 60 18 76 47 76 84 50 54 40 47 38 68 16 46 73 17 50 24 34 87 38 24 56 46 14 58 62 20 86 64 37 69 93 41 24 
57 86 88 11 46 49 88 49 2 7 44 17 80 26 43 14 19 32 46 82 71 16 1 68 48 93 59 30 65 27 6 16 98 96 85 86 42 31 48 99 72 94 85 53 27 29 87 74 77 54 
71 6 19 27 26 22 55 51 38 71 77 8 72 46 11 41 52 47 3 15 43 5 86 8 52 89 82 82 67 1 20 46 29 36 99 77 26 44 84 54 28 54 21 42 48 93 88 78 35 79 
14 45 4 8 6 22 62 60 15 83 95 59 69 30 63 45 95 20 16 93 91 1 22 76 56 52 48 30 76 26 5 26 73 97 36 49 93 25 74 85 73 9 50 10 43 63 54 83 1 91 
72 12 68 81 86 99 28 38 37 3 23 28 49 72 20 55 44 12 40 64 8 34 97 40 40 57 17 39 90 20 28 51 70 40 49 93 47 93 46 37 22 36 73 58 88 43 99 32 69 93 
3 22 21 82 87 86 79 38 48 86 2 54 44 49 28 93 36 47 18 3 38 89 18 9 70 78 56 80 28 17 28 36 48 70 92 10 80 91 81 80 79 92 6 48 82 85 69 69 9 64 
56 59 86 29 10 13 77 37 21 42 75 56 10 69 71 6 60 41 84 28 74 3 49 93 56 66 44 67 26 47 46 75 66 90 18 36 2 73 27 83 10 92 95 72 57 30 82 54 72 2 
