50 10
69 12 50 69 14 30 17 23 82 41 66 13 74 36 76 80 53 66 71 65 87 85 97 46 9 39 97 41 61 23 98 65 67 87 3 37 97 4 82 51 46 85 89 99 13 64 59 54 88 25 
97 43 56 78 87 66 58 81 62 82 6 77 86 28 8 73 99 43 64 73 36 75 36 90 77 53 28 39 40 54 22 18 88 36 29 59 79 72 77 76 45 47 31 77 99 46 42 69 76 21 
80 8 98 88 88 29 70 4 55 31 23 70 46 69 7 48 72 64 17 5 9 86 11 79 52 59 71 68 43 56 32 96 45 20 61 13 77 68 91 80 4 26 20 80 79 47 50 15 50 52 
24 88 67 15 2 57 56 95 83 91 67 62 77 66 67 7 56 21 67 9 89 16 83 83 75 19 75 59 41 26 63 88 31 7 31 85 68 89 12 98 12 74 46 14 77 71 33 90 53 80 
78 63 41 94 72 39 8 82 70 71 17 45 91 84 11 3 88 5 92 99 56 44 18 40 47 35 82 75 93 25 30 50 39 24 52 7 71 10 9 42 63 91 38 19 21 25 93 44 38 85 
5 50 87 95 93 17 3 27 9 47 52 80 7 96 15 76 63 50 27 64 20 20 34 93 66 31 53 59 55 83 81 34 38 2 28 75 50 55 78 21 8 69 95 59 51 14 42 85 12 71 
68 42 78 94 68 45 17 52 27 22 76 22 27 53 44 96 18 94 9 57 62 78 54 10 50 32 24 20 47 90 34 68 26 31 43 99 30 96 79 81 9 39 26 75 5 60 59 6 92 67 
20 57 18 79 93 36 87 92 63 19 12 41 98 43 74 78 11 65 53 52 96 95 25 78 66 61 62 48 51 6 8 68 93 16 22 22 14 80 26 77 64 78 15 14 60 8 56 84 96 30 
88 50 67 73 45 66 10 17 38 78 48 46 12 26 96 40 51 25 56 33 5 37 73 88 19 98 94 26 75 1 40 11 38 33 66 94 97 76 56 16 35 57 92 57 77 54 59 50 76 62 
40 49 6 7 13 99 48 70 16 40 75 12 68 31 3 20 46 13 50 57 7 65 9 31 53 42 41 48 21 85 12 43 97 30 53 93 82 74 54 15 66 48 86 39 44 52 62 69 69 80 
