50 20
32 75 62 62 66 1 19 35 89 39 35 21 61 1 77 81 17 88 56 99 3 48 69 18 29 8 49 84 10 21 1 97 3 13 48 47 60 26 79 58 68 56 91 37 90 5 28 16 16 19 
35 77 24 7 99 78 90 13 50 17 84 95 87 60 85 50 77 57 95 58 61 52 55 8 85 8 67 13 10 21 7 35 34 43 49 96 11 98 83 1 69 2 31 54 31 79 68 83 29 86 
50 33 30 72 86 93 89 31 87 14 54 2 56 53 68 19 4 68 83 56 41 5 49 28 81 86 9 73 23 21 93 56 52 77 15 59 30 96 59 73 90 71 81 95 34 47 99 18 19 16 
29 13 61 43 98 66 28 99 10 22 2 50 30 67 18 2 74 69 37 69 71 36 23 47 33 89 4 76 24 31 45 14 26 15 16 99 13 12 60 29 16 80 64 18 92 38 23 73 95 25 
43 14 93 92 11 73 3 85 67 94 79 56 63 55 44 17 77 11 67 26 58 34 14 32 70 61 81 20 35 37 52 52 75 54 28 15 61 1 81 60 53 3 95 48 43 67 8 94 1 29 
11 59 71 86 32 32 26 25 63 11 78 17 81 38 12 16 3 34 52 12 95 14 89 52 1 10 96 57 50 85 45 40 87 59 28 27 84 19 77 72 62 43 79 83 5 18 99 32 84 59 
19 11 54 18 97 34 77 33 74 11 42 45 62 93 25 16 50 27 27 90 97 32 64 92 28 7 64 17 22 17 59 24 11 89 80 33 72 10 48 16 21 12 71 91 6 72 37 20 2 6 
23 43 88 34 34 78 38 52 24 17 64 37 44 43 87 57 28 75 45 2 55 40 57 46 30 33 97 29 40 96 63 10 30 80 40 47 71 17 75 64 28 85 42 14 27 83 13 53 26 92 
42 18 70 79 11 92 65 51 44 1 16 90 27 17 5 41 50 92 94 51 56 7 67 13 82 4 73 10 3 40 74 57 73 27 81 49 75 74 6 98 60 37 1 84 91 52 2 92 90 92 
45 18 77 40 41 78 4 17 29 18 89 10 82 78 48 69 7 97 84 55 62 36 17 57 79 92 93 12 79 22 11 22 90 55 35 76 69 19 19 69 19 51 20 14 8 24 21 68 85 59 
17 71 42 11 23 96 50 17 61 98 88 52 40 41 13 84 36 91 46 29 89 16 66 51 93 73 8 51 94 6 50 63 79 38 14 48 74 65 52 86 35 50 48 71 42 17 4 6 96 44 
49 50 42 62 96 57 63 76 2 50 27 95 17 81 73 38 38 28 69 77 70 55 77 16 1 90 25 45 62 86 69 24 8 94 73 39 74 33 68 78 54 51 24 98 64 4 20 95 12 19 
93 56 7 60 91 48 63 65 83 3 4 6 89 67 33 3 38 2 91 63 15 16 95 15 3 20 81 58 30 65 53 6 8 85 19 27 80 44 41 89 65 79 78 9 96 42 29 86 70 45 
2 98 16 49 68 21 39 32 64 56 59 76 54 45 30 47 61 76 71 14 83 10 89 76 15 87 95 78 61 60 21 32 60 4 39 29 2 35 85 66 45 32 73 60 38 56 14 69 34 66 
86 61 39 23 72 81 84 80 7 1 35 19 83 13 79 92 81 59 37 2 61 20 55 82 53 11 98 2 57 74 49 52 32 75 93 43 92 92 21 98 2 16 15 46 61 37 48 14 14 43 
86 56 80 95 18 78 86 99 25 92 63 71 15 30 33 99 19 55 83 90 69 35 31 37 63 3 94 86 31 37 59 9 6 19 49 66 94 9 96 85 45 12 6 19 13 49 25 18 32 21 
72 55 35 20 61 76 68 2 30 70 79 70 85 96 16 28 76 81 38 58 37 57 64 79 30 10 13 82 88 22 44 74 65 13 11 25 69 87 92 11 15 77 48 53 64 83 54 69 70 25 
84 72 4 54 38 9 46 42 11 80 36 42 40 13 61 27 68 57 74 4 61 4 10 29 30 5 6 27 44 89 23 14 57 87 60 11 21 44 76 66 4 38 6 70 12 4 80 81 8 47 
12 86 87 80 98 9 21 87 20 3 12 50 50 21 40 4 93 30 8 43 76 3 36 18 38 15 58 28 30 35 15 12 3 23 44 45 8 19 79 34 83 41 40 6 53 76 27 5 19 77 
87 97 3 46 78 11 37 43 43 9 86 22 21 37 53 92 92 13 61 68 46 89 28 37 46 28 34 23 3 62 86 63 39 72 91 72 63 49 26 12 34 66 98 57 30 47 25 71 20 33 
