50 15
78 5 11 11 70 21 83 55 59 67 52 14 95 6 46 74 63 21 51 15 10 52 86 82 59 38 90 84 30 15 99 81 42 26 80 4 98 44 61 69 83 4 42 45 77 97 94 79 24 89 
82 22 20 83 56 58 61 49 32 93 50 37 61 40 48 1 46 85 61 28 48 18 54 58 66 5 70 19 52 35 5 96 92 39 81 64 52 31 25 24 53 47 57 53 53 72 31 67 32 80 
57 84 76 94 97 25 94 11 70 68 19 86 85 80 26 11 79 66 45 60 38 47 98 27 85 54 70 39 9 16 8 34 31 34 65 17 55 86 43 30 60 95 89 13 99 40 59 17 46 30 
40 66 53 7 77 78 98 10 47 87 8 18 50 13 78 95 66 93 94 65 41 82 4 95 38 29 53 83 95 12 65 37 12 41 45 70 31 52 55 63 10 68 4 52 86 85 23 45 94 17 
50 86 95 78 20 57 42 79 50 8 12 93 86 10 10 60 21 50 64 13 44 78 35 86 99 20 1 21 14 87 35 45 73 15 57 46 11 73 5 39 95 83 80 99 47 6 56 29 28 75 
32 85 72 24 62 33 58 7 33 41 77 44 10 94 25 61 73 70 50 42 74 20 86 54 87 14 58 82 15 35 64 64 1 96 78 22 84 16 45 29 96 86 34 76 54 23 96 14 44 67 
87 16 20 70 96 63 46 36 18 35 60 85 91 27 57 37 73 54 78 98 27 44 44 17 6 62 21 90 44 32 3 58 83 19 83 92 7 78 59 87 30 8 96 1 10 39 40 81 40 51 
76 7 49 17 87 46 41 6 68 63 15 5 99 88 43 7 64 80 67 15 71 84 45 48 52 79 74 58 99 63 58 16 87 89 73 75 90 31 55 24 78 20 18 69 71 20 67 35 72 14 
74 85 83 52 17 60 7 1 77 52 94 94 57 19 12 30 56 94 72 54 53 78 66 3 14 95 9 42 77 3 44 5 86 49 15 69 50 51 80 4 74 27 32 80 95 79 56 36 88 63 
90 1 40 73 5 97 47 39 35 13 91 42 40 60 66 6 73 73 80 11 71 38 56 29 84 37 71 89 77 23 49 35 57 13 6 43 86 88 84 27 12 24 63 46 2 89 95 91 71 98 
79 1 79 28 42 93 47 22 42 68 19 1 36 97 80 84 95 24 43 34 48 40 57 65 50 47 3 11 98 34 92 16 51 17 44 87 33 22 44 30 47 13 4 37 4 82 50 20 46 74 
81 49 2 62 77 83 55 34 67 77 4 25 87 28 43 78 28 6 33 43 16 43 85 6 81 52 81 51 53 13 49 11 96 85 47 49 81 31 34 12 48 41 27 30 7 26 66 33 81 3 
23 35 61 71 27 60 36 18 72 70 86 59 56 56 4 22 77 58 84 99 9 35 85 81 60 87 16 51 46 35 26 86 95 96 36 14 87 28 91 87 95 17 48 7 75 39 35 79 22 24 
15 61 68 89 22 50 79 5 46 92 14 8 21 96 92 5 96 33 38 17 16 99 37 10 96 42 74 3 41 42 84 70 81 30 31 19 30 76 9 98 96 78 23 72 82 37 95 71 73 93 
20 87 42 72 82 45 69 65 79 88 11 73 97 78 61 67 50 86 2 22 44 8 76 3 17 36 90 24 71 99 58 17 34 83 26 11 89 2 62 49 84 68 90 53 94 3 3 32 11 74 
