50 10
53 19 55 45 76 58 18 56 27 22 87 42 91 72 33 55 72 86 60 96 14 87 78 48 42 29 60 57 13 30 18 83 56 75 81 91 36 67 82 11 17 32 46 45 26 84 89 43 34 50 
12 80 27 59 21 45 24 14 30 56 85 79 37 77 57 7 56 68 41 1 80 22 94 76 69 81 65 82 72 39 45 24 82 11 73 52 16 5 55 43 33 58 21 53 83 62 9 62 80 64 
4 39 11 58 22 50 23 14 85 42 88 61 57 47 81 14 70 12 36 87 26 79 46 64 43 75 27 50 71 92 17 43 50 95 53 15 35 23 93 86 71 94 94 21 26 28 50 16 83 64 
23 69 50 46 54 44 94 83 70 48 20 58 62 14 95 15 85 14 10 79 37 54 63 46 20 97 47 91 82 23 2 21 40 10 50 47 85 59 25 97 67 42 64 59 64 80 97 46 25 57 
70 74 54 10 44 56 69 25 70 10 77 33 14 79 79 54 90 92 94 4 63 25 45 16 44 27 29 16 7 99 14 58 4 36 33 12 84 13 77 12 30 35 12 54 81 48 83 62 84 95 
61 50 49 97 40 89 63 36 8 16 90 84 37 87 72 52 5 73 23 32 80 96 2 8 46 49 26 37 43 98 9 19 53 68 36 45 16 2 60 25 65 6 45 99 9 79 22 31 32 22 
95 25 44 99 74 76 83 24 34 94 5 91 67 7 65 82 72 36 55 31 89 98 80 46 96 97 17 48 55 40 6 93 19 38 16 26 89 39 55 15 42 44 47 18 92 43 51 33 32 51 
91 73 84 50 73 62 29 80 79 93 97 84 14 24 7 26 24 44 29 97 74 58 44 42 19 82 66 84 40 77 56 18 76 19 13 2 34 89 46 2 69 9 32 59 64 92 49 91 75 45 
65 9 5 38 8 81 66 10 8 28 80 11 33 15 54 9 79 77 12 13 79 81 41 38 24 36 35 24 90 66 52 3 71 39 69 37 12 47 53 1 58 48 31 24 4 61 67 93 48 19 
13 19 1 69 61 10 98 21 87 12 94 42 17 95 60 40 62 90 20 45 89 82 57 19 13 81 54 39 26 82 58 75 57 95 79 37 64 64 29 7 50 65 72 54 23 89 31 30 74 96 
