50 10
23 92 95 80 18 33 19 6 28 40 32 91 24 38 75 66 4 73 28 37 28 28 45 81 7 42 46 50 49 43 68 74 63 83 70 76 13 78 92 90 36 52 78 88 13 97 42 11 94 30 
11 13 43 91 62 56 40 55 68 99 80 62 99 83 20 75 72 5 9 99 19 98 74 57 34 54 87 89 3 52 5 91 13 43 96 74 46 53 53 65 52 22 75 36 5 69 43 60 31 96 
80 66 2 89 78 48 77 65 85 71 19 76 52 9 39 20 96 4 58 98 35 70 18 74 28 62 97 84 24 86 44 14 16 75 2 18 98 22 49 13 37 62 45 9 36 22 78 9 25 11 
49 55 35 62 37 36 55 25 51 64 21 78 32 68 83 61 4 30 87 33 50 11 37 60 22 57 90 96 73 91 92 29 30 81 28 21 87 90 17 24 48 15 34 82 75 90 59 4 93 92 
36 8 29 15 30 45 26 93 77 61 44 79 94 33 72 93 1 31 48 78 97 52 85 60 98 56 57 10 14 11 38 20 93 42 96 79 29 90 49 64 6 77 68 21 16 70 49 71 25 58 
22 15 38 97 14 85 86 61 15 47 43 15 76 43 14 76 94 38 52 26 72 81 4 8 78 96 21 59 75 1 59 70 34 63 57 84 32 82 99 16 23 8 56 11 3 80 8 31 41 18 
89 38 91 98 17 31 92 62 6 84 97 64 47 81 34 39 67 10 30 15 79 53 90 12 41 47 79 99 14 87 16 5 37 92 68 82 2 26 61 41 30 72 79 18 68 73 91 18 76 14 
95 95 89 62 21 40 93 70 42 24 67 60 36 45 35 13 15 24 64 83 82 80 65 98 13 92 12 29 71 43 99 50 57 37 30 80 84 12 32 99 87 20 11 51 66 96 31 28 54 8 
49 65 41 11 61 99 63 62 90 63 12 21 42 61 87 41 82 34 6 83 6 47 60 88 54 1 50 57 93 35 60 40 51 49 94 32 98 24 71 71 5 49 74 48 31 59 52 17 96 73 
12 60 30 48 69 16 15 63 40 71 46 81 49 8 59 33 39 20 62 25 92 98 67 17 39 55 20 34 38 65 90 2 48 54 63 26 74 5 1 84 97 8 84 72 85 30 42 60 83 23 
