60 15
83 22 9 89 30 46 67 48 92 65 52 28 65 49 70 60 73 43 12 25 2 99 87 8 54 26 61 43 75 90 70 20 88 64 44 24 25 88 61 34 49 87 16 79 97 76 68 58 93 31 5 55 8 17 47 2 71 95 65 84 
9 57 10 87 69 26 39 4 85 82 34 61 38 67 55 90 99 60 86 20 58 20 75 55 22 90 56 53 36 32 2 76 84 98 78 37 44 55 95 81 95 32 70 65 51 40 55 17 21 4 97 97 27 83 23 11 61 92 70 2 
85 46 27 3 97 13 78 92 66 85 48 59 35 66 79 2 95 47 76 75 24 93 74 63 31 25 35 98 6 39 92 91 25 21 8 16 52 33 92 71 67 90 22 23 84 49 49 71 43 71 79 31 7 49 82 91 80 90 42 5 
66 46 22 24 30 42 35 85 55 50 58 18 5 88 90 20 85 87 85 81 75 22 25 16 51 67 4 66 38 24 71 99 32 18 92 49 47 74 87 83 14 20 92 93 19 61 48 34 43 45 73 68 78 97 34 92 2 97 74 32 
19 14 30 82 9 33 2 85 73 8 92 84 78 15 66 13 17 54 8 5 21 97 93 63 80 93 60 87 78 71 47 56 61 77 6 51 98 21 78 95 17 21 90 7 88 76 29 11 26 99 74 63 21 93 32 70 96 60 63 8 
39 22 52 96 18 17 39 29 66 46 37 67 26 15 81 34 80 49 75 39 21 71 69 97 54 36 82 50 76 21 74 47 39 92 33 85 58 16 31 21 64 67 55 80 84 63 26 53 6 23 54 35 62 23 8 60 44 24 72 32 
89 18 95 34 32 85 97 28 37 52 24 2 73 52 60 16 78 2 92 3 92 96 79 99 60 93 24 9 11 55 43 72 17 14 62 25 88 2 89 88 36 33 43 14 30 45 34 75 31 26 29 71 73 4 51 98 17 56 89 8 
27 34 70 49 39 43 21 61 97 99 5 88 98 32 55 32 16 93 64 62 47 8 57 10 49 73 52 4 40 43 12 41 10 68 32 35 63 80 12 82 83 28 95 24 99 13 92 13 85 83 8 2 31 73 43 8 57 13 43 38 
88 1 87 59 21 40 45 63 23 38 43 99 30 38 83 67 83 31 80 57 57 46 40 10 87 1 86 87 96 83 70 58 98 16 23 30 17 19 48 85 72 61 64 15 9 83 34 37 60 30 48 51 94 5 52 83 68 59 27 91 
83 32 57 18 82 20 73 63 72 44 96 35 36 83 8 72 84 42 39 38 88 6 32 59 64 41 26 3 69 31 55 34 49 31 75 10 40 93 86 3 1 97 86 72 47 57 83 18 10 24 72 74 35 3 20 48 89 27 32 5 
13 8 76 95 73 95 68 7 22 45 80 47 86 62 79 43 51 78 53 9 58 4 4 97 39 49 47 56 66 92 81 50 80 97 29 97 51 17 83 55 62 36 3 14 29 54 37 22 6 85 83 30 15 39 3 28 23 12 35 23 
15 13 79 75 42 84 30 51 10 37 37 19 60 39 91 86 94 66 22 29 69 18 1 65 68 57 32 73 47 65 2 18 12 64 99 6 83 68 48 72 75 54 91 76 56 58 29 62 3 47 99 94 45 23 61 98 76 48 98 49 
39 43 82 3 34 23 57 7 51 19 17 78 30 70 62 20 52 98 56 4 87 81 74 57 62 72 82 40 22 52 17 4 48 98 32 45 34 95 63 81 61 32 8 7 1 55 23 9 42 76 97 65 32 51 42 36 67 75 3 20 
20 4 18 24 35 51 33 62 63 1 12 45 97 2 45 45 47 47 44 44 47 95 4 58 41 67 4 71 73 76 89 68 91 56 55 25 44 96 28 20 36 13 9 41 75 94 44 17 97 22 10 6 95 35 45 3 55 99 65 64 
39 74 78 34 6 9 64 2 31 64 21 68 86 34 93 56 91 94 14 43 30 31 18 64 67 32 2 95 63 30 42 9 83 59 56 78 67 40 26 72 96 27 88 60 65 70 52 25 63 83 27 55 14 19 49 51 16 85 46 89 
