60 15
30 38 28 11 8 79 48 49 63 1 43 90 56 95 24 47 26 9 75 3 13 59 42 18 25 14 8 73 4 33 89 8 88 64 12 19 79 45 23 26 50 42 61 5 72 42 95 49 33 73 1 34 68 16 25 51 47 30 73 74 
61 8 7 20 75 14 90 48 46 95 78 32 23 33 80 58 12 87 16 79 61 56 46 83 42 63 73 6 45 35 44 1 38 76 98 29 58 38 64 37 25 22 99 35 11 98 11 79 91 8 7 44 72 70 76 30 60 43 95 23 
26 46 13 34 19 91 81 34 55 93 85 88 95 20 57 60 66 4 72 52 62 69 54 65 28 19 6 66 30 10 37 49 25 50 63 85 91 11 7 30 98 17 26 85 7 70 38 73 38 24 40 54 53 88 15 91 29 71 87 61 
70 87 1 82 69 59 78 22 47 65 10 69 32 37 71 94 46 90 73 19 48 31 50 1 55 70 77 38 83 77 46 58 14 71 41 80 58 24 76 64 96 41 9 89 1 14 22 20 73 92 56 50 66 9 26 53 51 37 40 43 
6 62 96 53 93 71 59 3 25 82 66 78 32 57 72 78 46 53 36 58 14 25 35 10 81 47 48 42 98 46 14 77 91 94 68 21 17 19 47 66 82 96 97 37 2 56 15 77 19 24 40 44 24 46 50 68 39 4 30 81 
22 30 76 30 50 65 22 69 45 59 27 72 21 97 81 75 23 43 20 18 40 87 11 7 96 65 89 85 8 73 23 19 38 66 51 12 81 12 57 24 65 23 55 45 38 1 95 42 92 55 26 2 56 1 66 12 8 22 76 78 
15 85 45 15 62 26 45 51 10 70 64 20 74 58 26 7 19 34 40 31 2 25 10 58 9 73 96 64 37 1 88 52 31 40 38 69 6 67 48 72 1 6 31 19 46 10 75 7 39 35 83 84 58 42 70 85 69 13 40 91 
78 93 19 9 57 7 71 7 51 18 93 41 72 79 88 4 37 22 61 10 31 51 6 80 68 77 87 89 7 33 52 6 53 88 49 90 77 6 38 46 87 55 33 27 62 96 88 53 47 8 50 87 30 5 3 68 74 85 97 15 
45 39 7 79 82 85 60 3 43 97 92 53 50 86 59 46 42 2 91 39 36 49 70 29 24 3 64 38 25 23 18 65 14 55 72 45 21 67 63 46 56 72 36 77 3 18 62 14 96 59 50 36 75 36 85 58 66 26 51 93 
77 65 8 6 49 26 99 50 31 59 66 35 74 6 72 86 78 66 73 67 55 6 9 44 71 85 7 81 44 38 10 4 84 25 5 55 94 40 10 71 96 57 60 11 22 14 86 31 95 96 88 12 5 72 41 42 17 67 81 29 
65 26 22 75 61 99 91 35 72 31 66 54 96 43 64 68 89 12 10 83 63 24 6 56 88 99 22 28 44 17 20 73 3 63 64 95 40 21 62 78 6 22 43 67 4 68 74 60 50 86 65 6 29 56 15 60 55 42 98 43 
94 33 51 48 32 7 66 18 85 37 7 76 95 17 70 23 60 83 16 12 42 15 52 16 73 87 47 94 32 18 22 3 47 80 37 68 77 5 69 99 61 69 49 23 10 45 8 50 40 73 49 32 22 69 46 45 13 89 24 9 
59 1 86 19 68 81 84 14 23 18 14 65 94 83 73 64 11 96 24 82 7 58 21 8 99 98 43 75 67 24 56 55 61 12 92 84 78 83 50 79 59 86 38 66 11 26 15 91 52 55 3 24 35 10 74 53 2 32 38 47 
67 5 67 46 47 90 67 85 7 97 93 77 81 13 86 23 96 84 14 46 82 21 58 84 86 3 44 13 50 97 68 51 7 2 13 33 2 30 43 36 52 32 37 98 96 22 89 80 97 29 81 37 98 15 21 9 50 17 90 64 
49 53 46 59 99 80 3 83 96 76 3 84 44 68 7 69 41 73 22 49 10 45 64 5 63 87 42 17 59 4 29 4 72 32 56 79 77 70 49 2 33 17 87 72 2 61 64 36 48 99 64 60 6 78 9 6 97 69 8 19 
