60 20
49 26 21 60 50 10 72 88 64 30 11 49 6 31 85 54 85 40 40 44 3 61 6 83 43 67 93 52 68 95 91 44 13 40 53 54 75 48 95 76 15 9 92 96 43 54 67 87 17 44 84 98 34 68 50 56 28 35 95 51 
98 45 79 64 3 35 6 99 11 86 66 7 51 7 23 78 36 19 4 55 28 23 75 95 13 74 6 39 62 44 39 80 7 90 61 37 5 30 69 14 9 3 39 79 36 44 94 28 37 51 80 50 62 51 23 5 36 74 7 83 
16 23 81 49 56 30 27 55 13 56 79 83 35 72 4 82 86 18 97 36 88 34 43 9 65 15 42 85 86 48 66 17 12 61 99 65 33 60 80 45 20 79 45 68 63 21 72 89 18 99 30 47 47 88 14 7 66 59 93 9 
29 4 74 93 93 90 37 48 52 62 48 66 74 36 99 96 1 42 61 57 65 46 8 64 9 64 31 42 5 86 61 46 72 89 88 82 97 61 75 24 52 16 80 31 12 14 76 69 74 80 67 29 79 26 8 43 28 61 22 8 
13 40 43 6 52 44 95 76 53 82 77 87 74 79 7 62 39 32 9 94 28 6 18 46 73 29 63 35 52 84 66 34 79 9 36 62 4 76 58 78 99 3 94 75 60 34 70 74 95 39 75 19 21 7 50 65 53 38 86 81 
55 83 67 19 59 35 64 66 30 22 50 18 51 71 44 50 23 78 23 98 35 85 80 26 32 44 4 89 85 83 40 12 58 85 63 47 77 45 44 52 3 47 21 53 89 28 64 16 68 50 50 16 2 66 25 2 61 91 75 70 
85 25 32 3 10 91 13 16 98 67 66 87 94 30 77 9 33 23 95 63 89 4 81 68 19 83 47 15 4 73 4 18 94 26 4 55 56 80 83 14 8 7 8 33 70 49 16 46 11 69 61 28 81 88 56 36 68 35 20 55 
64 97 59 92 53 38 99 91 30 80 85 9 56 83 33 34 60 47 92 4 64 26 60 22 96 50 3 77 15 47 71 61 20 56 25 90 81 46 44 22 50 42 56 71 80 34 48 36 47 3 86 11 64 35 38 4 7 45 89 62 
76 90 88 75 58 60 47 28 44 49 48 54 71 24 74 19 37 41 57 22 84 45 77 98 2 59 53 9 15 79 41 32 79 68 21 64 77 50 97 7 8 3 89 61 82 53 25 27 19 69 34 90 34 53 44 21 39 41 73 63 
74 85 84 49 29 79 23 18 20 43 90 89 51 42 49 64 9 4 27 36 29 80 82 60 62 25 76 26 46 53 40 21 72 16 46 2 59 69 70 62 14 39 70 4 5 91 45 3 32 5 11 78 92 32 64 63 52 77 54 70 
16 53 71 59 42 55 83 18 61 98 24 61 55 96 8 21 11 58 72 95 52 33 21 98 94 57 61 96 79 93 58 61 25 79 67 6 64 66 88 31 95 66 1 71 20 95 12 36 86 17 2 52 39 85 63 13 57 89 47 14 
56 73 93 71 78 71 5 71 60 78 79 84 98 53 23 11 88 41 46 93 35 91 80 45 77 78 1 57 5 21 41 27 75 96 15 70 37 66 33 46 45 89 23 70 79 43 49 35 64 41 26 30 88 53 45 60 23 23 86 63 
39 15 89 30 1 93 62 75 95 41 9 42 81 40 77 66 91 6 32 16 25 78 54 80 40 25 32 73 51 24 53 16 22 65 2 36 55 40 51 63 90 36 56 19 97 33 48 12 68 92 29 31 13 55 63 43 49 34 74 79 
35 93 47 21 75 86 84 32 86 47 5 36 97 41 29 25 7 5 72 46 44 13 22 70 44 49 2 60 13 72 43 40 96 89 51 64 53 20 74 83 17 64 76 19 68 78 99 26 5 36 37 64 10 1 2 69 16 94 92 16 
26 29 63 87 63 59 55 84 10 45 58 4 99 22 87 62 94 73 62 50 29 82 44 76 54 68 83 10 80 37 62 26 23 20 38 47 42 18 87 91 90 47 50 12 56 84 72 40 5 7 51 34 26 35 77 18 73 83 80 27 
31 45 59 60 95 21 90 72 25 98 26 17 87 72 2 51 91 91 55 2 10 87 47 83 93 89 76 18 94 41 1 51 82 22 56 77 63 67 74 51 98 83 2 10 26 68 19 93 72 31 58 59 80 10 24 4 21 87 11 80 
21 86 39 14 50 41 22 21 29 47 30 25 81 77 84 76 50 9 19 72 84 9 73 54 37 37 86 96 56 35 91 5 82 20 9 7 38 79 38 48 27 64 55 84 20 82 5 76 56 95 91 81 33 8 79 49 2 63 79 17 
54 17 91 88 52 50 55 54 24 36 89 79 56 28 14 52 15 85 6 97 10 43 73 52 64 82 25 30 86 92 34 92 34 48 12 16 87 71 72 62 14 6 5 47 41 78 40 6 20 77 21 66 99 12 67 15 92 88 52 67 
25 11 87 41 10 4 58 96 21 57 35 57 1 70 61 31 78 71 84 32 10 67 2 20 18 83 3 45 45 8 15 94 88 35 44 32 48 11 20 45 72 73 42 86 95 2 18 19 86 54 15 59 91 17 93 22 78 42 62 61 
92 40 38 26 80 23 70 44 13 33 97 24 36 10 9 11 12 55 19 65 38 47 86 86 64 57 36 28 17 77 70 18 10 28 97 78 68 84 41 43 48 93 66 74 52 90 92 85 48 21 17 59 91 57 32 62 40 17 42 68 
