60 20
75 6 95 46 89 3 43 62 47 5 87 6 5 86 96 27 84 36 35 74 37 33 35 69 16 7 60 72 40 13 80 50 70 99 36 46 69 74 8 52 77 76 87 70 79 41 43 88 71 73 90 44 31 13 62 96 84 5 73 93 
29 70 41 44 55 83 86 36 72 22 45 34 99 8 35 84 71 49 63 45 76 83 62 22 4 26 41 18 87 4 20 77 50 10 82 25 46 41 15 14 4 43 50 69 71 53 13 29 62 46 62 89 92 78 37 51 32 28 96 57 
81 30 90 1 49 99 41 10 82 21 20 99 28 75 28 28 97 78 93 95 84 96 83 63 88 64 31 72 28 6 45 60 61 53 39 79 6 62 39 21 56 36 13 28 5 37 80 16 56 15 39 92 52 16 75 76 82 9 90 15 
77 46 13 11 47 84 52 40 13 23 12 36 50 43 93 11 58 85 20 86 56 48 27 82 74 76 63 18 49 57 77 96 16 12 16 7 5 93 15 13 33 77 94 50 96 54 53 16 70 28 61 64 92 6 54 5 68 90 27 88 
71 17 8 38 30 79 31 43 44 91 76 39 99 97 7 77 7 46 95 45 67 58 91 38 44 93 89 25 30 23 97 19 17 95 8 47 62 6 62 16 62 67 25 83 16 73 49 26 96 74 45 8 19 42 49 48 10 36 95 92 
65 6 9 95 73 82 80 2 46 98 64 84 70 59 86 27 49 84 14 99 47 57 94 4 34 60 7 19 30 26 96 40 47 77 28 29 32 71 19 51 14 47 92 24 45 60 18 59 45 38 51 6 45 14 85 94 33 77 86 83 
33 26 32 90 86 82 38 95 34 26 45 12 79 81 12 3 13 51 91 67 34 38 56 66 65 64 14 37 76 86 23 12 99 19 18 39 49 49 24 2 40 58 75 33 7 38 36 38 23 12 19 14 18 52 2 64 99 1 49 21 
16 32 2 39 84 45 54 66 97 77 59 20 39 37 20 45 29 33 26 91 27 74 53 97 21 58 52 92 22 64 41 83 58 53 6 55 67 56 86 58 93 68 76 8 76 46 14 72 50 95 75 73 33 74 69 73 23 75 33 71 
36 3 27 28 92 89 26 60 65 95 28 61 92 21 35 79 27 80 88 61 95 67 44 19 73 32 40 2 53 40 63 65 9 52 19 37 69 80 1 85 85 69 59 93 99 54 69 21 12 38 1 77 51 54 83 89 44 39 81 70 
89 73 35 35 58 95 76 15 61 63 74 74 81 75 55 5 49 4 64 92 85 33 10 59 47 7 8 7 68 71 23 59 8 18 15 12 86 29 83 68 40 17 6 89 54 73 88 34 14 13 5 3 43 10 43 84 53 50 46 97 
21 70 55 56 28 81 47 2 17 56 20 31 1 18 55 82 29 43 26 53 9 84 24 26 19 82 73 81 32 89 50 24 34 87 2 92 40 5 67 84 14 38 92 74 88 67 50 28 84 77 61 29 26 76 11 89 63 14 67 74 
14 79 85 39 5 8 85 36 86 70 9 24 17 3 94 48 37 13 62 73 68 69 7 74 2 1 90 30 95 83 37 17 65 44 30 4 80 44 97 46 56 77 16 76 48 67 93 4 47 53 75 1 70 91 28 3 58 45 35 97 
53 14 32 6 23 93 80 49 73 69 48 99 57 9 38 27 48 29 59 85 7 64 94 85 54 39 68 55 37 33 16 18 96 50 54 53 40 89 45 69 6 13 72 73 35 13 2 36 38 80 56 63 66 79 80 64 77 7 14 21 
51 44 97 51 20 74 22 69 75 36 60 19 85 93 87 34 18 60 3 69 89 44 73 47 4 91 76 99 99 32 46 11 90 17 15 65 13 69 58 84 66 27 36 79 61 80 41 85 56 23 38 14 10 91 12 88 15 13 6 96 
89 66 9 97 45 4 54 7 70 67 1 4 24 23 98 54 75 90 18 36 24 59 65 55 16 9 5 69 62 28 78 4 63 33 20 69 20 85 79 84 56 14 36 89 39 27 23 71 95 40 40 73 31 86 77 26 49 40 31 53 
48 22 37 92 47 16 82 78 89 8 31 80 88 70 96 18 9 40 92 67 60 10 24 58 91 19 81 68 82 54 34 15 42 37 26 47 96 21 66 44 87 84 26 8 62 22 30 52 72 44 50 4 62 64 4 88 64 97 41 32 
29 77 93 54 86 4 11 22 69 76 28 73 28 72 57 61 74 83 97 31 40 79 10 94 56 79 82 94 12 19 2 77 29 21 18 59 32 60 18 94 10 40 88 46 92 50 92 53 15 47 30 2 87 12 14 90 64 29 32 3 
40 88 73 64 67 7 77 63 76 60 50 10 63 99 22 64 5 34 78 67 1 67 98 76 25 49 5 15 59 14 6 16 46 26 35 63 27 25 3 36 86 68 32 54 98 73 6 21 69 63 14 66 78 11 90 88 27 79 60 6 
8 47 80 90 11 43 98 4 65 95 14 7 94 34 76 32 28 68 3 91 25 98 95 8 89 43 66 21 90 47 48 15 80 11 18 33 17 3 14 98 74 79 56 31 70 5 62 68 80 68 69 83 57 4 52 1 49 10 38 21 
79 74 16 32 96 86 32 43 92 92 12 98 19 21 93 66 71 76 55 39 83 39 8 31 19 53 91 66 67 26 67 82 36 19 13 15 43 41 13 92 16 42 56 36 78 11 29 48 50 60 5 6 35 33 45 59 22 82 86 19 
