60 20
23 51 64 7 63 37 77 52 25 73 58 31 31 36 33 42 18 84 8 95 77 12 21 52 3 83 82 66 31 81 18 36 87 53 13 40 30 45 56 84 89 58 84 46 18 83 26 18 31 48 43 48 49 61 76 89 44 54 89 40 
61 45 31 4 56 73 44 51 20 29 23 62 14 59 82 61 65 45 65 15 85 18 57 50 87 79 3 71 6 19 31 82 15 33 67 4 48 44 56 88 16 20 78 48 25 90 72 63 96 69 48 7 85 69 10 63 2 24 74 44 
70 11 50 8 57 16 67 76 6 48 35 79 70 19 32 57 27 97 59 59 73 11 31 35 17 29 74 29 73 69 15 74 57 81 78 88 74 46 78 64 21 65 14 62 71 61 61 10 78 62 68 89 60 6 49 38 97 24 75 35 
66 78 71 26 40 34 86 65 46 32 20 84 61 58 27 74 85 1 71 64 12 22 92 89 93 23 74 59 15 14 17 29 57 85 3 64 71 72 64 15 40 28 56 76 56 88 22 67 81 43 63 91 22 4 8 11 95 72 77 11 
43 37 44 72 53 93 78 41 62 6 61 78 11 81 71 73 55 45 29 96 12 81 36 54 5 78 23 28 8 69 88 17 83 81 50 85 34 75 80 2 41 90 54 87 11 89 93 56 14 1 10 61 37 61 45 37 20 62 22 42 
3 88 93 53 11 23 33 25 36 77 5 26 48 91 31 31 2 85 32 57 61 75 46 79 18 99 45 52 5 32 55 22 20 99 74 54 43 8 94 46 55 52 16 48 56 41 67 80 85 14 28 55 39 57 41 90 88 28 35 36 
7 98 75 66 74 13 92 18 50 61 64 23 45 28 22 7 8 2 84 94 27 69 54 5 17 5 9 44 17 67 97 98 84 95 32 29 85 97 82 67 90 48 69 4 69 81 58 86 82 82 54 15 77 84 95 29 80 60 44 8 
3 1 94 42 69 46 6 19 18 31 82 54 27 45 64 87 89 91 34 53 73 58 89 57 94 83 8 39 85 26 16 43 61 33 61 88 91 12 78 35 68 93 57 54 72 7 14 99 47 44 58 68 60 30 61 79 80 90 28 36 
29 32 22 6 19 5 70 39 18 68 29 49 14 74 25 80 38 48 9 72 18 28 91 99 11 10 90 17 54 94 75 2 11 25 10 3 6 36 92 76 75 95 8 37 10 48 63 95 96 59 37 8 63 58 20 13 25 83 57 84 
58 97 20 9 98 29 58 65 51 99 90 43 43 1 13 42 41 74 14 27 66 37 3 46 15 96 17 46 74 71 49 95 45 8 63 1 59 1 12 23 95 12 57 3 4 86 89 73 19 75 44 82 80 52 21 8 55 32 5 79 
23 11 22 23 42 82 88 4 50 26 92 99 82 4 48 87 60 51 55 57 81 66 84 13 16 5 78 61 98 73 38 7 25 24 25 47 41 46 46 64 41 65 54 21 59 29 38 53 63 7 20 61 50 83 42 10 36 48 70 14 
4 26 49 27 15 63 12 3 49 30 5 62 48 32 22 17 75 29 62 62 84 95 1 48 85 96 50 45 16 52 39 15 8 8 73 78 58 2 7 85 97 37 11 83 56 47 45 82 37 63 22 30 79 89 77 76 35 65 40 43 
70 13 10 24 54 25 82 67 79 80 75 79 67 47 18 99 39 40 60 84 64 72 23 59 99 92 38 59 36 32 91 73 41 47 69 87 5 64 99 27 80 23 95 5 29 17 4 60 64 43 42 8 96 43 47 75 74 43 16 51 
11 54 87 64 62 57 69 29 8 96 35 24 70 52 99 31 87 60 98 41 22 26 5 79 86 44 48 17 58 20 35 93 2 84 65 39 84 15 55 84 96 55 49 88 71 31 46 50 98 71 11 32 51 27 1 76 96 86 76 26 
30 15 57 74 6 23 61 1 94 26 28 5 39 74 99 81 33 83 18 88 13 23 15 32 55 11 11 67 69 13 4 89 91 27 63 28 76 86 28 39 92 46 96 2 19 80 24 10 31 77 9 66 3 28 95 76 95 25 62 43 
95 94 30 12 23 20 99 82 77 24 20 91 54 75 42 80 4 56 6 86 98 28 13 12 11 97 93 89 69 94 72 56 38 30 41 19 80 70 28 23 28 10 60 22 50 29 41 46 22 72 12 71 95 16 24 86 64 30 8 65 
1 76 56 22 11 16 41 43 75 6 93 30 91 52 46 95 40 15 85 32 24 51 97 52 19 64 6 32 12 42 22 56 46 3 83 63 68 37 2 85 65 56 5 95 14 31 79 49 24 38 17 29 78 3 54 88 80 42 22 97 
11 72 79 20 39 22 86 66 26 55 31 40 9 69 76 37 34 39 55 38 75 32 88 28 53 29 99 15 51 43 40 47 39 40 99 33 88 53 35 63 90 4 80 23 77 23 69 14 41 65 55 74 49 32 26 97 66 84 28 46 
38 86 78 28 21 83 52 6 61 69 35 61 92 99 43 90 86 8 32 14 56 1 91 73 43 53 39 24 14 99 16 29 54 29 74 50 62 77 80 49 41 25 1 72 93 87 96 49 18 7 24 87 95 52 19 63 94 6 96 17 
17 63 94 16 13 51 50 93 69 56 10 89 49 88 12 63 35 54 97 9 94 23 77 19 48 2 4 54 43 99 32 15 17 98 99 5 68 20 85 6 27 94 83 41 19 32 73 49 39 89 82 47 20 40 60 5 94 39 45 8 
