60 10
74 62 62 94 12 15 66 74 53 2 55 38 59 15 2 90 21 10 10 40 28 94 96 70 16 34 53 43 97 97 92 35 72 35 76 96 17 80 19 55 60 87 81 40 40 3 38 43 34 63 28 6 79 27 89 46 71 35 72 6 
70 45 56 45 25 33 15 45 99 19 52 14 93 31 76 65 88 12 73 13 94 25 21 29 81 20 12 56 31 43 73 81 91 18 3 62 34 71 4 9 24 25 34 26 87 30 51 7 93 74 72 86 39 33 37 49 40 82 76 94 
81 54 91 65 3 71 61 49 10 41 91 67 68 64 5 35 43 29 75 72 65 36 97 92 43 8 79 76 96 76 73 27 26 53 34 5 15 80 8 47 58 66 54 62 25 93 4 12 50 20 36 70 66 52 96 67 49 2 46 13 
88 27 32 92 20 71 73 98 76 31 43 87 19 40 85 62 58 4 90 72 36 21 23 69 49 26 2 73 43 36 45 48 46 94 61 76 75 35 5 45 90 40 81 41 4 12 18 43 45 48 74 28 95 24 32 80 57 77 16 9 
19 6 75 46 19 44 15 40 6 97 70 94 58 8 24 46 29 98 95 1 18 37 79 36 21 24 59 35 62 14 9 42 12 71 69 63 75 52 10 86 75 19 71 39 6 87 89 75 71 9 97 95 10 73 15 94 90 52 10 42 
46 4 41 31 14 84 48 94 47 76 47 40 63 61 66 85 84 17 54 86 93 20 56 42 88 92 4 41 45 15 2 84 88 84 26 42 63 45 31 85 24 55 54 64 15 27 38 40 68 16 48 85 7 62 3 29 45 98 9 59 
14 94 96 18 62 13 60 86 74 97 36 76 52 32 41 81 96 3 48 5 56 79 81 54 13 79 36 16 93 2 40 15 25 60 37 54 2 80 7 33 4 87 16 48 33 74 95 79 82 50 58 48 46 66 38 69 46 33 66 71 
50 59 53 74 81 37 29 18 97 42 23 77 40 97 11 73 11 78 27 1 34 8 33 5 79 67 40 66 39 98 94 86 60 25 9 81 34 73 55 85 43 1 17 54 64 32 92 79 23 96 57 11 12 82 80 75 63 83 99 16 
81 61 27 76 34 3 53 7 10 38 10 39 20 25 2 20 76 37 34 29 18 59 56 62 12 2 79 36 42 51 78 29 75 51 77 57 8 17 8 73 97 74 57 99 73 39 97 97 27 20 87 62 85 58 65 51 70 94 18 42 
9 25 44 33 28 32 43 3 22 91 41 91 45 10 95 73 94 76 14 78 27 2 45 87 78 12 85 73 94 94 81 6 66 6 44 10 69 33 67 77 15 9 54 43 97 89 49 7 60 80 77 20 60 30 84 24 39 62 93 45 
