60 15
69 12 69 74 43 4 30 46 45 15 55 68 9 4 15 17 78 84 41 21 19 75 13 78 73 67 29 81 79 48 75 79 99 62 83 99 44 95 38 1 90 11 77 12 16 71 96 9 7 32 47 9 12 83 88 91 48 80 48 86 
88 60 42 25 62 63 33 90 51 17 35 71 32 81 89 4 31 55 71 20 16 2 39 82 65 59 80 98 66 55 82 16 72 85 5 18 29 20 48 40 62 53 38 1 60 16 72 98 23 93 93 27 35 52 1 16 96 44 96 80 
89 87 9 87 25 7 52 29 73 54 70 79 29 11 7 18 25 28 84 7 7 84 70 86 32 33 70 16 52 88 64 12 70 16 55 64 83 81 87 9 53 1 52 88 65 89 95 45 73 8 90 10 33 43 38 88 66 70 9 67 
31 52 16 13 9 1 68 95 96 27 36 49 97 18 75 44 91 80 11 90 87 25 68 63 64 62 34 99 42 71 59 87 19 41 93 7 46 94 96 81 35 28 60 73 20 37 70 7 18 18 50 13 59 55 92 43 81 35 68 66 
62 51 64 39 95 83 58 43 13 76 41 45 52 14 58 24 58 68 15 89 83 60 83 23 6 85 26 70 54 38 73 97 72 65 80 79 78 30 51 9 81 79 69 18 74 31 24 60 18 27 87 4 70 29 83 16 41 47 72 54 
14 40 69 87 68 57 70 75 76 93 11 39 16 79 5 94 99 67 22 11 2 3 82 65 38 55 98 11 14 97 64 5 46 73 64 86 54 95 45 36 69 51 65 28 92 27 36 69 23 66 93 86 12 18 83 95 44 50 45 86 
82 35 1 46 10 80 10 80 93 87 48 16 71 87 78 63 88 5 87 14 83 28 61 96 24 56 41 53 44 17 94 29 36 91 98 49 92 25 10 32 10 64 85 47 97 76 57 26 48 47 94 88 62 28 91 33 50 25 74 6 
15 1 72 94 69 37 32 30 47 14 87 49 49 14 23 79 70 13 24 72 64 71 16 85 97 78 92 14 74 78 38 55 57 56 83 51 38 64 43 49 16 4 31 54 82 4 44 95 43 55 64 99 2 3 27 60 1 85 38 46 
51 68 17 83 97 20 89 83 94 91 86 92 72 77 54 24 51 59 42 40 60 18 33 92 66 1 6 50 82 27 88 62 75 62 63 51 75 11 92 27 54 74 13 79 47 6 1 73 14 45 7 69 75 12 23 33 64 95 8 18 
66 28 13 69 62 59 41 92 13 31 93 9 51 44 46 91 56 34 88 55 58 18 14 39 87 94 10 32 44 63 84 66 11 86 12 60 24 98 67 88 73 29 5 89 10 12 86 66 68 75 78 28 36 54 54 67 32 59 78 89 
19 26 15 27 88 59 40 11 70 39 57 61 16 54 84 47 28 63 88 12 17 17 81 53 66 50 12 87 31 16 23 1 11 70 93 97 50 50 75 7 72 81 80 94 38 30 4 10 92 72 72 43 48 41 52 87 95 92 63 29 
23 27 46 77 21 79 99 63 3 44 36 27 97 76 61 49 90 63 87 39 40 83 12 3 69 91 69 49 25 17 53 19 76 27 5 22 4 28 15 32 86 73 73 62 90 9 78 28 35 82 91 75 64 97 76 14 67 82 85 95 
68 45 45 2 35 6 24 3 52 65 20 57 71 68 87 13 75 69 86 87 20 17 87 14 92 98 87 90 75 7 33 9 46 29 15 76 60 75 72 58 9 99 21 6 20 63 89 38 81 70 39 11 74 57 95 73 53 11 7 99 
85 53 86 26 20 1 56 69 99 76 79 86 49 45 76 64 56 25 32 72 58 11 84 37 86 64 42 10 35 35 84 52 21 81 58 65 63 5 89 46 97 6 37 37 94 36 84 5 57 99 42 66 11 21 3 50 18 1 68 51 
11 98 91 3 91 4 26 86 26 50 97 37 8 71 70 24 36 56 26 47 72 47 90 53 6 7 77 43 2 22 97 41 67 31 25 22 55 81 1 21 80 42 26 61 32 33 71 84 1 69 96 59 57 93 75 8 47 70 45 88 
