60 20
76 41 52 35 24 95 33 18 8 32 27 81 69 90 42 6 94 27 4 10 56 58 95 95 61 11 6 94 89 53 67 6 42 53 9 45 80 11 89 85 74 8 49 3 46 48 50 18 9 8 22 43 16 68 99 20 99 71 76 71 
12 80 92 25 26 84 23 78 51 20 63 29 43 55 52 98 79 46 8 8 75 58 50 93 8 80 16 27 28 47 78 36 86 56 66 20 45 87 82 67 3 22 25 79 9 59 99 87 84 39 48 67 42 56 56 64 99 84 81 7 
56 29 72 96 18 49 41 64 10 49 89 8 50 37 2 56 64 63 67 30 78 17 70 31 10 11 86 38 65 86 76 99 32 98 76 27 69 15 96 89 10 6 10 10 44 40 50 53 21 80 5 23 38 71 5 58 36 41 25 22 
14 72 21 46 39 79 15 85 90 18 75 91 78 70 92 5 39 27 68 7 10 56 90 96 95 75 97 50 35 15 48 95 73 90 90 79 30 73 31 37 64 53 1 57 48 14 29 58 33 94 8 47 20 66 62 96 25 95 18 12 
68 70 90 11 89 32 84 73 72 62 2 53 16 46 94 79 63 17 88 1 54 99 21 29 62 54 88 81 44 18 91 27 76 51 73 29 8 81 68 88 94 44 45 88 50 29 47 37 87 24 40 11 60 58 54 1 11 43 27 53 
3 18 84 7 10 96 97 90 93 76 16 7 12 84 27 52 66 88 75 16 20 8 76 6 22 40 39 60 20 71 80 72 80 5 47 5 10 68 35 12 72 45 5 54 6 82 2 22 44 15 78 51 34 83 7 42 55 54 1 78 
6 98 40 68 61 84 98 37 52 3 48 36 28 92 54 84 65 71 49 77 55 40 32 89 1 66 58 60 10 87 35 93 86 96 14 48 28 41 85 33 17 15 73 99 16 51 27 38 60 20 15 68 51 16 22 36 52 57 37 5 
24 60 44 48 80 76 89 90 77 40 65 40 9 96 78 89 87 8 87 40 9 27 67 64 22 64 84 76 96 58 56 5 96 40 30 54 42 7 44 79 82 89 2 53 64 18 34 33 1 94 75 32 36 60 28 85 22 64 31 23 
31 40 59 28 82 18 84 75 5 71 60 25 54 20 54 7 68 85 83 71 5 36 59 39 90 30 31 42 58 58 30 66 98 88 13 97 95 10 5 63 76 75 46 79 53 47 31 89 66 38 56 13 29 59 61 84 68 58 76 5 
9 81 56 93 12 82 97 19 46 41 13 43 99 81 84 79 54 40 47 65 1 80 6 71 64 15 57 29 17 21 5 44 97 62 79 17 36 7 60 63 63 45 89 28 38 9 92 10 59 90 1 73 90 61 62 75 73 89 67 77 
32 1 64 43 87 98 35 42 36 30 95 73 7 38 96 81 96 15 53 6 61 98 35 79 9 65 62 22 92 24 97 31 9 11 41 78 86 80 25 1 81 3 5 97 74 53 54 22 57 12 60 75 34 49 17 2 11 29 15 77 
46 45 35 42 53 59 45 62 10 3 10 84 31 70 99 59 58 11 94 28 29 99 56 92 45 7 93 81 41 62 34 20 52 29 89 1 86 71 28 50 88 20 40 96 12 44 9 43 86 21 79 32 88 99 26 13 9 76 20 18 
10 26 26 30 16 47 63 42 39 31 33 79 59 73 43 74 91 55 50 16 28 81 16 85 80 27 40 11 25 77 12 1 48 77 49 94 85 72 44 3 71 51 6 53 77 89 6 34 60 95 21 34 3 55 76 92 57 69 89 39 
52 30 59 27 17 88 69 47 43 44 77 91 62 35 82 27 68 7 55 84 42 34 65 85 69 36 93 54 57 97 54 39 54 89 10 35 70 80 96 93 93 63 35 52 10 70 56 44 22 93 15 21 68 99 11 72 41 54 8 43 
11 99 2 21 31 5 79 27 87 63 17 88 42 8 68 20 90 11 69 77 53 84 25 51 73 70 10 59 4 36 58 40 9 67 60 49 52 60 53 51 91 20 15 12 76 48 60 93 35 43 35 52 75 88 5 24 74 48 54 24 
2 37 47 7 27 23 15 3 73 44 52 28 39 67 67 23 84 72 67 29 4 27 23 55 87 52 40 53 99 95 27 81 37 94 67 74 7 48 80 13 88 84 99 90 7 31 33 85 98 83 39 26 82 71 87 62 27 30 37 33 
47 28 24 77 96 34 12 96 75 74 27 82 7 23 92 35 26 40 17 61 26 20 37 23 99 26 63 76 84 42 22 18 6 14 96 26 20 89 78 8 58 68 3 39 75 42 98 13 82 39 27 78 4 66 30 88 10 56 70 41 
1 88 32 5 17 95 98 99 41 44 20 23 34 80 12 97 25 86 16 91 23 94 17 31 42 5 62 20 17 7 78 63 22 97 91 80 88 1 47 27 30 81 25 11 51 70 63 14 73 82 72 10 54 29 56 83 99 45 32 45 
50 38 79 54 21 10 40 37 49 80 96 75 87 58 29 8 14 15 35 85 25 75 33 57 30 13 46 67 42 42 3 49 75 13 27 21 39 7 34 72 27 27 21 68 16 92 65 33 55 34 15 51 63 87 83 58 24 86 43 34 
7 48 43 75 74 14 52 63 50 72 7 32 13 12 62 72 60 20 80 16 86 56 3 94 45 25 12 21 20 35 9 48 92 77 74 43 12 87 43 53 64 17 68 77 39 3 94 32 1 34 23 22 54 23 80 8 17 72 90 76 
