60 10
72 73 7 26 53 48 1 72 48 82 24 66 90 74 22 29 73 67 79 24 65 88 34 77 81 14 51 16 12 19 53 97 1 49 9 63 89 92 73 84 14 57 88 18 52 56 39 71 36 1 60 71 16 92 12 42 77 36 94 82 
32 26 28 81 16 77 97 8 36 32 82 16 7 80 2 17 51 80 56 76 76 91 27 44 30 46 35 11 29 46 5 5 82 99 83 4 89 76 65 97 15 7 83 66 54 4 83 98 74 21 85 36 34 36 19 53 91 74 46 65 
93 39 27 85 43 62 30 86 48 40 50 41 33 6 67 93 3 3 22 50 11 72 62 15 29 97 95 88 31 2 46 19 71 98 14 9 78 13 48 85 56 42 20 13 82 81 7 77 20 4 80 16 36 98 96 7 21 61 4 18 
88 55 1 48 97 29 80 61 47 85 19 73 23 86 71 85 75 54 69 7 47 10 35 46 36 78 43 2 91 94 99 13 33 69 59 6 13 53 71 19 2 72 56 1 3 52 19 4 7 15 85 46 72 63 75 59 36 47 7 23 
52 72 57 12 90 79 30 71 61 2 32 43 24 32 81 11 29 10 43 21 77 79 45 73 27 59 37 20 66 23 13 62 32 74 89 70 93 39 39 91 88 60 77 77 16 94 14 11 81 25 48 40 12 67 32 21 4 95 83 66 
94 89 29 93 49 44 7 10 62 62 41 45 47 53 8 16 83 99 42 1 1 71 81 2 29 73 89 28 44 27 58 14 80 73 97 71 40 18 97 70 69 98 80 49 27 93 30 59 25 52 98 42 59 60 4 31 14 37 97 91 
63 6 2 23 54 16 87 99 86 9 42 4 2 9 14 60 22 90 83 97 28 51 72 34 53 47 61 3 73 83 13 56 7 59 97 6 27 67 30 34 69 59 13 51 52 52 79 17 4 4 52 11 95 40 98 66 74 38 99 52 
76 1 15 4 88 85 18 6 31 18 71 19 17 39 74 12 14 32 43 85 51 15 60 66 63 2 55 96 58 53 20 92 25 7 49 92 60 86 17 82 44 94 82 3 28 86 24 39 64 23 15 90 71 6 15 22 16 99 8 95 
40 71 97 85 59 52 30 14 50 8 49 42 4 3 42 30 62 59 59 10 66 85 69 92 52 15 62 83 19 42 10 96 33 76 84 85 7 89 36 73 23 78 16 88 18 31 68 13 19 1 73 29 45 81 41 80 56 94 72 31 
56 3 57 64 87 27 21 75 97 82 23 21 74 12 48 29 67 9 23 46 20 61 60 74 75 27 86 31 71 37 49 50 16 38 4 9 35 55 88 85 16 96 69 52 19 81 79 96 78 5 28 69 81 27 95 77 27 4 16 91 
