60 15
74 92 41 44 72 94 32 98 24 70 17 42 67 9 79 31 98 6 47 32 58 43 82 71 90 79 45 88 20 63 17 12 9 2 23 99 72 37 4 25 88 28 3 84 14 19 80 72 96 61 85 43 55 14 16 50 48 31 74 43 
24 91 24 25 51 83 69 72 4 35 99 80 42 71 38 93 30 50 64 3 22 89 79 79 32 52 11 30 63 42 52 44 42 79 82 95 73 25 11 31 17 89 36 18 52 50 30 70 80 52 74 61 79 70 8 84 8 55 69 43 
11 3 76 69 56 91 94 37 97 8 1 89 74 91 89 54 38 60 96 3 78 65 80 37 31 93 64 31 32 13 75 22 35 73 61 4 6 16 48 62 50 54 79 48 59 33 52 88 57 66 32 68 89 27 27 48 11 29 39 94 
49 92 29 65 67 80 65 62 46 76 33 5 10 37 91 90 20 61 76 90 22 69 59 13 71 2 10 24 32 11 73 62 51 59 74 17 49 39 93 44 72 70 90 61 98 52 66 27 6 71 83 99 27 94 92 42 59 86 36 2 
46 62 92 64 3 54 27 93 59 29 39 25 89 16 69 85 66 19 2 19 96 5 11 60 91 1 76 86 90 75 46 55 73 23 31 32 26 68 81 63 46 67 71 61 8 73 93 99 20 81 48 35 45 83 52 4 68 92 34 63 
2 96 96 91 96 29 86 52 93 71 18 17 14 47 76 78 25 24 79 31 83 85 35 19 47 43 27 97 48 83 17 76 9 1 43 52 21 80 88 54 39 12 37 50 54 56 31 4 48 3 17 64 39 76 28 34 72 89 44 49 
62 22 41 96 91 7 78 57 83 46 92 65 92 91 19 85 21 44 77 89 94 89 23 12 41 95 5 54 13 12 72 16 49 94 53 58 57 68 75 36 64 58 17 52 65 79 1 19 60 72 68 40 87 3 9 35 54 71 16 73 
31 89 9 95 10 58 34 69 16 64 62 15 62 38 77 80 84 45 19 47 17 58 50 70 75 92 44 22 4 18 50 72 63 58 52 47 77 57 28 6 60 48 53 53 86 76 33 88 95 49 39 28 18 16 87 66 78 8 95 75 
67 41 55 35 63 97 64 49 2 84 94 54 26 57 62 83 44 79 37 45 50 26 52 39 73 19 6 62 37 38 99 65 39 96 92 67 5 88 81 44 57 42 11 21 14 34 94 74 12 45 4 96 99 78 23 79 69 49 18 35 
3 71 75 10 26 36 56 32 25 48 80 78 5 98 77 50 89 47 61 63 3 91 99 12 60 58 12 70 19 89 76 78 52 60 16 77 44 43 76 23 24 3 23 71 88 96 26 20 85 2 1 51 38 7 30 3 55 32 76 80 
84 78 87 53 74 30 81 40 79 96 49 35 65 32 88 41 13 7 48 25 15 25 65 56 24 16 24 17 80 54 5 14 56 74 48 9 18 69 70 44 82 4 95 16 12 83 91 51 88 46 23 59 56 75 68 78 14 55 51 45 
90 92 7 22 36 80 85 39 72 63 39 6 7 96 62 28 83 26 50 19 82 50 67 38 67 72 77 37 7 72 46 90 42 57 25 39 64 44 83 81 30 12 20 61 29 12 3 74 77 15 1 65 2 63 3 93 48 21 48 9 
12 86 12 27 77 42 16 91 16 70 22 33 74 6 44 98 15 69 76 3 39 92 41 77 54 79 75 52 26 89 77 78 28 63 70 2 82 90 53 50 45 27 56 75 93 82 99 81 5 63 37 27 40 13 41 69 78 95 37 4 
61 67 30 66 90 56 67 66 75 75 63 20 30 58 10 59 85 11 19 3 88 91 67 13 61 20 29 37 51 73 19 57 10 69 17 96 71 33 41 56 25 6 99 1 10 46 28 93 62 16 85 59 4 73 97 28 46 95 35 75 
1 32 33 28 23 24 47 8 60 61 38 8 89 27 6 86 15 83 36 18 45 42 53 99 91 54 2 64 84 61 10 20 52 45 28 88 90 40 50 24 18 22 72 8 11 69 28 64 46 62 11 49 96 81 97 2 70 96 88 53 
