60 10
11 54 12 53 79 64 20 75 63 14 22 81 82 60 64 99 15 6 41 93 83 81 84 24 13 29 30 2 37 94 18 70 64 22 67 71 96 61 99 28 9 77 18 39 79 62 40 64 85 62 99 35 40 7 85 50 4 38 55 98 
21 74 22 50 47 12 31 3 31 53 44 34 67 56 13 66 19 70 12 59 3 39 39 95 42 20 85 98 14 39 96 74 69 82 10 95 42 11 76 5 28 15 61 58 59 88 25 98 46 47 89 52 10 70 82 71 94 73 62 92 
54 83 30 6 8 19 72 12 31 3 80 24 8 99 64 48 4 38 83 69 61 77 32 67 7 30 11 98 57 45 23 27 38 39 64 16 8 97 25 70 82 15 97 43 72 6 86 91 23 64 33 91 66 81 35 10 67 21 82 30 
70 89 15 35 59 70 91 86 5 54 26 52 72 99 7 67 88 82 48 62 29 38 69 60 35 79 2 66 66 98 31 34 81 51 67 15 46 18 49 84 82 51 77 55 41 99 81 69 7 20 16 70 37 61 84 59 29 35 7 27 
27 74 38 31 10 10 22 51 20 45 18 86 14 13 15 58 35 69 11 74 51 95 7 52 46 93 49 47 71 94 35 87 49 74 68 13 35 67 75 27 35 97 76 47 79 8 11 66 54 97 22 19 85 69 96 51 85 75 62 3 
55 98 36 42 24 73 61 93 80 44 97 50 50 82 7 90 4 52 16 83 40 83 64 1 49 73 33 54 58 26 55 79 57 11 9 36 7 62 87 44 29 10 60 57 74 34 1 59 74 57 10 96 74 68 10 40 48 72 27 78 
78 44 62 15 97 93 26 75 53 96 27 20 9 90 9 6 87 67 66 12 81 28 84 6 72 97 90 57 58 1 2 15 85 84 91 34 83 99 49 66 14 48 59 99 15 71 74 59 67 7 3 61 47 92 1 25 3 37 67 41 
70 90 95 6 21 20 81 95 20 84 70 62 75 22 21 56 40 35 1 61 76 86 90 92 50 73 29 92 63 80 73 1 10 15 4 2 66 25 54 59 16 98 71 30 96 39 12 62 92 32 65 65 42 82 10 72 88 38 4 78 
9 73 69 20 29 90 20 28 33 95 77 42 96 88 25 87 97 38 78 60 39 46 15 71 33 11 59 91 42 1 26 98 74 32 21 34 36 55 92 69 39 46 46 75 65 2 14 92 89 45 71 20 54 37 28 96 5 87 52 3 
18 18 2 42 36 12 42 76 21 56 80 53 21 52 31 94 87 13 68 59 12 65 81 27 39 78 4 24 71 28 25 76 42 86 93 91 82 54 83 75 57 8 61 78 91 93 16 74 76 43 87 68 52 24 62 38 73 20 57 5 
