60 10
83 12 55 40 29 88 69 96 10 10 36 96 52 71 6 85 25 67 64 20 5 28 30 13 65 38 85 70 94 32 44 6 53 76 37 30 55 27 42 34 84 75 42 42 44 68 5 54 28 15 7 62 36 69 85 54 13 2 13 96 
65 80 36 8 23 70 23 19 57 61 15 61 67 42 6 27 66 34 40 77 73 67 16 1 69 72 40 78 4 64 35 50 57 42 13 93 68 95 94 2 2 12 93 74 91 90 48 12 24 73 20 14 84 62 37 88 64 64 4 65 
13 53 99 28 34 15 8 66 57 44 64 33 63 62 43 63 1 8 91 2 66 31 21 87 62 19 87 72 39 50 48 65 21 85 97 8 8 81 91 88 63 45 45 80 79 11 18 12 27 55 76 71 83 41 40 41 44 89 7 63 
16 36 71 8 94 12 31 49 35 51 2 91 58 44 6 8 49 49 56 5 55 67 29 46 91 62 45 32 50 43 61 29 14 96 59 61 81 86 52 56 97 96 89 46 83 39 65 30 80 14 47 81 98 30 91 26 68 76 82 64 
44 8 68 24 11 97 55 92 55 55 28 84 24 54 52 62 45 30 95 74 18 26 96 65 30 9 82 54 9 72 5 9 1 21 11 86 85 30 50 70 18 92 6 76 3 48 60 45 3 87 91 18 73 42 4 87 33 55 83 37 
46 4 42 85 78 21 75 77 44 88 6 7 97 4 16 19 95 30 55 29 23 84 37 47 94 40 78 6 98 36 9 92 7 87 21 94 31 5 90 45 42 22 45 74 49 25 94 74 21 90 8 62 80 35 60 52 43 57 24 35 
60 21 60 12 89 7 22 61 16 41 54 87 67 40 85 86 67 83 6 69 12 88 13 65 35 14 43 72 57 93 83 31 8 2 60 25 33 48 16 27 86 11 60 59 97 86 10 99 25 92 1 8 87 77 90 92 78 82 36 98 
22 39 99 76 3 32 93 26 81 88 2 18 46 67 93 93 74 39 74 34 50 47 26 12 80 15 52 14 22 26 39 14 15 44 4 4 18 1 72 78 53 31 44 81 59 74 74 98 45 23 58 22 54 31 21 51 35 80 17 68 
84 97 89 57 15 87 1 91 16 96 53 71 9 68 40 88 27 7 82 15 85 76 41 2 77 69 50 74 2 64 90 1 20 59 84 43 51 89 29 86 90 26 58 60 62 54 38 28 7 38 85 61 90 55 35 7 58 27 15 16 
33 68 33 49 26 10 46 72 70 29 58 66 93 54 20 60 80 68 22 98 3 72 27 68 98 47 53 53 20 27 22 76 20 82 49 63 9 99 8 1 65 73 36 8 95 7 6 12 57 12 45 28 36 21 22 52 79 4 75 48 
