60 15
64 45 43 55 90 95 34 26 13 42 79 64 64 9 95 86 6 86 21 41 63 68 37 17 15 52 40 9 14 34 63 37 74 79 2 51 59 41 78 63 42 48 48 98 49 6 42 50 78 63 78 74 69 43 14 82 67 48 2 88 
98 89 25 24 69 71 64 70 82 3 93 97 74 13 75 25 82 37 45 9 34 50 35 99 45 19 45 76 27 54 19 50 81 97 73 82 33 81 78 74 31 32 97 2 7 11 35 13 92 17 41 17 11 99 79 23 8 36 61 9 
15 93 4 52 20 72 72 33 93 2 41 74 86 2 86 51 26 69 6 43 31 31 66 71 42 69 49 71 36 87 54 63 35 10 22 73 50 66 77 95 10 85 5 16 54 91 18 20 18 98 67 75 12 32 14 54 77 25 56 12 
21 13 8 36 17 16 5 29 13 41 75 52 78 94 89 6 16 79 28 50 96 99 36 10 27 71 94 22 49 52 66 34 35 80 36 64 19 64 61 77 75 78 86 41 36 45 6 57 5 17 57 89 23 85 96 42 73 80 91 40 
46 41 5 54 9 98 33 81 36 20 71 48 20 42 94 31 69 58 28 16 33 23 44 81 72 63 93 29 47 47 65 46 19 14 86 6 93 55 81 10 36 17 56 52 42 54 1 64 52 59 88 45 34 47 42 5 72 70 95 78 
34 66 24 88 9 4 68 51 31 25 70 79 52 54 41 8 9 22 73 94 11 9 29 35 69 10 47 37 28 89 77 47 58 18 91 19 40 7 24 77 33 4 33 23 5 97 13 59 89 39 64 56 72 3 21 84 37 20 96 69 
13 44 19 48 81 55 36 72 24 39 24 73 19 56 61 86 21 47 28 49 98 52 92 11 93 18 8 46 69 39 43 94 12 26 82 63 18 79 89 60 66 23 93 44 76 15 56 5 85 49 33 15 3 24 25 13 33 4 90 18 
25 68 33 95 77 37 28 18 31 96 97 31 28 19 9 12 13 5 47 32 66 77 87 32 42 20 2 55 24 12 46 95 84 43 10 82 19 24 29 91 85 18 84 49 67 51 42 95 58 91 9 94 4 91 5 20 84 47 84 55 
13 32 36 56 12 53 60 56 28 35 30 40 84 12 7 79 10 78 32 35 36 89 4 15 71 71 7 2 7 27 67 10 2 59 5 52 75 41 95 99 91 99 74 84 17 18 43 86 85 36 53 66 2 27 83 82 68 84 42 75 
96 6 20 54 80 74 88 32 6 83 33 13 94 28 80 18 7 61 52 96 8 61 62 4 28 24 13 56 41 57 88 29 17 48 53 66 19 66 95 25 53 68 79 74 90 11 95 23 21 64 28 32 5 17 66 55 35 84 39 5 
94 1 29 89 23 30 48 62 24 27 7 29 85 18 78 55 26 36 43 14 35 70 24 99 78 56 37 43 6 35 10 12 8 16 23 12 18 43 87 28 59 47 66 64 67 17 82 82 54 46 99 43 91 26 56 89 20 85 77 49 
11 66 53 25 41 19 27 30 15 19 93 91 76 55 49 1 23 53 70 72 44 41 85 97 82 20 15 68 93 39 32 39 73 43 69 85 91 89 71 61 55 20 76 68 58 34 66 91 37 19 27 64 5 19 6 58 43 46 58 25 
27 26 82 81 12 64 15 37 9 37 28 52 77 70 19 45 70 24 90 9 72 17 86 14 82 51 32 42 43 43 10 58 67 9 29 92 36 49 71 5 68 58 19 19 61 19 4 76 72 83 27 38 1 46 37 27 53 46 75 10 
15 54 92 61 97 56 28 99 12 46 68 12 60 14 41 76 29 45 52 20 89 45 97 39 61 81 98 44 47 35 14 58 60 27 12 28 98 81 36 29 43 19 79 79 78 6 51 76 63 5 12 42 10 89 99 33 31 30 82 38 
8 14 89 31 48 41 35 81 96 36 32 87 96 33 31 52 53 33 33 43 31 41 38 35 84 19 58 66 39 52 24 63 32 51 36 27 90 42 7 94 29 31 21 15 53 26 7 5 37 62 78 66 97 68 23 94 67 57 6 94 
