60 15
87 87 47 40 45 53 94 64 91 80 34 22 65 6 10 70 87 38 92 51 68 92 89 1 85 81 31 44 44 84 46 27 89 52 23 27 57 21 43 71 54 43 91 21 22 49 24 22 26 3 24 30 57 23 69 49 63 77 21 44 
93 7 76 37 64 1 19 31 55 37 98 92 76 85 13 94 17 73 7 93 43 61 44 84 85 91 78 74 88 50 44 40 12 2 38 22 86 62 37 64 84 49 88 7 38 8 71 88 31 92 93 27 46 88 6 63 25 59 15 2 
30 93 12 73 13 5 17 69 80 36 26 16 70 13 89 93 27 11 62 22 20 48 65 86 62 78 42 24 11 26 44 56 11 70 97 66 64 83 53 57 91 67 99 17 35 40 96 9 26 87 76 38 3 60 86 69 66 83 8 11 
96 3 71 42 90 64 85 65 94 51 44 92 86 20 33 66 50 43 7 59 7 53 14 38 41 33 3 50 2 70 77 57 24 29 91 74 15 93 86 92 79 98 23 13 86 54 65 89 16 8 8 76 10 27 55 38 35 86 2 34 
59 77 37 50 55 91 39 77 49 31 33 26 30 37 16 34 25 7 74 75 76 91 64 43 50 34 11 97 69 28 38 71 27 36 87 84 9 23 74 22 37 64 99 78 23 46 25 63 64 85 59 33 61 2 26 74 3 39 8 83 
54 8 57 1 55 50 30 10 88 15 9 58 34 12 15 28 9 7 62 16 92 40 51 84 80 95 42 91 13 15 93 24 32 4 10 77 69 81 34 63 66 49 77 20 73 3 74 66 86 3 95 34 22 78 67 47 22 32 82 50 
38 67 19 18 64 5 80 95 47 62 75 95 80 14 11 30 86 34 15 29 92 33 21 55 71 15 19 35 20 1 78 12 27 78 78 30 49 73 91 37 71 45 21 36 62 58 86 28 20 88 99 50 79 47 77 62 30 51 83 69 
65 51 52 16 46 64 3 78 55 87 67 27 39 35 5 15 1 51 66 24 79 32 66 42 6 76 62 27 20 52 9 54 54 12 14 97 1 86 24 77 15 40 19 90 47 76 87 90 81 19 12 93 26 5 87 28 92 68 63 45 
47 67 47 80 34 71 76 37 70 1 96 92 70 12 11 30 48 95 80 38 2 87 28 49 7 84 18 70 13 81 34 77 51 5 71 22 79 80 74 40 35 83 4 84 60 56 31 11 26 74 60 88 73 14 50 22 40 53 85 96 
45 70 39 57 83 39 15 83 68 97 89 46 43 26 52 20 88 88 77 3 46 30 72 16 20 11 97 47 4 71 33 62 32 12 95 97 60 40 33 65 33 36 41 64 63 20 89 76 69 22 51 69 28 6 64 59 22 78 75 1 
38 76 25 98 18 50 49 32 43 29 31 88 77 28 56 14 65 55 89 48 80 48 20 45 35 93 66 16 16 42 20 52 57 73 37 54 50 54 5 68 51 91 48 6 54 97 57 97 18 90 43 10 70 14 49 28 43 49 85 70 
67 5 19 46 93 37 15 47 55 57 12 95 20 69 61 81 4 10 67 94 90 82 61 34 49 1 51 14 21 49 74 15 31 29 77 97 45 24 87 30 85 30 80 51 62 10 44 86 97 83 77 10 40 57 98 76 4 51 44 99 
33 14 12 22 96 37 67 55 6 37 43 66 84 3 11 52 2 29 46 25 56 15 50 44 1 6 74 37 50 48 10 90 71 15 48 83 59 17 22 2 24 17 75 34 58 8 38 67 59 21 91 5 14 73 57 93 88 79 38 23 
4 49 13 7 83 87 59 72 87 3 95 94 91 81 97 68 97 10 39 62 76 60 1 70 4 39 58 28 53 38 32 68 74 84 51 15 91 94 42 19 84 61 72 6 48 36 90 83 33 85 52 21 17 39 21 6 65 39 78 36 
44 58 85 91 73 40 97 45 97 53 41 59 62 33 77 51 53 78 17 71 14 23 37 39 38 80 70 12 17 52 31 46 75 2 45 28 26 54 9 66 32 69 5 84 51 76 17 59 2 4 57 77 78 13 80 20 10 29 48 98 
