60 20
64 53 8 13 14 43 11 94 65 1 8 44 99 89 68 64 92 99 44 22 85 13 32 10 52 75 47 17 67 64 93 1 76 56 26 50 64 96 25 60 23 70 63 95 23 66 74 62 77 49 21 76 17 29 64 33 52 25 34 71 
11 62 98 85 36 35 35 19 22 61 32 54 77 92 95 96 88 4 29 52 63 40 80 66 74 58 81 69 1 72 96 21 77 98 63 51 30 94 36 9 28 9 32 2 22 20 72 40 90 80 29 81 82 65 63 78 60 12 76 12 
2 23 83 42 35 6 99 39 44 73 96 16 2 25 74 5 65 85 28 29 95 26 64 14 77 83 23 11 35 78 96 14 56 32 45 79 6 89 18 44 44 35 69 42 53 10 83 30 45 34 85 95 89 25 65 86 28 12 96 23 
24 61 33 88 57 72 92 65 87 95 68 30 91 63 27 47 73 44 7 15 57 38 16 58 80 70 22 26 89 83 45 79 30 34 57 90 45 82 70 33 64 89 30 80 1 11 15 91 43 88 25 14 52 44 76 69 50 74 97 53 
91 96 56 93 65 57 31 59 20 30 64 63 29 86 27 84 1 81 54 74 42 27 16 22 28 58 85 23 71 2 8 54 91 45 69 32 83 7 65 92 86 4 69 51 51 18 3 76 9 71 1 56 43 86 84 68 55 62 28 49 
83 95 37 15 80 31 58 38 11 8 9 45 80 32 17 41 53 41 40 80 91 46 10 16 3 75 70 38 82 20 29 22 58 73 93 68 33 80 23 51 28 77 64 57 28 38 99 31 26 15 91 20 63 86 23 17 76 96 45 6 
76 91 34 7 99 17 81 5 73 71 68 21 74 61 38 98 67 46 75 40 16 53 31 27 6 98 31 40 64 6 5 76 74 23 98 65 99 44 94 93 97 27 31 21 42 11 22 94 39 36 71 76 48 61 97 56 1 85 50 68 
48 15 52 44 13 83 21 8 64 35 81 69 38 72 42 62 87 53 26 18 78 84 66 64 84 13 98 18 77 22 55 77 23 26 57 18 73 59 12 85 61 75 4 88 96 38 88 93 56 16 86 19 78 73 79 27 58 69 99 20 
8 55 68 42 75 55 74 74 82 82 41 71 18 91 71 75 64 6 43 38 64 90 81 81 89 23 23 74 12 54 90 97 69 85 56 14 37 33 14 35 93 97 44 90 91 32 88 2 27 13 15 41 5 6 83 10 12 37 23 3 
3 58 18 60 22 1 98 20 6 80 19 79 57 40 92 84 39 85 19 9 20 25 23 6 18 12 99 45 43 93 60 59 41 52 73 88 40 47 9 24 89 60 84 51 9 40 6 91 28 45 12 51 30 87 20 59 1 75 67 15 
33 64 79 19 6 69 30 7 71 71 69 99 16 90 95 65 29 47 22 32 25 79 96 3 67 63 23 78 79 28 76 74 67 79 24 39 39 16 43 75 22 45 40 56 79 10 69 43 36 98 51 7 88 69 90 48 32 66 98 11 
44 13 81 60 63 89 94 18 19 47 41 32 93 80 22 84 9 82 23 53 12 38 6 1 74 13 99 72 86 53 2 86 47 75 63 32 60 61 87 59 28 53 25 72 44 44 62 28 88 74 19 25 19 27 41 99 69 15 96 19 
83 73 91 58 93 97 12 37 32 30 48 74 54 15 98 95 92 76 73 94 27 93 63 99 53 63 13 45 52 72 79 39 57 67 15 30 23 19 21 79 95 93 28 27 81 24 60 63 15 72 5 93 25 6 77 10 9 60 96 60 
49 25 45 21 4 46 4 45 62 84 32 74 79 58 48 91 99 1 35 19 2 6 80 54 46 66 24 22 12 23 98 15 47 4 75 36 7 74 8 44 3 72 74 95 42 59 23 90 73 60 14 16 31 9 65 88 76 90 93 98 
77 66 96 95 25 46 38 48 29 95 98 13 57 33 22 79 33 52 65 23 52 37 19 18 7 82 27 58 97 11 5 76 57 94 56 61 67 71 96 79 78 63 66 91 27 98 51 69 56 26 5 21 31 38 63 1 62 84 63 35 
59 59 91 70 45 20 82 54 15 86 53 52 97 76 57 91 97 70 25 6 94 7 56 35 31 74 12 19 8 9 8 85 81 83 12 51 53 4 32 10 65 3 18 31 92 33 46 48 40 59 20 58 32 55 61 11 10 97 3 3 
72 64 61 90 15 82 98 32 93 64 65 67 11 83 48 55 60 29 10 9 90 78 54 64 78 68 98 47 94 55 36 41 75 95 11 61 90 3 85 18 10 25 5 87 73 10 72 79 62 72 13 9 64 68 44 61 44 56 45 63 
57 69 55 11 11 87 1 79 60 33 87 20 23 92 15 10 62 49 47 96 33 22 61 33 19 12 88 29 84 46 61 90 14 21 51 65 56 46 20 84 67 86 56 10 57 10 24 73 31 26 6 25 33 33 44 72 89 61 87 30 
80 85 83 2 4 70 33 97 89 32 28 3 49 57 27 11 24 2 31 48 1 15 96 87 36 51 56 71 69 92 38 29 45 71 82 94 31 79 61 27 34 95 1 28 23 1 91 62 47 95 17 72 51 22 65 3 95 81 52 16 
96 96 70 20 76 93 94 28 5 10 22 76 59 19 27 26 59 48 74 94 64 73 17 45 67 18 85 78 86 39 82 32 59 25 80 71 37 90 11 82 80 68 58 67 50 2 57 36 2 42 84 3 79 39 52 77 12 37 98 60 
