60 20
94 63 87 55 87 85 4 73 5 20 27 22 62 81 20 84 79 62 17 43 18 70 68 18 28 74 84 15 91 51 80 64 66 22 18 68 28 5 49 43 18 51 61 65 80 95 20 11 14 94 16 2 10 73 2 51 95 66 43 6 
75 12 10 12 82 26 63 28 65 20 69 35 57 48 39 83 98 38 42 5 48 5 31 26 6 68 58 91 28 77 91 83 52 24 38 35 9 63 60 51 45 33 93 33 42 73 67 87 31 40 23 52 17 32 32 13 93 1 15 22 
3 47 91 60 42 45 65 33 58 67 15 8 72 63 81 59 19 31 16 56 36 10 69 58 64 76 90 7 35 36 21 18 69 16 83 80 68 61 79 44 6 28 81 20 28 76 29 65 39 64 18 87 2 43 99 29 29 48 71 66 
25 37 14 68 46 35 35 65 97 27 25 50 95 97 49 84 19 73 18 3 77 91 53 84 76 65 64 21 91 57 10 84 32 43 67 98 14 84 7 6 25 96 53 36 97 16 60 73 72 69 76 31 71 45 13 13 65 56 17 85 
32 11 83 3 71 4 19 88 5 65 63 46 76 5 44 7 35 34 17 77 76 16 7 80 90 97 54 7 5 68 56 50 25 91 15 55 81 54 76 62 72 9 75 49 8 19 82 73 51 1 42 22 67 69 23 48 61 78 55 18 
62 93 86 74 9 71 19 17 94 32 37 97 11 20 3 16 71 94 14 50 35 57 21 75 25 60 49 78 46 32 13 83 4 94 39 65 25 81 80 69 71 55 42 32 65 30 90 98 3 86 81 40 75 93 73 76 88 24 46 90 
81 84 32 13 56 73 24 89 89 91 74 53 93 49 9 49 10 46 31 8 2 67 16 40 50 74 98 33 47 3 74 42 88 51 90 83 69 78 36 31 75 94 41 8 77 58 69 79 28 68 8 49 50 55 65 52 36 80 64 47 
83 55 96 25 25 11 82 50 69 8 21 29 13 56 32 90 94 21 20 1 71 85 38 27 84 22 55 15 29 61 34 48 21 62 87 26 66 77 58 22 33 24 79 63 15 51 49 91 5 12 94 36 58 27 46 77 69 58 99 24 
90 10 72 3 2 83 47 55 97 61 27 66 29 8 48 38 79 44 55 49 13 94 41 4 13 28 93 73 33 5 40 40 34 17 85 43 31 33 66 19 35 45 82 47 1 8 51 94 67 83 43 57 99 88 32 5 39 33 34 26 
48 24 83 17 97 43 74 98 33 21 36 65 98 98 2 88 17 9 35 41 1 93 54 16 76 27 46 44 97 26 89 13 72 79 71 87 72 56 7 26 57 34 56 1 95 11 45 15 74 25 81 24 29 76 79 52 52 46 70 13 
97 18 19 95 23 95 26 6 89 69 42 88 22 64 65 71 14 60 61 87 25 88 57 66 76 26 39 30 40 89 40 86 33 26 36 22 16 11 43 97 81 38 6 41 51 16 93 39 66 59 96 33 85 86 14 16 76 10 53 17 
82 59 52 77 77 88 53 74 82 50 72 14 77 46 9 70 96 64 3 38 2 51 6 5 51 76 47 18 67 5 9 49 5 62 87 72 18 8 64 24 36 98 79 74 25 63 92 1 56 65 58 48 83 76 90 4 1 43 34 66 
37 72 82 25 60 27 99 14 79 3 91 25 88 35 5 7 70 99 94 19 40 51 71 76 90 72 48 89 37 14 75 9 57 39 95 72 38 69 75 45 18 25 61 65 31 71 12 86 52 63 52 22 38 83 10 89 74 94 60 53 
54 71 17 5 74 53 40 42 9 53 71 63 45 3 7 16 23 22 3 96 43 40 89 72 96 14 94 94 73 46 56 22 91 5 46 36 6 40 85 62 35 8 66 88 74 81 69 82 18 76 82 10 76 67 18 57 94 5 33 46 
23 82 83 94 56 65 54 32 41 42 37 94 40 8 89 16 54 7 55 76 18 28 57 94 92 95 92 25 57 67 23 50 7 24 73 73 42 64 21 14 67 99 91 98 80 49 55 58 67 29 14 22 97 50 2 6 17 11 75 12 
83 15 26 63 34 66 74 83 70 17 92 4 92 53 5 50 93 8 65 81 31 34 27 60 92 68 5 17 65 4 50 22 8 57 19 54 13 35 36 69 81 9 69 68 89 75 95 64 58 34 70 57 18 49 94 94 82 22 86 46 
18 99 59 3 59 2 6 83 1 68 70 46 71 85 63 30 71 78 33 36 13 59 16 73 65 73 75 6 96 36 48 90 23 83 85 25 44 11 1 89 93 20 10 93 82 60 74 15 37 76 50 46 48 46 25 39 16 31 67 48 
96 15 64 87 87 88 59 40 61 65 43 56 18 38 59 47 3 13 58 45 26 29 16 24 79 74 47 19 61 10 33 42 88 81 33 5 17 44 7 35 64 77 31 95 22 9 20 4 81 24 43 48 45 94 45 11 53 91 63 83 
17 34 6 17 89 65 69 26 34 15 85 33 88 15 68 4 20 64 61 19 18 22 30 64 95 4 52 31 74 70 18 2 82 26 19 50 49 11 42 30 95 93 68 73 31 67 59 82 45 40 54 21 3 33 67 14 36 69 75 34 
45 1 77 53 66 70 89 62 38 73 43 56 53 7 73 53 58 2 56 39 23 91 75 39 13 83 89 81 49 24 6 74 87 69 41 65 80 53 99 18 46 59 36 73 41 83 23 27 26 8 26 90 34 66 64 63 43 18 88 3 
