60 10
50 99 85 97 25 32 73 56 13 33 91 21 2 83 72 82 28 3 81 90 61 33 97 97 17 1 12 93 97 65 61 15 69 40 93 34 66 5 69 38 31 91 82 76 80 58 24 3 4 34 70 87 1 60 9 19 35 95 85 81 
79 29 88 35 64 1 30 41 5 54 88 11 3 31 3 24 2 99 83 81 85 70 72 46 45 9 53 86 93 66 27 34 40 11 34 42 20 63 43 52 82 44 86 65 35 21 57 24 36 70 64 91 59 35 36 50 96 97 87 92 
44 59 15 69 85 34 28 65 54 99 59 11 37 56 54 51 16 92 18 86 96 49 11 76 14 15 18 75 24 59 9 7 69 85 68 58 34 24 16 12 77 56 3 11 41 63 94 51 54 12 27 3 2 71 51 72 83 58 57 84 
52 92 21 68 86 38 71 47 94 74 63 54 41 39 42 18 1 83 87 13 92 7 84 97 21 36 79 94 13 66 60 37 75 58 33 64 47 87 3 82 67 56 70 69 39 53 28 49 7 80 61 10 41 27 61 88 24 1 38 5 
60 71 95 85 98 42 7 53 74 91 58 1 61 57 69 54 49 75 19 95 5 14 39 11 64 89 51 28 51 70 25 24 32 47 71 27 1 4 73 86 90 52 34 36 27 57 68 28 99 43 22 56 73 77 19 57 30 38 44 91 
20 7 66 38 55 23 20 33 28 81 7 66 76 86 74 28 6 62 31 9 94 27 49 65 37 78 16 77 56 87 46 20 68 92 52 39 3 7 65 31 79 25 19 34 41 41 79 19 47 69 48 92 14 76 99 4 20 13 97 57 
48 72 60 99 44 50 89 6 81 58 92 87 27 4 17 65 11 35 23 39 6 31 88 78 88 31 79 34 82 89 9 87 79 60 78 25 45 20 93 51 6 13 67 27 12 36 6 41 90 50 65 13 71 22 7 29 1 1 12 6 
31 21 83 44 3 94 92 80 13 43 67 1 1 86 83 1 57 27 37 71 18 17 22 20 73 78 13 48 70 90 54 84 37 21 50 74 98 20 70 26 9 68 53 13 84 86 21 31 49 91 97 14 74 19 34 5 41 90 45 82 
55 47 72 18 2 15 32 36 63 91 69 22 86 7 99 58 25 7 12 15 22 87 40 49 35 18 77 93 79 39 12 24 14 51 3 5 50 70 80 21 99 80 80 88 43 54 12 46 43 66 51 26 76 77 70 13 3 7 97 75 
20 7 52 37 14 82 99 37 18 24 45 66 99 31 22 80 31 3 92 85 29 30 42 68 46 93 18 22 19 70 38 80 74 52 45 60 91 59 24 8 20 68 71 54 49 43 22 72 46 75 34 47 37 26 27 44 49 77 79 91 
