60 20
63 42 44 35 16 81 64 34 35 75 97 1 87 67 25 40 26 9 81 88 31 5 5 55 57 56 75 67 73 2 62 13 8 64 65 84 95 94 62 26 15 14 47 72 39 56 79 94 73 16 24 45 3 89 95 99 34 18 5 1 
75 55 99 89 86 99 2 28 50 11 81 55 1 33 83 70 98 51 38 24 49 11 77 35 15 36 53 12 43 49 60 71 79 88 50 53 85 27 52 45 63 93 90 94 67 89 8 34 28 5 76 96 67 43 23 32 21 35 46 33 
40 72 74 48 41 40 63 66 27 62 97 88 69 73 49 80 64 16 9 60 20 34 78 93 54 64 67 91 90 36 81 96 45 59 24 83 26 19 82 48 28 71 27 6 19 37 1 80 41 93 19 1 3 68 54 94 68 37 39 79 
87 7 64 88 83 29 78 49 69 31 56 71 67 73 66 14 11 53 71 7 7 74 92 20 10 16 83 34 87 1 94 5 90 63 43 40 22 22 83 58 5 43 75 66 49 12 50 21 28 3 82 5 36 43 59 86 65 90 46 98 
91 13 81 56 39 26 85 58 85 11 3 96 55 94 33 40 12 96 38 15 1 64 84 53 96 24 88 34 43 18 58 27 99 54 40 37 82 45 59 46 12 55 63 62 52 44 69 56 58 6 7 9 18 20 58 56 95 89 7 31 
7 58 24 2 28 7 96 7 42 86 25 33 89 91 84 19 10 57 56 2 59 79 51 36 29 28 21 15 63 70 81 85 80 89 33 70 88 3 74 84 9 77 25 55 89 55 41 40 26 63 39 45 80 43 9 46 3 59 35 4 
25 48 21 70 69 24 1 61 69 65 46 81 49 91 3 12 24 22 50 31 87 68 97 9 13 30 80 98 42 88 46 31 81 97 55 10 93 82 73 2 92 29 63 35 40 77 80 89 34 21 64 91 4 93 35 8 9 67 86 40 
89 41 31 68 21 51 30 34 23 81 32 73 5 38 96 60 20 27 60 49 32 21 8 49 88 29 41 85 85 63 44 76 39 13 55 96 51 7 34 47 81 83 31 25 15 65 58 89 30 21 52 37 66 35 50 60 96 81 51 28 
46 3 77 30 22 57 14 97 38 92 50 37 69 99 63 15 7 59 22 13 5 90 28 71 27 92 65 34 85 86 37 89 86 63 13 15 75 25 73 22 78 28 52 98 47 29 81 54 3 25 31 62 80 2 60 6 69 73 54 18 
20 6 79 42 40 42 16 65 13 25 11 54 53 73 48 69 69 72 68 47 86 86 84 13 64 83 7 4 13 49 51 85 13 8 69 72 39 42 60 42 70 10 89 61 15 62 14 99 28 66 89 48 29 20 3 41 21 70 79 71 
23 15 12 25 43 60 33 48 93 51 68 82 83 55 34 57 5 60 21 62 25 60 92 48 76 57 77 16 56 50 65 10 19 30 95 16 66 72 57 50 44 33 76 55 35 42 16 95 53 95 65 47 38 48 37 94 47 13 56 25 
8 46 6 88 48 81 67 41 85 47 45 13 83 24 72 28 10 76 69 32 7 22 17 58 58 1 20 94 59 43 80 56 84 39 64 50 59 7 69 49 22 61 95 52 99 83 14 63 75 88 34 52 53 95 73 29 30 95 26 7 
91 34 58 43 7 54 26 64 77 79 13 1 77 89 87 16 2 88 60 64 14 43 32 39 90 33 39 14 60 90 92 90 53 44 25 39 41 65 34 40 81 10 24 35 64 60 53 62 51 75 74 7 22 27 80 40 18 46 49 66 
60 19 69 44 23 70 46 55 51 27 33 17 79 88 83 82 62 65 80 77 89 99 55 15 11 82 4 18 52 74 10 37 33 20 58 69 85 72 60 75 74 6 64 1 16 41 82 93 96 59 4 23 89 20 18 96 75 85 27 82 
56 16 96 58 30 68 62 62 76 70 40 79 34 11 19 20 35 40 28 46 8 58 40 71 65 16 55 53 97 1 5 85 70 35 37 92 16 70 16 26 26 78 10 52 47 48 92 52 75 74 29 13 48 57 76 20 36 93 71 52 
13 69 74 19 69 34 96 36 29 94 28 44 13 61 87 91 29 40 20 10 48 3 61 75 68 50 12 84 84 89 5 18 56 94 71 13 79 80 12 28 53 69 63 17 46 59 72 90 69 95 57 93 45 37 81 67 69 25 22 19 
52 3 79 39 49 95 9 53 79 42 27 34 20 3 59 85 2 10 53 11 52 22 27 55 40 58 12 51 21 48 95 58 76 71 66 15 60 7 56 74 46 68 87 49 62 57 10 62 45 99 53 81 75 93 63 69 26 50 50 23 
86 5 45 19 52 30 3 41 85 32 47 2 68 23 42 93 54 4 80 3 80 76 2 29 90 69 8 6 53 49 88 15 79 43 32 11 42 60 49 33 95 4 92 30 92 96 70 76 4 93 69 90 38 7 74 55 57 18 83 34 
82 82 99 99 40 75 39 97 59 86 18 24 50 3 3 9 61 40 1 51 78 33 47 20 12 31 3 42 94 90 45 3 75 68 68 31 13 18 67 1 66 80 41 19 92 80 78 25 40 18 58 79 40 62 39 60 2 48 53 55 
75 68 88 93 9 12 46 90 11 66 76 43 87 63 30 25 50 62 42 76 77 25 4 72 89 83 31 90 13 4 28 81 51 59 64 35 52 2 38 52 81 23 43 11 84 29 44 36 58 7 41 69 22 92 37 36 81 44 11 15 
