60 10
45 96 5 29 64 70 47 71 89 6 96 6 88 51 56 99 99 79 20 78 60 14 44 52 47 14 3 3 19 14 66 31 67 18 79 49 76 51 46 40 81 73 18 68 42 38 94 48 16 15 27 66 39 66 26 62 17 86 81 65 
26 73 95 20 53 71 14 44 84 54 2 21 17 26 73 82 50 17 78 48 39 25 5 71 88 26 8 80 75 76 76 84 98 91 20 72 64 7 97 87 4 17 76 88 17 6 12 84 49 41 73 56 8 69 89 57 93 78 32 99 
2 27 32 62 17 12 41 40 27 51 68 99 97 76 19 61 78 94 70 3 87 63 63 22 71 77 67 99 10 58 80 64 81 55 6 75 86 43 74 95 19 40 21 86 5 15 24 1 89 18 98 81 85 4 44 70 72 69 50 20 
19 36 10 3 70 20 27 13 99 2 93 24 34 22 55 4 91 45 6 88 68 51 83 60 94 58 48 64 77 79 38 59 24 13 11 89 46 57 58 96 48 61 14 63 90 9 31 78 40 26 50 46 98 29 41 15 15 96 31 47 
1 5 33 17 25 29 26 33 52 88 41 81 19 82 52 16 66 97 11 89 40 76 24 79 94 41 32 63 99 73 5 51 57 49 26 76 28 36 2 41 54 39 64 20 99 5 83 16 89 87 88 75 54 60 94 60 88 96 30 76 
4 79 70 55 92 78 60 51 27 44 14 15 37 2 43 16 33 20 12 38 4 53 14 85 27 56 78 69 25 89 17 74 41 2 87 5 55 90 4 18 24 53 66 33 61 6 28 21 38 96 91 82 23 93 37 95 50 51 81 61 
12 61 55 97 22 76 99 83 36 31 8 88 18 94 89 86 45 90 89 64 43 88 79 41 80 6 4 99 18 15 77 19 10 53 52 18 70 47 26 2 89 35 14 16 7 1 77 5 40 7 5 79 77 45 56 89 11 84 52 4 
77 36 50 22 38 46 41 44 90 69 26 20 3 74 74 91 14 50 45 15 15 74 30 70 16 21 92 11 84 90 71 30 79 79 72 73 57 69 48 76 53 65 46 28 64 45 47 74 87 58 79 47 63 41 24 29 83 72 85 45 
27 85 83 62 65 84 94 6 84 39 91 8 64 84 47 31 66 31 7 89 48 28 35 10 82 72 58 44 80 82 24 50 29 27 55 18 23 5 22 56 12 86 9 37 51 11 95 93 60 35 44 76 80 45 87 63 49 20 27 28 
8 6 71 16 61 19 15 76 13 9 34 3 46 89 23 88 13 70 10 83 98 45 66 96 21 66 40 90 53 97 26 45 90 54 65 13 33 13 78 51 12 17 24 37 42 52 95 57 5 9 45 91 63 20 37 67 10 92 40 95 
