60 10
79 4 73 81 94 66 39 45 76 84 2 74 53 81 30 73 69 99 18 41 79 67 19 54 78 58 13 46 61 28 9 49 12 26 75 34 25 96 1 19 60 61 88 68 26 74 82 66 92 67 21 76 42 73 28 80 44 31 25 95 
50 46 41 6 84 45 82 44 86 53 44 2 11 46 60 96 68 10 57 41 15 9 42 87 82 60 40 78 83 12 2 99 57 23 49 51 81 61 96 9 35 97 10 3 19 11 35 3 37 94 80 98 24 77 47 3 38 44 28 45 
96 22 52 73 78 68 23 41 94 9 35 52 83 79 58 65 83 36 29 66 42 82 86 96 20 34 82 1 65 14 81 10 78 72 35 63 53 49 36 50 97 55 62 86 42 95 95 30 22 15 22 14 46 82 13 24 46 4 93 97 
69 6 79 64 32 88 96 15 86 83 85 26 83 92 73 22 83 96 63 64 39 2 98 50 87 56 25 86 48 17 73 2 24 72 41 30 14 25 73 42 30 27 67 33 16 70 63 73 78 40 59 3 24 18 19 99 95 41 92 83 
7 54 41 26 41 30 96 87 43 91 79 82 6 77 69 40 18 99 74 56 90 26 49 34 12 31 40 9 33 40 61 53 87 45 7 61 44 12 90 14 81 55 17 31 7 9 83 99 97 67 16 83 72 15 35 15 3 31 49 69 
18 95 63 75 4 90 38 31 93 20 17 95 24 54 78 87 88 72 32 85 69 49 92 43 16 36 16 5 75 63 84 24 95 35 58 96 64 37 73 94 21 52 4 8 16 78 71 86 28 53 20 5 39 85 42 10 63 97 62 95 
81 15 52 36 76 42 48 48 68 48 26 95 66 84 99 21 91 15 33 38 98 21 26 85 79 45 84 6 44 61 68 57 86 76 18 59 25 68 66 65 34 48 34 70 48 55 95 48 55 92 43 19 58 76 15 49 38 34 13 82 
91 50 48 1 69 24 3 78 71 14 65 76 7 8 58 94 86 28 99 78 30 75 24 72 61 30 17 25 32 11 65 47 36 92 91 32 36 70 21 28 93 95 30 70 11 52 20 69 71 96 86 46 92 60 99 41 82 93 85 61 
57 61 78 95 96 45 80 8 95 57 50 53 75 75 41 84 29 50 15 6 25 24 81 9 40 52 80 11 27 89 80 51 9 64 19 87 8 34 71 64 6 19 50 62 33 21 37 32 90 23 44 8 2 62 7 4 99 2 10 90 
82 49 83 32 5 77 94 17 38 67 18 75 59 73 57 76 83 25 36 60 84 70 12 62 63 32 51 49 75 69 60 52 15 39 70 15 52 72 83 41 34 52 66 54 30 98 12 59 46 58 43 11 85 5 90 90 71 39 8 88 
