60 10
70 85 52 34 6 85 65 66 15 87 34 32 86 58 79 31 27 47 98 22 24 60 91 20 73 44 38 14 60 71 26 77 91 38 47 93 94 62 40 83 59 91 90 39 50 17 93 68 61 87 67 39 40 44 20 34 58 45 84 13 
19 35 5 31 97 42 45 97 85 36 73 88 59 1 93 9 81 84 13 99 34 81 49 63 48 41 21 7 95 5 7 29 79 80 99 27 92 45 33 42 65 78 93 39 90 30 12 3 33 12 36 83 17 32 86 62 95 48 92 52 
1 32 38 82 13 64 44 89 49 22 87 10 33 63 9 70 43 62 15 80 10 98 99 16 13 2 70 73 89 50 89 75 49 38 7 27 88 81 14 40 22 95 96 5 9 16 90 15 97 87 53 64 62 99 33 81 60 86 49 31 
38 55 22 94 48 12 41 96 22 64 78 33 96 35 13 4 43 30 4 5 39 78 1 89 70 69 90 12 68 59 66 57 72 65 41 44 29 37 78 21 16 11 65 27 6 49 11 50 54 52 74 58 20 61 32 13 23 33 69 62 
65 64 71 91 37 1 57 77 63 42 14 55 14 36 91 3 14 60 21 95 3 59 68 29 49 99 60 41 18 15 53 44 5 73 64 66 12 37 59 92 92 42 92 16 46 70 10 93 68 37 2 15 62 83 16 63 2 72 20 97 
11 86 12 2 66 34 75 64 94 27 21 93 87 43 79 20 22 60 75 25 50 65 34 34 73 86 74 51 96 67 73 11 63 60 24 71 73 63 61 38 79 80 79 14 71 13 29 85 30 87 89 35 75 11 27 92 86 56 36 10 
86 64 74 70 33 12 76 52 83 85 5 6 27 76 72 1 97 56 96 37 43 15 33 28 84 41 27 40 90 66 58 86 58 66 2 84 94 15 85 58 11 93 67 5 18 64 4 19 30 87 36 64 77 5 77 13 20 78 4 28 
35 23 58 22 31 74 84 82 61 6 3 38 69 55 86 11 3 90 85 76 12 54 12 82 80 3 65 49 89 13 82 42 9 86 26 39 23 16 96 70 87 51 79 41 17 33 23 36 1 16 50 7 55 66 94 36 4 49 76 89 
62 85 57 52 63 9 3 83 92 16 1 51 11 60 80 11 78 59 22 22 51 51 11 32 34 60 42 74 97 63 90 56 40 68 28 70 16 93 1 97 13 55 64 32 91 67 70 94 74 34 17 67 98 64 46 28 19 78 7 86 
44 69 18 7 31 53 28 75 71 73 98 10 87 73 60 20 92 76 11 91 86 69 73 20 30 19 37 58 2 19 85 12 39 64 95 49 60 66 25 57 59 87 80 24 95 17 66 43 52 71 12 65 84 30 82 67 46 99 72 64 
