60 20
22 60 95 64 67 92 70 68 61 15 81 93 10 36 33 91 19 79 89 40 13 6 89 61 52 28 69 39 54 33 81 42 10 98 11 38 3 13 93 14 29 93 40 98 14 6 48 72 34 80 25 97 32 35 6 26 40 89 71 25 
44 44 28 52 42 67 98 55 1 52 10 24 47 56 24 80 4 20 97 79 83 57 72 96 83 56 73 26 78 64 1 71 15 90 20 42 5 91 62 44 19 72 12 76 81 74 6 24 62 73 21 49 71 69 75 89 55 82 14 48 
19 86 99 86 37 51 52 78 97 5 7 99 90 19 88 9 89 76 89 7 21 42 35 15 32 33 59 35 58 82 68 25 91 12 9 63 53 99 40 21 57 49 3 24 85 56 83 33 49 82 85 99 63 18 3 45 12 53 77 24 
1 18 64 23 57 90 80 99 17 20 46 93 40 93 38 67 5 59 68 17 44 73 30 18 93 42 38 69 38 66 76 34 47 83 43 86 27 15 85 54 58 5 55 61 46 69 43 74 56 37 29 44 64 90 21 50 99 17 3 44 
40 85 52 18 87 48 68 76 62 93 48 79 95 3 43 36 90 67 88 28 43 16 20 33 58 27 91 38 70 51 96 61 62 31 87 71 81 15 89 4 63 79 24 80 44 48 25 32 86 10 60 9 91 35 46 7 22 98 69 84 
43 22 88 56 14 71 28 17 10 48 65 16 2 86 32 88 25 96 67 41 73 56 15 48 90 7 19 40 67 44 12 2 30 15 16 64 40 9 30 1 85 52 27 16 72 4 46 42 21 46 87 36 59 79 6 67 18 18 5 16 
39 14 40 81 79 24 49 10 3 28 92 28 54 11 54 76 96 33 72 54 81 99 3 86 18 23 96 91 37 95 62 55 67 62 36 93 97 80 52 27 47 96 11 43 39 10 45 72 61 46 93 49 41 20 64 87 13 9 8 46 
18 28 79 16 16 33 9 69 56 29 44 17 92 3 83 64 74 14 88 7 88 30 31 72 3 75 37 67 12 73 31 17 79 89 75 13 82 75 21 54 52 14 45 91 24 60 98 73 74 89 47 84 70 36 17 96 9 41 38 5 
37 32 62 6 49 71 98 9 37 14 48 13 20 81 89 70 93 36 34 79 39 93 41 8 49 49 40 5 43 90 44 27 85 20 75 51 7 70 78 97 22 27 40 45 45 44 10 53 16 64 19 77 12 38 96 91 67 40 90 3 
61 20 81 28 28 99 87 18 28 6 73 94 11 17 30 35 85 2 4 52 8 19 86 92 79 3 11 30 38 61 44 57 52 71 79 81 16 68 34 15 40 43 39 74 49 34 35 71 74 23 64 3 45 25 67 52 83 85 74 77 
49 60 92 7 60 83 1 40 50 11 13 41 86 71 54 73 19 52 13 92 44 70 13 18 76 41 75 99 15 41 96 88 15 86 8 4 56 92 51 2 9 49 44 47 4 86 49 76 4 42 45 73 68 35 90 32 25 29 98 29 
16 32 80 73 64 72 83 43 21 27 88 25 84 19 23 62 51 69 38 67 59 43 48 64 36 85 74 34 35 74 92 60 87 58 73 67 41 3 27 71 3 30 45 17 87 70 50 26 58 98 32 40 69 82 97 61 14 22 9 2 
42 40 50 22 70 87 16 30 46 99 16 86 32 97 18 54 82 86 93 39 65 80 39 16 82 16 90 40 86 73 44 68 98 93 76 83 28 1 61 3 91 14 87 6 32 75 82 47 39 61 24 80 60 3 64 72 32 7 47 23 
19 70 56 18 27 67 21 67 13 8 11 16 46 82 84 14 73 21 21 40 5 78 13 98 14 31 60 14 25 71 64 19 15 1 22 57 98 24 18 67 30 41 20 84 89 44 72 30 82 7 89 7 30 83 48 91 64 98 83 29 
50 50 63 79 1 66 38 37 44 12 50 79 71 16 80 64 44 75 9 99 53 31 83 19 96 26 92 47 44 83 27 71 3 71 56 9 93 72 91 72 12 50 58 46 3 22 61 46 27 25 57 97 26 85 21 95 99 86 14 79 
29 58 87 18 9 41 63 84 7 92 13 41 69 57 67 18 69 34 56 17 55 17 54 58 90 39 25 25 97 18 62 5 4 96 36 34 82 89 36 40 99 27 14 89 55 94 28 28 27 83 87 25 16 29 97 17 90 55 98 52 
32 57 67 54 63 2 66 18 3 6 93 53 78 26 46 80 63 74 25 87 91 45 52 51 78 28 90 57 36 32 60 14 97 97 59 76 31 23 80 63 62 75 35 75 88 19 65 12 2 21 65 94 6 84 4 82 35 56 35 92 
97 30 60 45 29 44 48 30 20 97 77 5 7 76 82 34 45 68 9 28 95 55 9 39 25 9 33 55 92 82 29 93 53 6 27 95 41 78 41 19 70 65 59 31 28 87 38 5 63 16 96 12 86 70 9 14 61 5 99 60 
53 97 51 24 88 7 68 52 47 8 39 13 79 18 42 54 13 59 19 65 19 30 41 44 85 71 77 67 81 38 65 60 28 64 77 61 67 36 90 93 30 59 57 36 4 25 70 87 6 80 35 36 46 2 34 33 98 54 2 55 
34 82 91 60 47 44 76 20 34 67 72 43 53 63 36 51 45 76 26 69 74 24 53 70 81 43 20 18 19 35 64 9 95 8 7 23 27 18 88 57 70 18 22 78 73 97 27 62 20 29 82 37 67 10 63 30 94 6 89 8 
