60 10
46 30 27 17 53 88 97 16 14 35 91 37 84 10 69 58 99 23 55 78 20 75 21 55 12 62 5 23 54 61 64 94 78 97 53 49 42 94 36 88 31 99 31 87 92 96 84 16 4 99 80 53 64 25 70 68 27 44 50 96 
5 83 62 11 8 36 30 37 36 71 53 52 33 3 70 96 21 10 9 38 34 61 23 64 6 33 80 89 18 41 17 53 2 69 38 39 95 22 85 92 60 58 48 47 50 56 41 54 39 68 35 23 5 87 41 64 69 21 54 42 
66 19 99 78 69 45 54 92 27 8 30 46 75 77 74 55 51 32 79 31 52 36 66 50 89 56 46 58 17 5 69 6 39 11 46 7 5 32 61 46 81 86 56 98 8 24 5 90 32 25 60 92 24 34 89 40 79 16 88 84 
52 9 41 35 58 20 86 6 24 8 36 39 36 94 60 9 97 21 93 38 61 51 36 63 73 36 79 45 18 30 32 42 75 65 48 35 74 83 67 10 67 20 59 3 95 46 74 88 71 71 1 40 63 97 24 29 87 28 2 99 
2 73 86 10 6 85 54 53 38 74 3 81 18 11 87 1 97 67 8 86 44 49 72 74 36 93 94 32 7 65 24 17 11 25 98 8 27 79 45 25 83 15 91 27 25 10 25 90 6 33 73 73 12 17 24 51 18 16 66 44 
36 73 99 81 79 98 28 23 34 96 2 88 11 57 33 38 80 10 32 1 42 64 37 36 58 39 94 2 35 14 3 27 75 75 3 86 65 77 35 90 41 98 47 73 91 19 53 93 32 89 64 32 24 17 56 8 59 52 9 91 
59 65 16 47 37 24 80 93 53 97 25 75 53 82 69 89 73 51 37 46 12 5 90 69 77 73 48 25 25 29 82 85 68 44 1 20 76 73 4 26 46 69 30 77 63 30 75 17 43 74 3 72 43 56 24 9 74 98 67 7 
19 59 50 77 50 32 40 23 46 33 35 82 57 22 50 88 22 8 48 17 15 48 19 87 2 3 64 16 9 40 89 29 83 2 98 32 79 26 99 28 29 20 17 5 40 98 3 66 82 70 62 28 94 86 83 66 87 38 70 20 
82 83 95 60 28 35 65 18 31 22 64 81 74 11 45 24 26 40 56 44 91 93 37 59 4 69 42 83 29 15 94 83 23 55 76 19 5 93 48 63 62 99 93 3 1 75 6 20 7 5 96 59 57 80 41 68 48 17 54 30 
55 67 80 79 55 90 48 60 38 76 87 20 30 68 47 72 72 91 42 91 83 47 14 77 77 21 60 41 45 90 13 95 85 40 76 45 95 86 17 90 15 5 15 32 31 67 70 86 36 77 60 1 39 26 60 84 41 38 19 37 
