60 15
84 49 57 79 96 4 66 25 48 80 15 23 83 58 29 30 17 99 65 2 38 5 36 81 58 88 77 42 86 99 38 53 12 9 7 81 23 45 8 47 8 54 16 92 7 12 84 30 7 5 85 80 4 76 99 25 77 91 8 22 
90 75 69 56 63 30 92 77 38 41 18 71 57 65 35 92 10 93 14 70 24 73 51 59 99 60 34 45 50 45 28 98 2 77 47 79 77 85 48 31 78 44 54 11 19 64 12 56 86 98 30 76 40 79 53 17 54 38 72 44 
41 50 39 42 53 17 29 99 19 1 88 71 7 51 14 5 54 35 95 28 45 59 5 10 97 83 51 34 43 70 16 91 62 55 17 43 96 36 62 7 63 95 13 63 29 41 35 94 35 93 37 89 69 69 10 87 29 51 17 40 
73 34 21 12 80 27 61 21 69 43 65 83 37 30 90 67 76 40 20 14 69 56 43 92 76 55 69 12 49 74 21 56 50 65 87 42 37 30 45 19 65 80 66 51 1 88 56 62 64 87 24 25 30 57 59 32 63 97 57 75 
63 19 27 68 49 74 17 11 5 15 13 29 53 90 46 80 96 81 78 99 90 52 7 58 1 23 28 98 89 26 20 1 85 89 29 48 50 59 64 5 52 47 29 16 97 76 61 96 85 54 46 89 83 91 29 64 44 51 44 29 
87 1 10 15 73 1 84 31 18 13 9 23 76 35 87 73 93 75 62 18 82 89 68 53 83 59 87 26 54 72 95 53 29 59 16 75 17 90 24 23 62 55 50 52 72 56 91 97 75 8 30 26 80 16 6 93 47 75 5 61 
77 94 24 23 49 68 75 40 70 19 84 79 18 29 39 46 62 15 48 71 48 85 68 81 26 36 34 71 88 15 52 60 64 93 32 51 50 36 38 25 84 60 93 41 5 13 74 25 44 27 66 72 44 14 81 89 94 18 53 46 
10 58 51 42 31 63 87 9 27 49 74 33 2 10 84 20 53 16 80 97 63 19 80 43 20 45 15 97 27 5 87 98 93 74 91 31 23 38 64 54 28 96 79 64 44 70 1 1 33 59 51 99 79 43 73 61 38 27 83 74 
41 56 14 20 41 96 84 7 35 85 7 15 13 94 99 62 47 47 6 25 15 86 56 41 58 73 45 46 93 58 34 61 26 31 54 74 23 62 82 13 65 62 4 83 72 41 85 34 63 39 34 60 18 57 2 54 26 18 62 91 
81 35 29 42 49 53 62 56 89 55 4 34 84 91 15 93 46 70 19 92 26 70 79 83 82 55 83 86 25 13 10 21 42 58 64 48 91 81 93 8 92 22 20 57 62 96 62 53 90 34 33 11 20 69 12 59 8 9 60 64 
59 76 37 47 68 15 26 51 56 30 5 10 86 84 16 44 21 29 90 4 45 44 78 63 40 8 43 39 80 57 52 64 17 5 5 36 86 33 60 32 30 59 75 42 40 74 58 78 63 65 94 55 4 92 12 44 34 85 68 57 
42 75 39 97 62 61 67 86 55 14 95 21 66 8 18 81 92 56 54 27 71 58 71 68 35 97 49 64 69 3 11 93 31 98 30 24 32 8 74 55 76 83 54 40 22 82 91 88 98 14 22 13 2 13 83 79 48 40 80 63 
59 40 90 61 23 52 54 71 19 28 31 73 17 63 43 31 2 84 37 65 88 27 71 69 51 64 81 14 64 39 16 50 64 46 84 52 92 74 77 21 79 1 38 49 68 88 81 44 1 59 24 31 4 8 48 82 54 95 6 72 
53 31 76 78 19 45 12 63 54 24 85 1 11 43 14 63 58 76 57 79 42 38 98 88 21 93 82 90 27 64 40 87 87 12 60 55 2 77 20 6 50 28 48 13 89 15 8 19 62 57 21 60 14 3 50 45 8 29 40 95 
7 96 96 62 27 15 90 50 4 45 95 91 24 62 63 47 80 67 62 50 1 50 66 32 94 63 80 80 10 75 24 86 7 21 69 38 76 49 99 47 66 56 47 30 1 41 5 75 83 20 36 64 50 92 34 34 83 51 83 1 
