60 20
29 71 47 77 25 90 79 47 42 71 78 1 55 56 70 72 34 84 9 73 6 60 38 64 26 17 66 25 47 94 32 18 88 1 76 62 2 81 8 2 43 93 71 70 41 67 19 65 65 80 78 10 91 25 22 31 79 74 32 18 
97 82 39 4 49 49 59 65 90 71 33 39 89 71 22 44 63 48 16 96 31 22 70 55 49 78 56 66 62 9 1 7 41 59 30 26 29 70 17 90 87 22 20 30 35 78 31 79 97 30 17 21 43 38 63 31 36 78 19 22 
85 91 67 46 1 81 92 38 42 27 98 71 39 62 45 9 88 8 21 8 73 87 59 38 83 48 59 2 32 77 5 54 75 24 79 16 33 16 90 99 3 76 84 25 83 49 65 34 91 10 16 18 79 89 15 28 56 92 56 98 
49 79 52 57 29 62 91 63 44 38 18 87 29 96 76 11 61 56 49 85 51 53 48 30 36 37 11 24 76 66 92 3 47 1 62 49 32 92 92 86 19 87 58 75 91 9 26 6 23 59 49 88 71 12 64 55 72 99 80 45 
63 57 38 5 94 99 15 34 32 10 82 41 18 26 73 58 92 16 6 83 69 50 54 49 1 66 17 91 45 40 80 18 41 53 98 76 68 62 50 26 25 70 14 2 88 88 37 87 89 14 1 81 80 89 92 67 1 80 73 82 
13 82 83 50 65 65 90 86 41 18 28 44 46 58 16 65 98 63 4 19 65 9 14 49 12 13 88 14 41 84 29 31 40 64 44 23 24 66 89 58 76 26 15 99 96 40 7 40 44 12 29 54 78 98 73 39 4 47 95 57 
23 94 71 98 53 49 9 23 66 36 23 50 28 95 83 87 42 55 12 81 74 40 97 43 69 98 21 65 70 21 65 37 35 53 44 66 58 20 13 1 88 42 91 39 45 56 81 57 42 30 85 24 2 87 26 19 74 20 64 53 
3 4 80 23 97 39 70 91 2 73 85 71 52 55 39 83 93 51 4 63 70 40 96 55 22 7 78 10 79 35 44 69 52 5 21 69 29 79 56 29 67 6 16 44 88 5 75 84 72 65 16 83 48 39 15 33 91 34 44 79 
22 54 37 6 53 50 76 89 19 51 48 31 86 8 70 95 63 66 29 23 58 30 52 1 59 36 77 29 98 17 21 92 17 73 46 25 40 42 31 83 43 65 38 13 19 59 84 15 49 79 8 19 70 95 37 51 46 55 61 99 
53 35 12 75 3 85 88 37 71 28 31 21 28 77 98 55 28 9 6 50 60 5 74 43 87 94 71 43 93 2 57 72 24 83 24 12 32 80 44 46 20 56 14 3 85 41 92 1 63 76 51 92 71 61 16 8 52 90 6 94 
25 47 91 73 18 29 68 80 57 40 93 93 35 28 49 73 80 44 19 94 83 68 4 68 12 23 41 61 28 96 23 12 9 56 18 47 67 73 86 9 66 36 1 66 42 73 62 34 19 69 25 96 32 85 9 22 41 77 21 82 
20 26 94 16 29 56 45 78 62 2 33 59 14 58 65 71 81 58 50 15 51 62 80 60 2 55 39 54 89 38 80 2 46 24 37 70 70 28 2 73 27 65 28 74 34 42 24 72 58 51 41 1 12 63 73 17 44 23 49 1 
82 85 49 46 32 80 20 41 66 97 82 76 74 54 44 12 45 45 92 23 33 14 67 61 30 18 29 33 33 1 27 60 13 57 70 55 79 7 90 83 57 57 20 38 50 75 50 6 8 59 9 33 1 3 23 3 83 62 92 92 
88 72 96 80 2 91 40 49 94 83 21 11 68 14 70 97 21 40 35 5 84 54 20 31 71 27 31 29 18 52 22 45 30 88 34 63 21 7 42 48 64 27 1 90 28 72 80 52 25 2 20 5 54 62 66 78 46 29 17 5 
78 12 41 19 17 87 81 14 62 59 96 47 5 57 66 26 98 65 47 69 79 44 85 32 85 47 39 19 71 37 93 8 34 10 81 65 25 10 5 69 72 50 49 23 98 29 2 75 39 51 77 40 63 46 28 18 90 86 69 8 
9 69 47 76 96 15 77 48 10 39 36 99 66 82 53 97 5 63 22 85 71 71 91 74 21 64 66 38 2 55 92 6 57 11 57 56 16 47 76 12 83 18 97 33 42 11 84 10 39 43 15 58 81 52 75 12 33 90 54 16 
61 76 19 5 78 94 13 22 95 22 83 70 48 23 66 2 61 51 12 40 8 20 62 51 87 68 15 15 86 29 90 86 55 1 5 75 67 16 37 3 97 7 96 78 83 77 93 67 98 68 6 58 19 33 50 29 93 95 49 23 
16 88 70 5 79 17 11 40 62 99 41 32 34 66 59 90 86 93 60 94 78 47 76 32 75 25 21 48 99 4 35 85 69 79 26 31 45 13 16 56 71 75 82 64 21 86 6 32 39 65 9 52 87 67 2 81 88 33 29 79 
5 58 94 54 22 9 95 8 92 15 81 78 61 48 1 89 84 13 72 4 51 60 7 40 95 9 22 94 24 58 64 56 27 18 25 29 3 17 60 48 70 25 11 98 96 74 21 38 6 75 54 10 7 35 14 65 4 78 63 81 
40 46 10 94 71 28 5 99 70 19 57 74 53 8 52 6 94 28 31 70 24 51 82 34 17 81 39 40 86 50 74 3 84 8 87 8 86 19 6 98 93 54 73 73 17 88 48 78 81 90 92 3 14 15 69 70 35 4 35 34 
