60 10
61 66 13 24 76 58 85 64 35 78 33 17 47 11 20 92 21 51 55 68 69 77 2 43 83 34 74 23 97 65 14 29 29 64 47 52 2 65 25 27 50 59 41 43 7 46 36 82 66 13 74 94 37 48 18 95 69 84 61 8 
4 84 29 39 89 11 25 80 88 32 5 99 14 67 15 70 27 93 43 88 27 53 89 31 47 30 37 79 57 63 38 95 78 37 99 58 94 11 79 49 76 16 85 98 14 2 84 93 42 42 11 27 91 96 92 20 34 31 71 89 
29 52 48 33 70 41 1 94 96 8 7 75 72 67 96 54 48 28 58 9 18 45 90 39 5 67 75 73 80 51 89 49 16 63 45 88 58 65 59 35 51 75 59 95 69 14 19 41 97 31 16 3 40 13 37 48 51 70 3 28 
95 95 10 27 81 12 88 73 18 71 28 44 75 58 36 35 39 53 9 71 85 17 57 19 26 92 2 10 90 1 14 71 85 46 24 56 92 34 73 90 32 86 32 16 84 69 70 46 57 26 86 26 23 9 85 98 97 33 25 74 
42 14 35 97 90 17 84 94 55 75 16 33 31 70 98 13 85 15 28 27 66 1 98 35 75 66 46 80 43 97 78 33 62 67 87 61 26 97 43 42 24 55 60 94 41 83 59 52 20 58 1 58 19 78 98 3 39 89 24 77 
91 61 20 70 70 61 81 26 6 32 24 6 72 79 88 93 52 68 89 99 42 22 48 63 65 78 35 19 89 9 15 8 55 87 3 58 8 17 22 10 33 15 72 6 2 48 1 31 23 36 82 14 98 97 4 81 87 59 52 69 
58 91 91 1 41 83 89 72 49 15 26 11 88 60 96 99 57 83 13 61 77 47 76 75 61 5 90 91 11 74 86 14 39 93 5 74 36 54 85 82 55 20 3 58 35 25 28 47 56 51 22 14 19 93 60 18 65 95 89 74 
22 43 99 10 76 74 93 18 75 99 81 25 6 83 57 96 89 63 78 97 53 5 38 26 55 62 98 47 74 41 75 43 40 74 82 58 37 1 27 60 53 47 69 1 87 23 30 84 17 15 63 48 17 92 74 37 37 17 7 97 
71 59 25 85 79 42 63 70 61 54 11 6 6 69 20 76 82 88 69 17 96 3 27 81 23 99 7 27 22 90 95 37 43 74 74 75 97 29 8 71 25 39 20 30 30 50 58 86 13 55 26 77 63 15 4 53 57 9 54 18 
92 48 2 12 92 69 66 80 60 48 24 90 29 15 73 28 61 11 53 38 26 25 95 20 75 94 84 81 28 64 13 42 63 91 58 7 15 17 56 77 78 91 80 35 21 52 33 72 92 59 36 83 55 92 37 10 9 95 12 42 
