60 15
91 95 65 85 92 82 19 98 11 81 11 62 73 58 80 58 56 55 21 35 33 13 36 92 25 36 74 26 16 51 54 42 99 60 31 33 64 17 52 47 42 55 2 24 68 58 43 56 41 49 9 7 65 28 78 6 20 8 68 79 
49 32 71 36 35 69 3 49 39 12 22 36 15 4 67 64 55 66 86 88 36 29 72 72 90 7 85 83 76 82 60 73 26 63 63 83 71 25 43 49 94 57 8 72 47 72 4 96 27 43 89 11 25 84 30 54 68 95 44 1 
62 86 87 54 66 9 45 22 8 24 52 18 39 10 28 98 8 11 44 81 85 89 52 96 80 17 15 17 12 89 81 15 72 36 82 60 5 22 52 71 68 94 99 60 74 27 86 51 12 25 77 62 95 29 76 73 17 29 65 21 
19 77 85 41 37 35 33 36 72 54 78 61 77 53 35 72 1 56 9 82 4 52 74 25 70 17 18 61 46 1 18 68 98 91 38 1 58 89 36 18 6 59 33 5 6 54 96 38 93 18 12 84 85 7 60 6 50 1 31 33 
6 5 50 21 51 16 55 22 57 31 75 73 25 29 53 7 91 36 36 66 2 56 69 38 27 54 69 64 66 41 39 20 82 42 57 10 49 32 79 14 10 61 4 2 72 18 5 78 96 95 33 48 46 73 41 92 12 98 78 8 
81 6 53 62 41 90 59 71 91 71 95 71 39 23 86 44 84 13 48 40 55 1 42 53 14 39 60 50 72 4 84 50 80 92 90 68 65 87 90 57 24 70 34 19 17 14 19 65 2 14 73 58 9 32 9 42 47 43 66 63 
53 20 17 99 56 82 98 79 46 82 26 48 56 88 75 24 54 91 80 37 28 18 91 39 47 39 86 19 86 18 43 52 92 31 40 72 97 70 53 44 41 20 44 67 40 39 90 54 14 22 74 52 70 1 42 7 93 12 9 80 
41 8 33 34 70 21 92 18 94 60 75 3 26 46 34 86 39 34 35 97 19 18 85 51 64 18 74 80 44 20 59 93 72 46 64 84 67 80 63 97 78 76 58 21 23 24 90 61 53 57 40 33 44 18 85 52 89 14 59 16 
5 20 39 77 99 46 96 45 39 4 3 15 59 92 58 7 86 23 44 22 74 3 76 2 61 46 46 21 68 8 91 53 47 3 12 58 43 76 10 71 37 20 29 20 76 51 35 74 24 6 28 19 63 13 13 97 53 48 51 67 
80 10 29 63 50 46 39 57 61 47 53 66 21 71 2 2 74 80 31 53 80 66 53 20 35 54 90 23 42 70 4 47 77 26 90 3 89 39 90 31 33 91 4 84 27 22 54 45 94 62 23 79 8 96 41 25 60 99 16 74 
80 30 24 98 90 5 44 55 15 27 66 5 41 15 80 70 70 60 83 50 27 77 21 65 98 3 51 51 43 80 28 20 20 44 21 51 37 57 41 58 34 11 33 43 33 64 41 59 24 70 83 15 75 53 69 2 76 5 51 36 
74 27 31 37 28 19 69 39 64 3 13 96 6 8 33 34 43 39 64 73 67 28 35 21 27 99 85 16 97 98 77 45 6 32 22 39 29 35 96 12 55 49 19 22 1 72 92 40 87 33 62 70 51 85 25 66 28 34 91 19 
1 18 67 41 85 52 27 71 4 71 79 91 65 55 30 49 30 65 54 77 29 40 6 55 28 91 37 50 89 85 69 88 33 40 83 56 44 67 10 4 49 54 39 33 60 54 93 74 86 21 19 83 17 34 82 28 63 78 4 29 
69 19 57 52 51 94 16 69 48 73 81 16 59 68 77 52 88 60 51 33 5 73 62 90 32 27 46 42 64 36 23 24 8 55 99 50 83 6 82 61 48 27 91 92 15 29 65 82 85 56 69 10 24 79 66 30 29 70 7 25 
14 2 57 14 84 2 24 38 69 71 95 71 88 50 11 86 88 54 57 49 49 81 23 36 88 75 69 79 63 18 90 41 6 82 67 31 71 54 37 25 73 94 45 35 19 27 31 51 5 40 75 46 8 66 13 21 80 67 78 32 
