60 15
94 20 29 48 12 24 88 73 50 90 21 59 38 22 19 15 97 14 14 20 27 82 6 92 96 91 2 52 93 92 53 81 88 99 37 54 99 72 8 83 80 77 19 90 62 35 99 18 24 4 29 22 65 25 38 33 12 53 38 57 
91 23 6 34 55 41 47 97 65 66 80 21 59 41 96 28 14 21 55 46 12 39 52 37 75 85 8 66 59 22 83 25 18 6 61 35 96 24 38 68 28 27 21 80 96 23 37 47 37 78 79 31 72 37 56 32 78 43 16 4 
87 46 30 78 86 16 93 31 59 87 97 50 10 26 22 70 74 11 6 12 53 20 23 21 55 57 61 38 30 96 33 22 2 79 95 51 16 3 60 57 54 67 12 89 11 94 67 93 2 8 50 61 61 47 58 94 58 78 48 70 
19 97 61 73 27 77 26 60 79 30 89 29 75 5 65 66 15 28 90 89 50 39 52 59 13 75 28 83 95 94 17 51 11 35 81 67 30 39 60 73 92 89 6 64 50 41 54 49 54 43 37 13 25 79 88 69 59 83 17 22 
80 55 88 7 56 29 21 92 88 64 66 26 43 9 24 11 21 16 83 13 59 5 86 60 92 99 72 19 17 51 19 32 64 43 59 40 84 10 98 36 93 36 4 17 21 10 11 38 91 40 84 72 3 76 34 43 85 79 44 79 
50 18 15 75 62 15 65 97 5 78 51 64 30 11 1 27 93 86 85 8 80 42 96 97 10 22 26 13 69 18 52 58 85 21 22 32 49 61 70 67 40 18 32 83 14 24 34 16 65 86 66 24 65 10 74 9 36 89 20 86 
73 21 87 6 29 89 17 44 95 2 70 7 7 81 85 16 63 10 9 86 76 7 2 54 42 47 96 25 9 92 36 45 14 14 22 82 84 44 50 78 36 95 96 94 13 19 6 66 54 85 81 57 86 41 73 42 64 35 30 94 
26 84 57 9 22 21 99 53 16 53 43 45 30 3 72 97 54 11 93 75 46 28 85 33 30 95 71 11 38 56 53 1 89 71 24 17 7 58 69 42 9 63 8 31 27 16 29 92 48 63 46 81 66 64 66 74 93 80 20 8 
80 41 66 57 32 61 70 19 32 93 9 74 13 61 39 80 50 67 21 78 9 78 96 59 53 20 88 97 95 30 79 25 19 79 48 54 92 43 54 54 58 57 14 31 67 40 3 89 90 35 69 60 35 95 64 21 30 47 5 53 
38 94 84 15 64 26 45 82 61 72 71 38 1 11 5 14 33 7 78 65 73 58 4 65 89 95 82 47 31 14 13 78 68 69 64 36 50 74 25 71 72 42 66 7 40 86 71 13 59 83 17 29 73 32 16 50 65 86 45 92 
41 39 14 83 27 29 78 37 92 96 98 42 3 51 92 49 87 81 90 4 76 28 96 61 3 23 8 56 35 32 52 62 66 95 93 61 45 25 14 92 55 18 55 39 57 97 5 2 58 80 26 36 72 40 99 79 86 7 16 74 
62 93 10 81 94 52 80 83 61 17 18 33 19 88 48 27 82 27 63 76 63 91 2 12 37 11 60 39 80 4 89 19 36 17 37 90 80 46 38 82 7 40 70 70 61 20 23 59 76 67 48 35 8 48 81 89 47 82 71 5 
15 37 46 92 80 19 32 97 42 20 87 12 89 49 54 78 87 15 42 75 84 11 98 30 1 72 66 29 40 13 28 83 32 93 10 17 12 40 17 55 72 72 90 64 63 15 32 61 10 26 29 75 88 35 68 62 77 1 36 72 
73 71 81 23 24 26 25 43 71 48 14 99 24 70 40 75 59 47 92 38 44 74 41 77 99 63 93 67 46 49 47 56 58 17 15 71 14 54 86 83 22 81 53 50 59 10 4 61 50 26 77 36 69 14 33 47 59 54 64 77 
53 46 74 9 28 6 62 64 45 81 89 63 59 33 54 70 83 11 75 21 53 88 39 20 46 12 98 21 73 93 96 34 52 89 99 16 20 35 54 13 65 31 12 93 77 6 79 68 42 92 85 80 28 91 84 43 50 24 21 22 
