60 20
48 41 99 40 82 39 33 13 26 48 1 99 8 89 96 27 31 69 36 6 72 77 51 25 69 75 85 46 20 94 87 93 69 31 2 53 11 32 67 63 76 97 6 7 30 71 21 10 60 33 88 31 79 92 51 55 9 86 13 93 
48 20 35 49 1 75 68 81 37 77 95 12 85 38 18 38 57 4 49 75 13 29 87 30 32 38 85 65 81 99 18 73 84 94 48 38 89 81 2 10 40 67 32 71 40 78 86 9 26 26 81 75 34 74 67 65 69 15 95 81 
68 18 78 77 43 35 67 32 55 49 54 61 78 75 13 52 96 7 94 91 42 61 74 15 41 25 93 44 60 94 2 37 46 22 4 26 69 59 99 65 73 98 33 75 11 21 31 83 94 37 49 67 35 31 17 4 89 6 77 7 
87 51 41 68 19 14 14 19 53 26 9 81 16 28 92 8 68 64 23 61 22 97 70 35 61 29 38 68 59 17 74 67 98 95 99 25 88 94 19 37 85 56 42 20 11 53 7 36 68 13 89 5 65 30 32 26 30 86 54 95 
83 81 55 4 84 79 89 14 23 45 18 76 73 56 61 74 77 98 8 40 41 52 2 53 23 90 43 30 35 74 75 21 31 41 86 1 2 3 95 67 68 39 49 29 78 87 17 4 95 43 84 10 99 47 43 61 71 84 91 60 
89 59 18 40 9 16 46 32 62 60 82 96 32 25 96 29 40 63 81 82 22 21 30 35 90 1 95 59 8 35 66 90 55 53 31 92 97 51 48 34 55 56 19 47 73 4 49 7 87 96 21 91 95 79 64 54 25 10 22 93 
17 92 34 82 61 57 87 80 35 47 5 97 98 4 33 48 23 74 52 26 31 62 20 53 50 66 14 20 45 29 75 28 71 74 57 37 13 59 60 8 26 8 84 45 86 64 67 40 32 32 30 18 4 16 22 78 92 71 61 39 
60 76 22 73 1 87 45 24 97 82 19 10 20 57 1 48 92 52 14 63 18 80 67 6 91 38 73 75 24 29 70 34 54 79 32 30 77 62 98 11 55 9 85 47 37 32 6 51 81 45 92 89 71 76 10 10 35 95 78 54 
82 17 10 14 45 23 35 29 44 38 87 43 87 23 68 76 72 82 15 93 71 63 88 97 33 47 70 21 72 42 58 21 64 77 53 74 39 98 60 67 73 62 80 96 88 23 1 55 38 36 91 30 8 46 2 95 6 80 46 8 
23 3 59 34 72 77 79 25 85 44 22 23 45 64 86 45 63 29 40 27 50 31 76 87 79 36 91 3 60 48 50 71 5 77 55 85 97 12 15 95 63 85 12 84 37 46 75 32 31 23 44 86 6 1 40 32 36 79 35 57 
12 8 54 22 67 8 10 27 87 31 50 68 71 81 13 85 59 23 49 6 75 31 68 86 71 31 78 58 73 45 32 71 23 35 70 35 20 46 65 65 70 50 65 27 27 89 38 75 32 21 13 5 63 61 28 89 79 28 69 26 
2 95 63 60 63 85 73 8 26 23 14 57 79 39 25 85 19 86 14 2 65 59 66 64 79 11 76 4 87 77 56 37 94 88 57 88 5 92 90 11 41 73 46 97 62 67 9 9 83 84 77 83 94 26 85 65 77 4 20 14 
84 73 2 79 7 94 41 92 21 4 3 60 66 71 32 34 14 76 97 26 54 11 84 99 92 63 93 70 46 20 29 93 33 54 96 60 67 24 93 91 53 61 7 30 82 70 1 38 20 17 19 85 6 26 68 50 43 72 24 4 
22 29 86 25 65 95 1 83 17 82 3 73 45 14 23 83 58 84 16 5 71 26 26 2 79 77 61 79 19 51 58 52 43 6 51 12 85 10 43 97 35 14 72 65 97 21 82 54 70 50 89 57 8 9 53 88 90 61 44 54 
99 82 48 56 48 8 53 63 35 21 88 18 10 78 61 44 17 82 91 82 42 23 64 31 54 19 67 95 48 68 40 24 89 86 13 60 59 52 50 79 97 50 3 37 44 18 38 11 86 84 97 45 1 18 30 93 96 68 41 61 
89 91 97 71 26 4 49 19 72 35 28 97 99 19 31 25 58 11 42 97 98 4 53 13 84 53 83 85 17 89 94 66 49 39 13 63 9 44 46 58 16 80 3 24 96 76 12 49 11 31 40 49 64 33 12 90 28 81 27 8 
49 83 5 47 67 87 51 29 58 9 6 47 98 57 19 79 60 49 81 3 3 1 21 94 68 20 93 20 77 4 79 30 18 30 76 53 43 50 89 87 63 85 32 99 40 19 13 12 79 88 35 3 28 82 84 94 62 33 29 51 
7 22 32 55 56 12 10 39 27 18 16 31 86 1 35 71 79 53 60 19 90 64 64 14 21 91 66 46 51 28 1 28 11 70 87 61 51 92 98 5 10 7 28 44 79 38 61 61 79 90 44 99 23 19 48 39 83 91 43 59 
38 64 51 32 27 77 74 21 28 49 97 85 10 41 21 47 17 66 93 92 15 27 56 29 30 63 84 17 96 97 32 21 97 73 73 52 14 2 51 11 61 8 19 29 37 69 80 17 65 64 40 6 41 13 40 91 67 22 12 78 
93 93 76 85 67 8 97 92 49 30 26 24 34 45 66 95 94 81 65 80 2 33 20 23 38 75 5 57 23 83 86 30 25 54 45 18 86 21 86 41 40 75 72 90 24 84 27 41 6 10 65 71 1 26 5 81 86 42 89 15 
