60 15
50 68 15 23 75 38 38 67 88 75 75 49 3 90 53 43 44 56 53 64 69 28 98 66 36 2 71 44 26 38 5 95 71 64 64 44 19 7 21 29 37 44 77 1 53 57 3 90 75 32 89 45 32 43 28 23 39 8 72 23 
57 51 15 53 15 96 57 60 74 85 45 81 94 83 57 72 45 83 97 12 27 62 98 60 50 9 21 9 6 33 57 66 92 85 61 22 1 39 45 44 55 33 45 25 54 64 29 81 81 78 99 68 73 9 18 55 48 46 47 85 
42 94 72 21 37 23 98 47 42 64 34 78 14 39 3 98 16 13 13 64 74 25 77 23 10 71 35 77 55 67 57 95 67 72 92 81 77 53 91 80 62 2 10 67 17 52 78 48 58 56 94 73 5 5 76 44 96 13 67 56 
75 85 95 47 78 50 7 68 52 58 79 32 68 40 13 93 46 72 14 93 12 87 57 72 57 14 94 97 1 79 45 9 14 71 26 1 83 10 32 21 20 6 54 54 16 88 92 4 52 44 21 95 63 79 94 83 27 13 15 11 
33 89 6 92 51 51 39 32 12 63 43 6 3 56 9 54 48 7 54 14 7 19 94 34 3 59 32 41 89 20 59 70 41 10 1 46 18 11 26 86 53 32 25 55 45 55 17 90 69 70 38 90 34 16 31 29 46 89 17 17 
16 21 96 36 4 11 17 82 65 77 64 56 70 17 78 18 8 37 8 65 72 70 40 99 73 48 34 78 72 29 16 51 84 65 54 99 27 69 34 26 81 16 89 60 99 69 56 86 79 49 61 94 86 63 64 23 7 60 15 42 
17 70 35 29 39 27 30 14 60 67 66 75 54 34 12 7 77 12 33 38 71 33 58 42 41 94 25 81 98 92 82 65 59 31 74 36 6 52 20 94 71 85 57 13 12 30 41 40 61 3 76 59 89 28 55 67 13 44 25 87 
29 9 20 80 70 78 32 5 80 22 84 60 92 56 81 8 92 86 96 20 96 69 21 19 52 54 7 6 32 29 38 82 76 3 52 59 13 17 94 86 48 57 68 65 14 4 24 23 18 53 6 63 21 94 27 18 57 21 62 58 
43 42 90 55 11 1 83 60 46 4 53 47 33 37 19 19 27 13 92 78 23 30 54 34 94 98 47 12 41 97 74 70 44 42 85 80 28 43 64 4 65 12 79 91 82 38 60 94 41 41 89 32 21 64 41 80 16 77 99 80 
7 77 4 17 41 58 37 21 9 92 59 47 57 74 95 95 68 15 14 71 49 19 82 88 37 40 55 63 87 76 15 72 74 85 78 67 31 22 41 73 4 43 2 1 8 30 13 65 81 7 39 83 14 76 14 90 66 88 34 4 
21 68 92 85 5 6 44 77 62 33 34 55 74 89 5 66 15 57 56 50 85 74 57 35 71 56 40 87 54 91 71 83 60 46 47 68 29 98 39 13 41 88 19 82 26 47 23 86 40 45 34 68 2 70 93 47 4 36 68 34 
97 40 65 16 61 97 38 99 48 52 36 28 79 47 79 95 99 42 16 96 36 59 84 79 51 8 72 29 94 48 48 17 15 48 90 10 9 41 50 50 4 99 9 23 8 62 19 90 74 5 57 59 51 31 97 90 34 10 8 1 
26 55 13 34 68 46 39 79 88 43 79 63 21 40 90 19 91 44 53 70 56 81 45 70 40 19 75 15 12 52 14 43 55 75 84 15 13 49 37 19 18 41 85 72 37 65 94 98 95 1 53 1 56 22 52 63 57 84 72 59 
16 12 9 53 97 91 43 37 20 20 72 44 95 63 10 15 49 22 92 98 36 54 41 92 75 20 98 96 56 77 56 36 22 98 26 29 21 73 42 75 95 14 77 10 35 9 21 51 24 51 46 17 58 60 71 5 2 76 89 62 
30 98 48 48 90 52 56 83 33 88 70 98 26 44 31 70 76 56 26 19 76 10 25 57 18 89 49 62 2 4 24 70 81 76 51 73 14 1 5 80 14 25 43 38 27 96 74 59 75 91 39 87 36 10 84 88 56 6 42 67 
